2 2
2 0 2 0 
25
    1     1 
  258   496 
  129   124 
    1     1 
    1 0     1 0 
  258   496 
   -5 -12    -5 -12 
  -17 12   -17 12 
  -17 12   -17 12 
  -17 12   -17 12 
    6     8 
    0     0 
    0     0 
    0     0 

    1     1 
   -1    -1 
    1    -1 
    1    -1 

   -1    -1 
    0     0 
   -1     1 
    3     2 
    3     4 
   -1     1 
    2     4 
    4    -8 
    8    10 
   -9     2 
    5     2 
   12    -2 
    8    -8 
    2     4 
   -8    -6 
  -10    -6 
   10    12 
   -8     2 
   -7    -8 
  -11     4 
    2    -4 
   -4    -8 
    8     2 
  -13    14 
   -7    -2 
