3 3
3 0 3 0 
25
    1    -1    -1 
  648  2970   280 
  108   135   140 
    1     1     1 
    1 0     1 0     1 0 
  648  2970   280 
    77 0     -19 0     77 0 
    77 0     -19 0     77 0 
    77 0     -19 0     77 0 
    77 0     -19 0     77 0 
    5    10     1 
    0    -1    -1 
    0     0     0 
    0     0     0 

    1     1     1 
    1    -1    -1 
    1     1    -1 
   -1    -1     1 

   -1    -1    -1 
    0     0     0 
   -1    -1     1 
    1     1    -1 
    2     3     2 
    2     3     2 
    4     0     0 
    2    -8    -2 
    8    -4     4 
    0     4    -4 
    6    -2     2 
  -10    -2     2 
    4   -11     4 
    4    11    -4 
   -6    -1    -6 
    2    -1    -6 
   -2    -8    -2 
    6    -8    -2 
  -12     1    -4 
    4    -1     4 
   10     7    -2 
   10     7    -2 
  -10    -7     2 
    6    -7     2 
   14   -13   -18 
