2 0
2 0 0 0 
25
   -1     1 
  480   260 
  120   130 
    1     1 
    1 0     1 0 
  480   260 
    -7 -2     -52 -7 
    -9 2     -59 7 
    -9 2     -59 7 
    -9 2     -59 7 
    2     1 
    0     0 
    0     0 
    0     0 

   -1     1 
    1     1 
    1     1 
   -1    -1 

   -1     0 
    0     0 
   -1    -1 
    0     1 
   -1    -1 
    1     1 
    4     2 
    2     2 
   -8    -3 
    0     8 
    6     8 
  -10     5 
   12    -3 
  -12     4 
    6   -13 
    6    -8 
  -14    11 
   -2     0 
   12     4 
   -4     5 
   10   -13 
  -14     0 
  -10    -2 
  -10     8 
    2    -8 
