2 0
2 0 0 0 
25
   -1     1 
 1792   816 
  128   136 
    1     1 
    1 0     1 0 
 1792   816 
    103 0     103 0 
    0 1     0 1 
    24 -24     24 -24 
    7 0     7 0 
    6     1 
    0     0 
    0     0 
    0     0 

   -1     1 
   -1    -1 
    1    -1 
    1    -1 
    1     1 

    0     0 
    1     1 
   -1     1 
   -1     1 
    2     2 
   -1    -1 
   -4    -4 
   -6    -2 
    4     0 
    4     8 
   -6     6 
   -6    -6 
    4     4 
   -4    -8 
   -2    -6 
    6    -2 
   -6     6 
   10    -6 
    4     4 
   -4    12 
   10   -10 
   -6     6 
    2   -14 
  -14   -18 
   -6   -14 
