2 0
2 0 0 0 
25
   -1    -1 
  864  1344 
  108   112 
    1     1 
    1 0     1 0 
  864  1344 
   29 2    29 2 
   31 -2    31 -2 
   31 -2    31 -2 
   31 -2    31 -2 
    3    22 
    0     0 
    0     0 
    0     0 

    1     1 
    1    -1 
   -1    -1 
   -1     1 

    0     1 
   -1    -1 
    0     0 
    0     0 
    0     2 
    1    -1 
    2     0 
    0    -2 
   -7     8 
   -4    -8 
    0    -2 
   -3     6 
   -1    -4 
    2     4 
   -3   -14 
    6    10 
    5    14 
    8    -2 
    2   -12 
    5   -12 
   -7    10 
   14    -6 
  -10     2 
    8    10 
   14    10 
