9 0
9 0 0 0 
25
    1    -1    -1    -1    -1     1    -1    -1     1 
  928  5280   928  1890  1920   800   896   750  1792 
  116   120   116   135   120   100   112   125   112 
    1     1     1     1     1     1     1     1     1 
    1 0     1 0     1 0     1 0     1 0     1 0     1 0     1 0     1 0 
  928  5280   928  1890  1920   800   896   750  1792 
 -257 30  -257 30  -257 30  -257 30  -257 30  -257 30  -257 30  -257 30  -257 30 
    0 1     0 1     0 1     0 1     0 1     0 1     0 1     0 1     0 1 
  150 60   150 60   150 60   150 60   150 60   150 60   150 60   150 60   150 60 
    7 0     7 0     7 0     7 0     7 0     7 0     7 0     7 0     7 0 
   13    73     9     8    22     1    19     2    12 
    0     0     0     0     0    -1     0     0     0 
    0     0     0     0     0     0     0     0     0 
    0     0     0     0     0     0     0     0     0 

    1     1     1     1     1     1    -1    -1    -1 
   -1    -1    -1    -1    -1    -1     1    -1    -1 
    1     1    -1    -1    -1    -1     1     1     1 
    1     1     1    -1    -1    -1    -1     1    -1 
    1    -1     1    -1    -1     1     1     1     1 

   -1    -1    -1    -1    -1    -1     1     1     1 
    1     1     1     1     1     1    -1     1     1 
   -1    -1     1     1     1     1    -1    -1    -1 
   -1    -1    -1     1     1     1     1    -1     1 
    0     0     0     0     0     0     0     0     0 
    2     3     3     2     2     2     2     2     2 
    2    -2    -2    -3     2     2     2    -1    -4 
    0    -3     3     3    -2     8     4     3    -2 
    6    -5     9     0     0   -10     2     0     8 
    2    -5    -1     5     0    10     2    -7     8 
    8     0    -8    -5   -10     0     0     5     6 
    0     0   -12    -5     0     0   -12     3    -6 
    4    -4    12    -4    -4    -4    -8     4     4 
    4    -1     7   -11     4     4    -4     1    -4 
   -2    -9    -3     1    -4     6     6     1    -6 
    2    -6    -2    -6    -6    -6     2   -10   -10 
   10    10    -2    -5   -10    10    -2   -11    10 
   -2    10   -10    15   -10   -10   -10     7     2 
    8     8    -8     3   -12     8    -8    -1     4 
   16   -13    -3     7     2    -8    -4   -11     8 
   -8     4     8    -4     6    16     0    16     6 
   16     4     4    -4    -4    16     4     4   -14 
   -4    -2   -10    -8   -18    12    12     8   -18 
  -12    13    -1    12     2    12   -16     0   -10 
    6     2     6   -13     2    22    10    -3    10 
