3 5
3 0 5 0 
25
    1    -1    -1 
 1160  3080   256 
  116   140   128 
    1     1     1 
    1 0     1 0     1 0 
 1160  3080   256 
  163 -20   163 -20   163 -20 
    0 1     0 1     0 1 
 -102 -38  -102 -38  -102 -38 
    7 0     7 0     7 0 
   13     1    29 
    0     0     0 
    0     0     0 
    0     0     0 

    1     1    -1 
    1    -1     1 
    1    -1     1 
   -1     1    -1 

   -1    -1     1 
   -1     1    -1 
    0     0     0 
    0     2     0 
    2     0     4 
    0     0     0 
   -4    -4     4 
    0    -4    -6 
    4   -10    -4 
    4    10    -4 
    2    10    -8 
   -8     2     2 
    4     0     4 
    4    -4     4 
   -4     6    -4 
  -12     6   -12 
    4     0   -10 
   12     6    -6 
   -4     8    -4 
  -12   -12    12 
    2    -8    16 
   -8    12    14 
   -8     6   -10 
  -10    -2    -8 
    6   -18    -6 
