9 0
9 0 0 0 
25
   -1     1    -1    -1    -1    -1     1    -1     1 
  896   928  5280   928  1890  1920   800   750  1792 
  112   116   120   116   135   120   100   125   112 
    1     1     1     1     1     1     1     1     1 
    1 0     1 0     1 0     1 0     1 0     1 0     1 0     1 0     1 0 
  896   928  5280   928  1890  1920   800   750  1792 
 -227 -30  -227 -30  -227 -30  -227 -30  -227 -30  -227 -30  -227 -30  -227 -30  -227 -30 
 -257 30  -257 30  -257 30  -257 30  -257 30  -257 30  -257 30  -257 30  -257 30 
 -257 30  -257 30  -257 30  -257 30  -257 30  -257 30  -257 30  -257 30  -257 30 
 -257 30  -257 30  -257 30  -257 30  -257 30  -257 30  -257 30  -257 30  -257 30 
   19    13    73     9     8    22     1     2    12 
    0     0     0     0     0     0    -1     0     0 
    0     0     0     0     0     0     0     0     0 
    0     0     0     0     0     0     0     0     0 

    1    -1    -1    -1    -1    -1    -1    -1    -1 
   -1     1     1     1     1     1     1    -1    -1 
   -1     1     1     1    -1    -1    -1     1    -1 
    1     1     1    -1    -1    -1    -1     1     1 
    1     1    -1     1    -1    -1     1     1     1 

   -1     1     1     1     1     1     1     1     1 
    1    -1    -1    -1    -1    -1    -1     1     1 
    1    -1    -1    -1     1     1     1    -1     1 
   -1    -1    -1     1     1     1     1    -1    -1 
    2     2     3     3     2     2     2     2     2 
    0     0     0     0     0     0     0     0     0 
    2     2    -2    -2    -3     2     2    -1    -4 
    4     0    -3     3     3    -2     8     3    -2 
    2     2    -5    -1     5     0    10    -7     8 
    2     6    -5     9     0     0   -10     0     8 
  -12     0     0   -12    -5     0     0     3    -6 
    0     8     0    -8    -5   -10     0     5     6 
   -4     4    -1     7   -11     4     4     1    -4 
   -8     4    -4    12    -4    -4    -4     4     4 
    2     2    -6    -2    -6    -6    -6   -10   -10 
    6    -2    -9    -3     1    -4     6     1    -6 
  -10    -2    10   -10    15   -10   -10     7     2 
   -2    10    10    -2    -5   -10    10   -11    10 
   -4    16   -13    -3     7     2    -8   -11     8 
   -8     8     8    -8     3   -12     8    -1     4 
    4    16     4     4    -4    -4    16     4   -14 
    0    -8     4     8    -4     6    16    16     6 
  -16   -12    13    -1    12     2    12     0   -10 
   12    -4    -2   -10    -8   -18    12     8   -18 
   10     6     2     6   -13     2    22    -3    10 
