2 0
2 0 0 0 
25
   -1     1 
  528   528 
  132   132 
    1     1 
    1 0     1 0 
  528   528 
  265 18  -353 -24 
  283 -18  -377 24 
  283 -18  -377 24 
  283 -18  -377 24 
    2     4 
    0     0 
    0     0 
    0     0 

    1     1 
   -1     1 
   -1    -1 
    1     1 

   -1    -1 
    0     0 
    1     1 
    0     0 
    0     4 
   -1    -1 
    4     4 
   -2     6 
   10     6 
    0     8 
   -6     2 
  -10     6 
    0    -8 
    4     4 
    6   -10 
    4     0 
   -2     6 
   -2    -2 
   -2     2 
   -4   -12 
    4     8 
  -14     2 
   -2   -18 
    6   -10 
  -10   -10 
