4 0
4 0 0 0 
25
   -1    -1    -1    -1 
  230  4922   264   896 
  115   107   132   112 
    1     1     1     1 
    1 0     1 0     1 0     1 0 
  230  4922   264   896 
 -199 2  -199 2  -199 2  -199 2 
 -197 -2  -197 -2  -197 -2  -197 -2 
 -197 -2  -197 -2  -197 -2  -197 -2 
 -197 -2  -197 -2  -197 -2  -197 -2 
    1    47     1     3 
    0     0     0     0 
    0     0     0     0 
    0     0     0     0 

    1    -1    -1    -1 
    1     1     1    -1 
    1     1    -1     1 
    1    -1     1     1 

   -1     1     1     1 
    0     0     0     0 
    0     0     0     2 
   -1    -1     1    -1 
    1     3     2     0 
   -1     1    -1    -1 
   -1    -1    -4     2 
   -4     4     6     4 
   11    -5     0     0 
    2    10     0     4 
   10   -10   -10    10 
    2    -6     6   -10 
    0    -4    -4   -12 
   -2    -2     8    -4 
    3    -9     6    -6 
   -3     1     6     2 
   -7     3     2    -8 
   11     1    -6    -2 
    9     3   -12    -4 
   11     1    -4    16 
  -16     4     6     0 
   -7    -9    -6    -4 
    9     7    -2     2 
   -4    12    -2    -2 
    7    15   -10    10 
