1 0
200
    1 
 2160 
    4 
    1 
    1 0 
 2160 
 -140 -21 
    1 0 
 -260 -182 
    2 1 
  540 

   -1 
   -1 
   -1 
    1 

    0 
    2 
   -2 
    2 
    1 
    1 
    8 
    0 
    6 
    2 
    2 
   -8 
   -6 
   -2 
   -8 
    2 
    6 
  -10 
   10 
    6 
   12 
   10 
    0 
  -14 
    8 
    2 
    0 
   -2 
    0 
    8 
    4 
  -14 
   22 
  -12 
   -1 
  -10 
  -14 
   10 
   16 
   24 
    2 
    6 
   22 
  -10 
  -18 
   12 
   28 
    6 
   -6 
   22 
   12 
   22 
  -30 
   -6 
   10 
  -18 
    8 
   10 
  -26 
  -18 
   14 
   18 
   26 
   -8 
   -2 
    8 
   10 
  -18 
  -26 
  -10 
   36 
  -14 
  -24 
   38 
  -22 
   10 
    6 
  -22 
   -6 
  -30 
   16 
  -14 
   38 
   18 
   24 
   30 
  -30 
  -10 
   16 
   40 
   22 
  -14 
   30 
  -18 
   -4 
  -12 
  -18 
   -6 
   34 
   32 
   -2 
   24 
   18 
  -10 
   -6 
  -36 
  -10 
    4 
   18 
  -22 
   -6 
  -20 
   26 
  -34 
  -30 
    2 
  -34 
  -26 
    4 
   42 
   34 
   -4 
  -42 
   22 
  -14 
   14 
  -42 
   10 
  -14 
  -40 
    2 
   36 
   -2 
    6 
  -12 
  -22 
   50 
   18 
   30 
   18 
  -24 
   36 
  -34 
  -28 
    2 
   -4 
    2 
   26 
   18 
  -42 
  -12 
   10 
    6 
   54 
   -2 
    6 
   -2 
    2 
   18 
   32 
   -6 
  -42 
  -28 
  -30 
   22 
   52 
  -52 
  -14 
   50 
  -24 
  -48 
  -50 
  -22 
   44 
    6 
   30 
  -50 
   28 
   30 
   50 
  -30 
   38 
  -20 
   24 
   42 
   14 
  -30 
   30 
  -34 
   18 
    4 
   50 
  -34 
   58 
   12 
  -18 
  -62 
  -16 
  -34 
   18 
