5 0
20
   -1    -1     1     1     1 
    0     0     0  -512  8192 
   10     6     8     4     4 
    1     1     1     1     1 
    3 0     4 5     4 1     1 0     1 0 
 2048  3072  1024  -512  8192 
  -47 0    33 -22    33 -22    43 14    43 14 
    0 1     1 0     1 0     1 0     1 0 
    0 142   142 0   142 0    71 71    71 71 
    3 0     3 2     3 2     2 1     2 1 
 -256    64    64  -128  2048 

   -1    -1     1     1     1 
   -1    -1    -1    -1    -1 

    1     1    -1    -1    -1 
   -4     0    -2     2     2 
   -4     0    -2     2     2 
    3    -5    -5    -6     3 
    1    -1    -3     4    -5 
    1    -1    -3     4    -5 
    0     0    -6     6     6 
    0     0    -6     6     6 
   -8     0     6    -2    -2 
   -8     0     6    -2    -2 
    4    -4     6    10    -2 
    4    -4     6    10    -2 
    4     0    -6    -2    10 
    4     0    -6    -2    10 
   -5   -13   -13   -14    -5 
   -6     6    -6     0     6 
   -6     6    -6     0     6 
   -2     2    -6    -8    -2 
   -2     2    -6    -8    -2 
    7    -1   -17    -2     7 
