5 0
200
    1    -1     1     1    -1 
    0     0     0     0     0 
    8    12    14    14    10 
    1     1     1     1     1 
    3 0     4 5     3 0     3 0     4 5 
   16   288    16    16    32 
   37 100   -19 -124    37 100    37 100   -19 -124 
    0 1     1 0     0 1     0 1     1 0 
  300 -110   190 -410   300 -110   300 -110   190 -410 
    3 0     3 2     3 0     3 0     3 2 
   -2    -3    -2    -2    -1 

   -1    -1    -1    -1    -1 
    1     1    -1    -1    -1 
    1    -1     1     1    -1 
    1     1    -1    -1    -1 

    0     0     0     0     0 
   -1    -1     1     1     1 
   -1     1    -1    -1     1 
    2    -2    -4    -4     0 
   -4     4    -6     2     2 
   -4    -4    -2    -6    -6 
   -6     6    -4    -8     4 
   -5    -3     3    -7    -1 
   -9     3    -9     3    -9 
   -9    -5    -9    -5     7 
   -8     4     6    -2     2 
   -2    -6    -8    -4    -4 
    6    -6     2    -2    -6 
    3     5    -9    -7     3 
   11    -3    -9     1   -13 
   -9    -5    -9    -1    -9 
   -9     5    -9     9     3 
   10   -10     2   -10     6 
   -4     0   -10    -6    14 
   -3   -11    -7    13    -7 
   10     6    -6   -14    -6 
   -8     0    14    -6    -6 
  -10     6    14   -10   -14 
   -3    19     9     3    13 
  -13    -5    -9   -13     7 
  -15     5   -11    17    -3 
    6    10     0     8     0 
   -6   -10    -2   -14    -2 
    4    16   -12    20    12 
   10   -14    -2   -18    -2 
   -4    -4     0    -8    12 
   -5    -5    15   -17     7 
   -2   -14    -6     6    -6 
   -5     3     3    -9   -13 
  -17    -3    11   -15    -1 
   19    -7   -13   -15    -9 
  -11     9     9     1   -23 
  -17   -11    11    21    -1 
    2   -10     8    -4     4 
   20    16   -24     0   -20 
  -26    22     2    -6    -6 
   25    -3     5   -23   -19 
   -3    11    25    -5   -11 
   14    18    -6    14    -6 
  -13    -1     3   -21     3 
    4     4    -2    -6    -6 
  -26    22    22    14   -14 
   -1    11    23   -13    15 
   -5    21     7    -3    11 
  -22   -18   -16     0   -12 
   18   -18    14    10    22 
   -8     4   -30   -10   -14 
   17   -17   -15    19    13 
  -21   -21    -5     7     3 
   -7    11   -15   -29   -11 
   18   -18    14    -6    30 
   16     8    12     8    12 
  -30   -26   -10   -22    22 
   30    10   -10    -6    22 
   16   -28    -6   -26   -14 
   -6   -14   -26    -6   -22 
  -26   -30   -28    20     4 
   10     2    22    14   -26 
  -22    14     8     8    20 
  -10    18    -2    26    -2 
   20   -24   -12    24    12 
   14   -26    -4    -8    28 
  -34   -34     8     8     4 
  -14    -6     0   -16    28 
  -14   -26     0    32   -24 
    3    21    35   -31    -9 
    6   -10    -4   -24    -8 
   18   -34    32    -8   -32 
  -16   -12    24   -20   -24 
  -34   -26   -10     6    10 
    4    -8   -36     0    24 
  -15    19     1     3   -27 
   31   -21   -13   -29   -13 
  -27     7    -3    27   -23 
  -23     9     9     9    17 
  -30    30    12   -36   -28 
   31    17   -21     5     7 
  -25    -7    23    17    -5 
  -10     2    30    -6    22 
   29   -33   -19    -9    17 
  -24    16    20   -24    20 
   11    13    11    17    -1 
  -15    15     9    23   -11 
  -14   -38   -34    30     6 
   22    14    28     0     0 
   30    -6    14     2    22 
  -30    18   -22    -6   -10 
    3    15    27    -1   -21 
   42   -30   -34    30   -18 
   -8    -8   -24   -20    20 
  -27     5   -39   -23   -39 
  -23     9   -11   -27    -3 
   20    20   -40     8   -36 
  -25   -29   -17    11    -9 
   34     2   -16    -8    -8 
   27    -7   -17   -39     3 
   22     2   -14     6   -10 
  -36    -8    28     0    32 
  -22    -2   -24     8     4 
  -31   -39   -35   -15   -11 
  -34     2   -18    34    -2 
  -36     8   -42   -18   -22 
   12    20   -32   -28   -36 
   16     8    26   -26   -38 
   35   -35    27   -11   -25 
   12    16   -16   -16   -12 
  -12   -16   -20    24   -40 
   -4    12    34   -34    30 
   38    42    22    10    26 
    2    38     2   -18   -22 
  -30     6    10    -6    -6 
   11    23    31    -9   -17 
   14   -38    26    -6    34 
    6    10    14    18   -50 
   22   -14    12     8    32 
   22   -22   -20    28    12 
   21    19   -11   -41     1 
   21   -25   -27    35   -23 
   12   -12     2    30     2 
   34   -42   -36    24   -28 
   42   -42   -20    16    24 
   43    15    -5    39    -5 
   14   -26   -10    46   -10 
   14     6    14   -26   -26 
   19    17   -21   -19   -49 
  -22    42   -22    26   -38 
   21   -17    13   -29    33 
    0    -8     8    -4    12 
   21    -3   -19    21    45 
  -38     2    10   -14    26 
  -16   -40   -10   -14    34 
   23    21     7     9    35 
  -24    -8    10    -2    42 
   12     0   -32    28   -28 
    2   -34    30   -30    30 
    3   -45   -21    19    -5 
   54    -6   -34    30    50 
   30    18   -54    22   -22 
  -14   -30    42   -46    22 
  -38    14   -48    28    20 
   40    52    20    -4   -44 
    6    26    -2     2   -10 
  -14   -38   -30    34    22 
   14     6   -28   -44    24 
  -29    27   -21    39   -29 
  -29     1    31    41   -21 
  -38    38     6    14   -58 
   33     7   -31   -25    29 
    2    22    30   -10   -18 
   -4   -36    52    12   -44 
  -34   -18   -20   -12     0 
   -7    33   -47   -35   -23 
   46   -38    22    18    14 
  -54     6    24    48    28 
    6    -6     0   -28   -12 
    9    41   -27     9    -3 
   50     6    26   -54   -54 
    6    -2   -52   -20    16 
  -46    30    10   -50    34 
  -44   -24   -24    48    -8 
  -49   -35    -9    25    43 
  -25    35    39   -25    23 
   -9    55    31     7    39 
  -26     6   -14   -62   -46 
   62    26    30    50    30 
   30     6   -34    46     6 
  -46   -14   -54     2    42 
   -1    -1     1     1     1 
   26   -10   -50    50     6 
   26     6   -14     6    14 
   26   -14    42   -30    42 
  -44    36   -62   -58   -14 
  -51   -55     9    45   -15 
  -36    36   -36    24    16 
   35    -7    -9     5   -29 
   35    -7    19     1   -17 
  -50    10   -34    34     6 
   26   -30    26    -6   -14 
   20    12    62    18    42 
   60    -8     2   -22    -6 
  -15    21   -39    45   -39 
   42     2   -44   -48   -32 
   -8    52    38    58   -10 
   50    58    52   -16    -8 
  -39    -1   -59   -45   -31 
  -41   -63    -5    -3     7 
  -33    -1    39     3   -41 
   56    12     8    24    32 
  -40   -64    58    66    14 
   27     1    15   -27    11 
   26    54    36    24   -60 
   66     2   -44    16    60 
   48   -28    40    36   -56 
  -16     0   -20   -32   -16 
   13     9   -59   -19   -19 
