2 0
200
   -1     1 
    0   128 
   10     8 
    1     1 
    1 4     1 0 
   16   128 
  123 -26   -92 109 
    1 0     1 0 
  420 168  -294 126 
    3 2     2 1 
   -2    32 

   -1     1 
   -1    -1 
    1     1 
    1     1 

    0     0 
   -4    -2 
    0    -2 
    1     1 
    0     4 
   -4     4 
   -2    -4 
   -4     2 
    2    -6 
   -1    -1 
    6    -6 
    2    -6 
    6    12 
    8     6 
   -1    -1 
  -14    -2 
  -10    -2 
   -4    -8 
    6    -2 
   10   -14 
    4     4 
   -6    12 
  -16    -6 
  -12    -4 
   18     2 
   14    12 
    8    -6 
  -14   -14 
    6    -2 
   -6     6 
    6    -6 
   10    -6 
   -2    -6 
   18     6 
   18    14 
   10    14 
   -6    10 
    8     4 
   18   -12 
   -2    12 
   14     6 
   -2    18 
    2    14 
   -6   -22 
  -18     6 
   -2    -6 
   14    -2 
   28    16 
  -18    22 
   14    22 
   22   -18 
    2    18 
   -6     8 
  -14     8 
  -26   -16 
   28    26 
    6    -2 
   22    22 
  -10   -10 
  -18   -22 
   -8     6 
  -14    12 
  -16     0 
  -16    24 
    6    18 
   -2   -18 
  -26   -18 
  -22   -30 
  -24    24 
    8    12 
  -30   -28 
   22   -16 
   -6     2 
  -22    26 
   22   -10 
    2   -26 
   -6   -14 
   14    26 
   22   -10 
  -10    -6 
  -18   -18 
  -22   -18 
   20   -24 
   22   -10 
   26   -10 
    0     4 
  -14    -2 
  -14    22 
  -14    34 
   34     2 
  -22   -22 
   40   -38 
   26    16 
   30     0 
  -34    36 
  -18    32 
   18   -28 
    2    30 
   38     6 
   -2    42 
    6    -2 
   22    -2 
   22   -26 
  -10    10 
  -32    32 
  -34   -34 
    6    -8 
   -6    28 
   -6    22 
   20    16 
   -6    26 
   26    26 
  -42     6 
  -26    18 
  -26    10 
   26   -26 
   26   -18 
  -34    42 
  -40    -4 
    8   -16 
   46    10 
   -6    46 
   42    -8 
   12    22 
    6    18 
    2    -6 
  -30   -46 
   10    26 
   48    20 
  -14   -46 
  -22   -22 
   34    50 
  -10    20 
  -34    44 
  -44     8 
  -22    38 
   20    -6 
   46     0 
  -12   -26 
  -30    -8 
   10   -22 
   26   -46 
   -6    30 
  -42     6 
   -2   -14 
    4   -20 
   10    50 
  -28   -16 
  -18    36 
   54   -12 
  -38    42 
   10   -30 
   34   -28 
  -20   -10 
    6    32 
  -42    56 
   16    12 
   28     0 
  -60    30 
  -48     6 
   -6    -6 
   34   -42 
   42     2 
   -6   -42 
   -6   -42 
    8    -8 
   10   -26 
  -46   -22 
  -14   -46 
    0   -26 
   18     4 
  -42    42 
  -22   -30 
  -26    10 
    6   -26 
  -30   -40 
  -18    44 
   30    -6 
  -30    30 
  -58   -10 
  -18    26 
  -22   -18 
    6   -54 
  -22    48 
   10   -24 
   56     6 
   24    -6 
   -6   -38 
   22    22 
  -34   -50 
   38    10 
   30   -14 
   66    22 
  -42    40 
   12   -38 
  -56    38 
  -44   -46 
  -58    -2 
    2   -50 
  -46    46 
