1 0
200
   -1 
    0 
    4 
    1 
    4 1 
   96 
   96 -233 
    2 0 
  445 -89 
    2 3 
   12 

   -1 
    1 
   -1 

   -1 
   -1 
    1 
    1 
    0 
    1 
    3 
    7 
   -4 
    8 
   -2 
    8 
   -6 
   -4 
    2 
   -5 
   -9 
   12 
   -2 
    5 
  -13 
   -1 
    1 
    9 
  -17 
  -12 
   -6 
   11 
  -11 
   -6 
    2 
   18 
   -2 
    8 
  -16 
  -10 
  -18 
   22 
  -21 
   11 
   -4 
    0 
   -4 
    4 
  -12 
    8 
  -24 
  -28 
    6 
  -14 
  -10 
   -2 
   -7 
  -27 
  -21 
   -5 
   11 
  -21 
    4 
    2 
   -6 
    2 
   22 
   24 
   29 
   31 
  -22 
  -24 
   -2 
  -14 
  -26 
   -2 
  -21 
  -23 
  -11 
  -18 
   30 
   20 
   -6 
   10 
  -26 
  -26 
  -10 
  -28 
  -22 
    2 
   14 
   17 
   11 
  -28 
  -12 
   22 
   30 
    9 
    3 
   12 
   -4 
  -35 
   -8 
   -8 
  -38 
  -28 
   24 
  -18 
    4 
    6 
   -6 
   12 
   17 
   25 
   -5 
   37 
    4 
   -6 
   11 
   27 
  -24 
   10 
   16 
  -42 
   29 
  -15 
   -6 
   -8 
  -21 
   -5 
  -40 
  -44 
   43 
   29 
   17 
   -3 
   27 
   25 
  -17 
  -15 
    6 
   32 
  -14 
   18 
   13 
   45 
   22 
  -34 
   14 
   10 
   34 
  -14 
  -48 
   28 
  -32 
   46 
  -14 
   14 
   -1 
  -11 
   45 
   -7 
   38 
   -6 
    0 
    6 
  -13 
   39 
    9 
   18 
  -10 
   20 
  -16 
   42 
  -30 
   23 
    9 
   18 
    4 
  -42 
   38 
  -42 
  -42 
   23 
   43 
  -23 
  -31 
   -4 
   26 
   18 
    4 
   22 
   34 
   -4 
   18 
   50 
   26 
  -54 
  -66 
   21 
  -63 
   14 
  -54 
   14 
