2 10
200
    1     1 
    0     0 
    8     6 
    1     1 
    4 1     4 1 
   48    16 
   25 -124    25 -124 
    1 0     1 0 
  322 -322   322 -322 
    3 2     3 2 
    3     1 

   -1    -1 
   -1    -1 
   -1    -1 

    0     0 
   -2     0 
   -2     0 
   -5    -5 
   -1    -3 
   -1    -3 
    0     0 
    0     0 
    1     1 
    1     1 
   -6    -8 
   -6    -8 
    3    -7 
    3    -7 
    1     1 
    6   -12 
    6   -12 
  -10    -6 
  -10    -6 
   -7     3 
   -7     3 
  -12     4 
  -12     4 
   -8    10 
   -8    10 
   10   -10 
   10   -10 
   -8    -4 
   -8    -4 
    0     4 
    0     4 
  -18   -18 
   -8    10 
   -8    10 
   -6     0 
   -6     0 
    0    12 
    0    12 
    6    26 
    6    26 
   -2   -18 
   -2   -18 
    9   -19 
    9   -19 
  -15     9 
  -15     9 
  -24    10 
  -24    10 
   19    -1 
   19    -1 
    2   -18 
    2   -18 
  -21     5 
  -21     5 
  -15    -5 
  -15    -5 
    5    -3 
    5    -3 
  -28    22 
  -28    22 
   -4   -22 
   -4   -22 
  -28    14 
  -28    14 
    2     6 
    2     6 
    8    -2 
    8    -2 
  -15   -25 
  -15   -25 
   37     7 
   37     7 
   -2   -38 
  -38    10 
  -38    10 
    8     4 
    8     4 
    7   -27 
    7   -27 
    6   -18 
    6   -18 
   -7   -21 
   -7   -21 
   16   -28 
   16   -28 
   -2     6 
   -2     6 
    6    30 
    6    30 
   12     8 
   12     8 
   -7    15 
   -7    15 
    9    15 
    9    15 
    4   -32 
    4   -32 
    1     1 
  -39    45 
  -39    45 
  -16    30 
  -16    30 
   42    -4 
   42    -4 
   13    19 
   13    19 
   30    -6 
   30    -6 
   17   -45 
   17   -45 
   20     6 
   20     6 
    6    12 
    6    12 
   36     4 
   36     4 
  -13    -5 
  -13    -5 
  -30    40 
  -30    40 
   19    43 
   19    43 
   14   -12 
   14   -12 
  -28    -6 
  -28    -6 
  -36    16 
  -36    16 
    8   -24 
    8   -24 
   50   -46 
   50   -46 
    9   -37 
    9   -37 
   14   -40 
   14   -40 
   16    26 
   16    26 
   50    32 
   50    32 
  -30    42 
  -30    42 
  -54     6 
  -54     6 
  -30    34 
  -30    34 
   22   -34 
   22   -34 
  -49   -51 
  -49   -51 
   22    22 
   22    22 
   36   -58 
   36   -58 
   11   -15 
   11   -15 
   42     4 
   42     4 
    8   -18 
    8   -18 
  -26   -10 
  -26   -10 
  -61   -37 
  -54   -16 
  -54   -16 
  -42    34 
  -42    34 
   30   -32 
   30   -32 
  -49   -15 
  -49   -15 
   17   -41 
   17   -41 
  -12    -6 
  -12    -6 
  -64    10 
  -64    10 
  -45   -37 
  -45   -37 
   20    12 
   20    12 
   61     5 
   61     5 
    2   -42 
    2   -42 
  -64     0 
  -64     0 
   -2     2 
   -2     2 
  -27    -7 
  -27    -7 
   -1   -31 
   -1   -31 
   18    34 
   18    34 
   36   -64 
   36   -64 
    2    44 
    2    44 
   44    50 
