1 4
200
    1 
    8 
    2 
    1 
    1 0 
    8 
  142 31 
    1 0 
  252 204 
    2 1 
    2 

    1 
   -1 
   -1 
   -1 

    0 
    4 
    1 
    1 
    2 
    2 
    2 
   -2 
    6 
    6 
   -4 
    0 
  -10 
   -2 
   -4 
   -6 
   10 
   14 
    0 
    1 
   -6 
    0 
    0 
   16 
    6 
   -6 
  -12 
    2 
   14 
   -6 
   -2 
   20 
    6 
   -8 
   10 
    6 
    0 
  -22 
   -4 
    4 
    0 
  -18 
  -10 
  -14 
   -2 
   14 
    2 
  -14 
   -4 
    6 
  -10 
  -18 
  -18 
   30 
    4 
  -18 
  -22 
  -16 
   18 
  -14 
   28 
   12 
  -22 
    6 
   -6 
    2 
    6 
   -6 
   26 
   20 
  -18 
  -18 
   14 
    6 
   14 
   18 
   -6 
   14 
  -18 
  -30 
    2 
   -2 
  -20 
   20 
   22 
   -2 
   24 
   -6 
  -18 
  -16 
   -2 
   -8 
   -6 
   -2 
    6 
   18 
  -10 
  -42 
  -14 
   30 
   24 
   36 
   24 
   18 
  -30 
    2 
  -30 
  -30 
   -2 
   46 
   26 
    6 
  -40 
  -30 
  -34 
    2 
   -6 
   30 
  -38 
   -2 
  -10 
   26 
   34 
  -38 
   18 
   26 
  -26 
    4 
   26 
   22 
  -18 
   42 
   30 
   -2 
   10 
  -28 
    6 
    6 
  -14 
   30 
   18 
    6 
  -12 
   -6 
   48 
   14 
   26 
  -10 
  -38 
   -8 
  -20 
   12 
   42 
  -28 
   26 
   -6 
    2 
   32 
   30 
  -22 
   34 
   -6 
  -58 
   12 
  -58 
  -42 
  -62 
   20 
   54 
   42 
   30 
   22 
   10 
   46 
   46 
  -30 
  -42 
   40 
  -18 
   44 
  -42 
    6 
  -34 
   34 
  -24 
  -30 
  -60 
  -12 
  -58 
  -20 
  -34 
   24 
  -50 
   66 
  -44 
  -36 
   66 
    2 
   -8 
  -46 
