4 0
200
   -1     1    -1    -1 
    0   128     0     0 
    4     8     8     4 
    1     1     1     1 
    4 9     1 0     4 5     4 5 
  144   128    16    16 
  146 105  -127 -70  -153 94  -153 94 
    1 0     1 0     1 0     1 0 
  -24 648    12 -324  -648 -24  -648 -24 
    2 3     1 2     3 2     3 2 
    2    32    -3    -1 

    1     1    -1    -1 
    1    -1    -1    -1 
   -1     1    -1     1 
   -1     1    -1     1 

    0     0     0     0 
   -1     1     1     1 
    2    -2    -2     2 
    1    -1     1    -1 
   -5    -2    -2     6 
   -4    -2    -2    -2 
    1     2    -6    -6 
   -3     6    -6     2 
    3    -8    10     0 
   -1    10     6     2 
    6    -8    10     4 
    3     6    -2    -2 
    6     6    -6     2 
    0    -2    -6    -6 
   -5     8   -10   -12 
   12     2     6    -6 
   -3     6     6     2 
   -7   -12    10    -8 
   -6     8     2     4 
    1    -1     1    -1 
   -7    14    10     6 
   15    10    18    -6 
  -10    -6     2   -14 
   -2   -12   -18   -16 
    7   -10     2   -10 
    2     0     2   -16 
   18     2     6   -14 
    4     2    -2   -14 
  -15     2     6    -6 
    6    16    -2     8 
    9   -14   -14     2 
   -6    -2    10   -10 
   -6     6    -6     6 
   18    -2   -14   -18 
    0    10     6    -2 
   18    14     6     2 
    5    10    -2    10 
    0   -14   -18    18 
   17     6    14    -2 
   11     6    -2    -2 
   -6   -14    -2    -6 
    7     2     6   -22 
  -21    14   -14    14 
   -5    -2   -14   -10 
  -27   -12    -6    -4 
  -12    -6   -10    26 
  -15     2     6    18 
   14   -30    22    -6 
   16   -26    -6   -18 
  -24    -4   -18     4 
  -18    -4    14    -8 
  -21   -26    18   -10 
  -20     2    26    -2 
   -3    -4     6   -12 
  -24    18   -18   -14 
  -19   -14    14    26 
  -10   -14    22    18 
    5    28   -30    -8 
  -15   -30   -22     6 
   16    26   -22    -6 
  -10   -18     6   -18 
   31     2    22    -6 
  -26    28    22     0 
  -11     6    -6   -26 
   -8    -2    -2    30 
   26    -6   -18    34 
   -7   -12    14    32 
    1   -18    18   -34 
  -17    14   -10   -10 
   10   -22   -10    -6 
  -22    34    -6    30 
   33     0    -2   -16 
  -22    22    10   -10 
  -38   -10   -10    22 
   10    -2   -34   -34 
  -34    26   -18    14 
   -8   -18   -18    18 
   -9    14   -18    30 
   13    18   -26    18 
    6    12     6   -36 
   22    12   -26   -36 
   16   -14   -22    26 
  -11    20    22     0 
   10    -8    10    12 
   -2   -34   -18    14 
  -10    30   -14   -34 
  -10    28    -2     0 
  -18    18   -30    18 
  -11    10     2    30 
  -20   -22    26    34 
    1    28   -10    24 
  -20   -18     6    30 
  -18     2    22    42 
   24    24    -6     0 
  -29    20   -30     4 
  -20    42    10    18 
   -3    16   -10    -8 
  -20    22    10    14 
  -25    30    -2   -34 
   22    22    38   -10 
   17    42    30    18 
  -27   -46     6    18 
   33    46   -22   -10 
   32     6    26    -6 
   38    -2   -46    -2 
    7     0    22   -20 
    4    22   -30    -6 
   -7    12   -26    28 
   31    42    18    10 
   -6   -44    22     8 
   32   -22    -2    -6 
  -38   -34   -26    -2 
   -8    18    -6    42 
  -36    12   -18   -12 
   -6    10   -14   -18 
    5    18     2   -10 
   36     2    30     2 
    8   -18   -18     6 
  -18   -42    30   -18 
   -7    -2   -10    30 
    6    18    34    34 
  -31    34   -38   -14 
  -12   -22    38    -6 
  -26    12   -38   -28 
   29   -42   -18     2 
   30   -18   -34     6 
  -34    10   -10    -6 
  -26    42    14    18 
    8   -14   -34    34 
   26    34    14    -6 
   32    42    38    26 
  -48    -2    -2    46 
   22    36    30   -28 
  -30    30   -14    22 
  -32   -18    34    30 
   49   -30   -22   -30 
    9    50   -18   -34 
   24   -30   -42   -14 
  -31   -24   -38    24 
  -18    38    14    42 
   13   -36    46     4 
   -9   -12   -50   -12 
   52    42   -42   -22 
  -33     6   -42   -18 
  -16   -20   -38    40 
   16     2    14   -14 
  -26   -14    -2    42 
  -18    26   -26    26 
  -18    26    -6    42 
  -22    38   -30   -34 
  -11   -24   -30    20 
    2   -38   -34   -22 
   16   -10   -14   -38 
  -42    -6    50   -30 
  -11    30   -54    42 
   38   -18   -30    14 
  -38    54    10    30 
   -2   -56   -18   -60 
   28   -12   -30    -4 
  -10    12    18    36 
  -49    16     6    24 
    6    26    34    22 
  -22   -34    10   -10 
  -32   -42    50   -34 
   32   -60   -42   -28 
   46    32    -6   -52 
   -6    26    62   -22 
    2    46     2   -34 
   -4     2   -46     2 
    9    46    54    42 
  -45     0    18    48 
   61    26    -2    42 
   -2    10    30    10 
  -26    -6   -62    18 
   -1    22   -38    22 
   -4    16    54   -56 
   12     8   -42   -56 
   -2   -26    30    54 
  -30    12    -6    36 
    0    56    34   -28 
  -24   -30    46   -38 
  -40     0    26     4 
  -38   -14    -2   -54 
   31   -34   -38   -50 
   24     2   -38    42 
   20   -12    58    36 
   18   -22   -42    42 
   -3    20    42    48 
  -26   -30    -2     2 
  -14    60   -10   -24 
  -14   -22    10   -38 
   18    34    50    26 
  -62   -38   -30    50 
  -14    62   -10   -30 
    0   -34   -34    30 
  -14    42    58    10 
  -37    30    -6   -18 
   30   -30     2    34 
   46    52    -2     8 
   -3    34   -18    18 
