4 0
200
    1    -1    -1    -1 
  128     0     0     0 
    8     8     4     4 
    1     1     1     1 
    1 0     4 5     9 4     4 5 
  128    16   144    16 
   70 127  -105 -146  -105 -146  -105 -146 
    1 0     1 0     1 0     1 0 
   12 324   -24 -648   -24 -648   -24 -648 
    2 1     3 2     3 2     3 2 
   32    -1     2     1 

    1    -1     1    -1 
   -1    -1     1    -1 
    1    -1    -1     1 
    1    -1    -1     1 

    0     0     0     0 
   -2    -2     2     2 
    1     1    -1     1 
   -1     1     1    -1 
   -2    -2    -4    -2 
   -2    -2    -5     6 
    6    -6    -3     2 
    2    -6     1    -6 
   10     6    -1     2 
   -8    10     3     0 
    6    -2     3    -2 
   -8    10     6     4 
   -2    -6     0    -6 
    6    -6     6     2 
    8   -10    -5   -12 
    6     6    -3     2 
    2     6    12    -6 
    8     2    -6     4 
  -12    10    -7    -8 
   14    10    -7     6 
   -1     1     1    -1 
   -6     2   -10   -14 
   10    18    15    -6 
  -10     2     7   -10 
  -12   -18    -2   -16 
    2     6    18   -14 
    0     2     2   -16 
    2     6   -15    -6 
    2    -2     4   -14 
  -14   -14     9     2 
   16    -2     6     8 
   -2    10    -6   -10 
   -2   -14    18   -18 
    6    -6    -6     6 
   14     6    18     2 
   10     6     0    -2 
  -14   -18     0    18 
   10    -2     5    10 
    6    -2    11    -2 
    6    14    17    -2 
    2     6     7   -22 
  -14    -2    -6    -6 
   -2   -14    -5   -10 
   14   -14   -21    14 
   -6   -10   -12    26 
  -12    -6   -27    -4 
  -30    22    14    -6 
    2     6   -15    18 
   -4   -18   -24     4 
  -26    -6    16   -18 
  -26    18   -21   -10 
   -4    14   -18    -8 
   -4     6    -3   -12 
    2    26   -20    -2 
  -14    14   -19    26 
   18   -18   -24   -14 
   28   -30     5    -8 
  -14    22   -10    18 
   26   -22    16    -6 
  -30   -22   -15     6 
    2    22    31    -6 
  -18     6   -10   -18 
    6    -6   -11   -26 
   28    22   -26     0 
   -6   -18    26    34 
   -2    -2    -8    30 
  -18    18     1   -34 
  -12    14    -7    32 
  -22   -10    10    -6 
   14   -10   -17   -10 
    0    -2    33   -16 
   34    -6   -22    30 
   22    10   -22   -10 
   -2   -34    10   -34 
  -10   -10   -38    22 
  -18   -18    -8    18 
   26   -18   -34    14 
   18   -26    13    18 
   14   -18    -9    30 
   12   -26    22   -36 
   12     6     6   -36 
   20    22   -11     0 
  -14   -22    16    26 
  -34   -18    -2    14 
   -8    10    10    12 
   28    -2   -10     0 
   30   -14   -10   -34 
   10     2   -11    30 
   18   -30   -18    18 
   28   -10     1    24 
  -22    26   -20    34 
    2    22   -18    42 
  -18     6   -20    30 
   20   -30   -29     4 
   24    -6    24     0 
   16   -10    -3    -8 
   42    10   -20    18 
   22    10   -20    14 
   22    38    22   -10 
   30    -2   -25   -34 
  -46     6   -27    18 
   42    30    17    18 
    6    26    32    -6 
   46   -22    33   -10 
    0    22     7   -20 
   -2   -46    38    -2 
   12   -26    -7    28 
   22   -30     4    -6 
  -44    22    -6     8 
   42    18    31    10 
  -34   -26   -38    -2 
  -22    -2    32    -6 
   12   -18   -36   -12 
   18    -6    -8    42 
   18     2     5   -10 
   10   -14    -6   -18 
  -18   -18     8     6 
    2    30    36     2 
   -2   -10    -7    30 
  -42    30   -18   -18 
   34   -38   -31   -14 
   18    34     6    34 
   12   -38   -26   -28 
  -22    38   -12    -6 
  -18   -34    30     6 
  -42   -18    29     2 
   42    14   -26    18 
   10   -10   -34    -6 
   34    14    26    -6 
  -14   -34     8    34 
   -2    -2   -48    46 
   42    38    32    26 
   30   -14   -30    22 
   36    30    22   -28 
  -30   -22    49   -30 
  -18    34   -32    30 
  -30   -42    24   -14 
   50   -18     9   -34 
   38    14   -18    42 
  -24   -38   -31    24 
  -12   -50    -9   -12 
  -36    46    13     4 
    6   -42   -33   -18 
   42   -42    52   -22 
    2    14    16   -14 
  -20   -38   -16    40 
   26   -26   -18    26 
  -14    -2   -26    42 
   38   -30   -22   -34 
   26    -6   -18    42 
  -38   -34     2   -22 
  -24   -30   -11    20 
   -6    50   -42   -30 
  -10   -14    16   -38 
  -18   -30    38    14 
   30   -54   -11    42 
  -56   -18    -2   -60 
   54    10   -38    30 
   12    18   -10    36 
  -12   -30    28    -4 
   26    34     6    22 
   16     6   -49    24 
  -34    10   -22   -10 
  -60   -42    32   -28 
  -42    50   -32   -34 
   26    62    -6   -22 
   32    -6    46   -52 
    2   -46    -4     2 
   46     2     2   -34 
    0    18   -45    48 
   46    54     9    42 
   10    30    -2    10 
   26    -2    61    42 
   22   -38    -1    22 
   -6   -62   -26    18 
    8   -42    12   -56 
   16    54    -4   -56 
   12    -6   -30    36 
  -26    30    -2    54 
  -30    46   -24   -38 
   56    34     0   -28 
  -14    -2   -38   -54 
    0    26   -40     4 
    2   -38    24    42 
  -34   -38    31   -50 
  -22   -42    18    42 
  -12    58    20    36 
  -30    -2   -26     2 
   20    42    -3    48 
  -22    10   -14   -38 
   60   -10   -14   -24 
  -38   -30   -62    50 
   34    50    18    26 
  -34   -34     0    30 
   62   -10   -14   -30 
   30    -6   -37   -18 
   42    58   -14    10 
   52    -2    46     8 
  -30     2    30    34 
  -24    34    44    -4 
