1 0
200
   -1 
    0 
    6 
    1 
    3 0 
  416 
  147 -44 
    0 1 
 -132 -440 
    3 0 
   52 

   -1 
    1 
   -1 

    0 
    0 
    0 
    3 
   -3 
    6 
    3 
    6 
   -8 
   -8 
    2 
  -10 
   -2 
   -2 
    5 
    5 
   -4 
   10 
   -2 
  -14 
  -14 
  -12 
    6 
    8 
  -10 
    8 
   -7 
   -1 
    1 
  -16 
    2 
    1 
    3 
   -3 
    9 
   18 
    7 
  -11 
   21 
  -15 
   -2 
   -5 
   -5 
  -23 
  -12 
  -18 
  -15 
   12 
   14 
   -1 
  -15 
  -12 
    2 
    8 
   20 
    2 
    1 
  -26 
   12 
   -6 
  -12 
    6 
  -15 
   30 
    3 
    0 
  -22 
  -25 
   10 
  -35 
    3 
  -18 
    2 
   -1 
  -10 
  -23 
    4 
    1 
  -32 
    3 
    9 
   -8 
    4 
  -18 
   36 
    4 
  -20 
  -24 
  -21 
   -3 
   18 
   14 
  -16 
  -22 
    8 
  -29 
   28 
  -36 
  -30 
  -30 
   12 
   24 
  -24 
   39 
   10 
   34 
  -25 
   11 
   32 
   41 
   38 
  -16 
   -6 
  -30 
   45 
   18 
   -4 
    8 
   17 
   35 
   44 
  -31 
  -27 
    0 
   -7 
   50 
    1 
   -8 
   22 
  -14 
   49 
   10 
   30 
    0 
   10 
   25 
  -12 
   15 
  -53 
   10 
  -27 
   -9 
   56 
   35 
   28 
   16 
   40 
  -35 
  -27 
   51 
    2 
   32 
   44 
   26 
  -34 
   32 
   22 
   46 
   -2 
    7 
  -19 
   41 
  -13 
   16 
  -44 
   50 
  -43 
    9 
    6 
   -6 
  -45 
  -43 
  -16 
   -8 
   10 
    7 
   16 
   -5 
   -2 
   38 
    8 
    6 
   30 
   50 
   38 
    0 
  -30 
  -22 
  -28 
   39 
  -24 
  -26 
  -56 
    2 
   -7 
   10 
  -14 
   18 
  -36 
  -52 
