1 2
200
   -1 
    0 
    8 
    1 
    4 1 
  144 
   74 33 
    2 0 
   24 144 
    2 3 
  -18 

    1 
   -1 
   -1 

    0 
   -2 
    2 
    1 
   -2 
   -2 
   -2 
   -6 
   -2 
   10 
   -2 
    1 
    6 
   -2 
    2 
   -6 
    2 
   -2 
   -2 
   10 
   -6 
   -6 
  -10 
    2 
  -14 
  -14 
  -14 
  -18 
  -10 
   -2 
   -6 
   10 
   -2 
  -18 
  -18 
   14 
   -2 
   -2 
    6 
   14 
  -10 
   14 
   -6 
    2 
  -10 
   22 
  -26 
  -10 
    6 
   -2 
  -14 
    2 
   18 
    6 
   30 
   -2 
   14 
   22 
   18 
  -18 
   26 
    2 
   -6 
   26 
  -26 
   30 
   -6 
   10 
   -2 
  -26 
   14 
   -6 
    2 
   22 
   22 
   10 
    6 
    6 
   30 
    6 
  -30 
  -14 
  -22 
   14 
    6 
  -38 
   -6 
  -26 
   10 
  -38 
  -30 
   26 
   30 
  -18 
   22 
   30 
  -42 
  -30 
  -18 
   14 
   -2 
   18 
   22 
    2 
    2 
    2 
   10 
   -6 
   26 
   10 
   14 
  -10 
  -38 
   18 
   18 
  -30 
   38 
   42 
  -26 
    6 
    2 
  -14 
   22 
   30 
   10 
  -10 
  -34 
  -26 
  -26 
   14 
  -26 
    6 
   10 
   18 
   18 
   10 
  -34 
   30 
   42 
   22 
  -30 
  -50 
  -22 
   50 
   14 
   14 
   38 
   22 
  -18 
  -38 
   14 
  -18 
   50 
   26 
  -58 
  -18 
  -30 
   18 
  -38 
  -30 
    2 
   26 
  -30 
   -2 
   42 
  -26 
  -10 
   50 
   18 
   34 
  -26 
  -34 
  -50 
  -54 
  -22 
   30 
   -6 
   -6 
  -22 
  -34 
   54 
  -26 
   22 
   42 
   38 
   30 
  -10 
  -34 
   38 
    2 
   42 
   42 
  -46 
   50 
  -54 
    6 
    6 
    2 
   18 
   14 
