5 2
200
    1    -1    -1    -1    -1 
    0     0     0     0     0 
   10    10     6     4     4 
    1     1     1     1     1 
    4 1     3 0     3 0     3 0     3 0 
   16     8    16    16    16 
  -73 -54   -65 140   -65 140   -65 140   -65 140 
    1 0     0 1     0 1     0 1     0 1 
 -112 -308   420 196   420 196   420 196   420 196 
    3 2     3 0     3 0     3 0     3 0 
    2    -1     2    -2    -2 

    1     1    -1     1     1 
   -1     1    -1     1     1 
    1     1     1     1     1 

    0     0     0     0     0 
   -4    -4     0     2     2 
   -2     2    -2     2     2 
   -2     2     2    -4     4 
   -2     2     6    -4    -4 
   -4    -4    -4     2     2 
   -2     0    -6     0    -8 
    2     4    -2     4    -4 
    6    -6    -2     6   -10 
    0     2     4    -4    -4 
    0    -2     8    -2     6 
   -8    -2     4    -8     8 
   -6     0     6    -6     2 
    6   -10   -10     2     2 
    1    -1     1    -1    -1 
   -4    10     4    -2     6 
   -2     6     6     6   -10 
    2   -10    -6    14    -2 
  -10     6    14     0     0 
    6    10   -14   -14     2 
    6   -14     2    10    10 
    6    -8    -6     4    12 
   -2    10    -6   -14     2 
    2    14     6     2   -14 
  -10   -12     2    12   -12 
  -18   -10    -2   -16     0 
   10    14    10   -10     6 
  -14    10    10    -2    -2 
  -10    18   -10    -6    -6 
  -14   -14    -6    10    -6 
  -14     6   -14     6     6 
    6   -18     6     6     6 
  -14    18   -14   -18   -18 
   -1    -1    -1    -1    -1 
    0    18     0    -6   -14 
   -2   -18     6     6     6 
    2    -2    10    -8     8 
   12    12    12   -18   -18 
  -16   -24    16    -6    -6 
  -16     8   -12     2   -14 
   -8    24   -16    -6    -6 
  -16     0    12    18    18 
   -6    -6    14   -12    -4 
  -14   -14   -10     4    -4 
   24   -14    -8   -14   -22 
  -12     6    16    12   -20 
   20    12    -4    -6    -6 
  -14    14    10    -4    12 
    6   -26   -22    -8     0 
   -6    10    -6   -26   -10 
    2    24    14    12   -12 
   -6   -22   -10   -10    22 
    2    12   -10    -6     2 
   18    24    -2    18    -6 
  -20   -12    32    30   -18 
   10   -14     2    10   -22 
   -4   -10   -16   -16   -16 
   10    14    18    26    26 
  -26   -10   -26   -22    -6 
   -6   -26    10    -2    14 
  -30   -30   -14     0     0 
   -2   -14   -26    10    10 
    6    -4    34   -22   -14 
   26     8   -10   -10   -18 
   18   -18    -6    -6    10 
   -8    30    -8   -30    26 
  -22   -18    18   -18   -18 
  -22    22     2    22   -26 
  -16    -8    12    10    26 
  -34    14   -26     2     2 
  -10   -36   -14     6    -2 
   26    14     2    14    14 
  -10    10    22   -26   -10 
  -32   -10   -20    -4    28 
    4     6    -4   -18    22 
  -20   -22    16    -4    -4 
    0    -2   -24    22    -2 
    2   -30   -38    -6   -38 
   -6    22    -6    28    28 
  -38   -18   -18    12   -12 
  -30    30    -6    18     2 
   38   -16    26    26   -14 
   22    -4    18   -10    14 
   24     2   -20    32   -16 
   -2   -26   -10    22    22 
   10   -30   -26     6     6 
   18   -14     6   -26   -10 
   10   -30     6    12    36 
  -38    -6     6    36   -36 
  -34   -38    38    10    26 
    2    14   -14     2     2 
  -20   -12   -28    18   -14 
  -16   -32    12   -38    42 
  -18    34   -18   -20    -4 
  -14     2    -6   -34   -18 
   10    40   -26   -14    26 
  -18    10   -42   -38   -22 
   10    26   -14   -10   -26 
  -16   -22    -8    14   -10 
   32    10    28     4   -28 
   30     6    14   -18    46 
  -22    -2    34   -14   -30 
    6    -6     6    -6    26 
   46    -2   -10   -26    22 
  -22     2    10   -22    10 
   22    28     2    22    14 
  -26   -20     2   -14    26 
   42    -6    10   -18   -34 
   14    10   -46    10    10 
  -14   -36    22    48     8 
  -26     2   -18   -34    14 
   14   -30   -10    18   -30 
  -30    18    -6    18   -30 
   10    38   -22   -10   -42 
   46   -34   -18    26    26 
  -10    -2    30   -26    22 
   36   -34   -28   -22   -46 
   44   -30   -24    24   -24 
    8    32    32   -22    10 
   18    34   -38    -8     8 
    2   -18    -6   -30   -30 
    2    46   -26    -8     0 
  -44   -12     0   -18   -18 
  -36    28    12    10    42 
  -26   -38    30   -38    42 
  -34    -6    38   -18    -2 
    4    10    40    28    12 
  -10   -30   -10     6   -10 
    6   -26   -42    28   -52 
  -12    52    12    34    34 
  -40   -34   -36    20    20 
   52   -10    36   -22    50 
  -42    30   -10   -42     6 
  -10    18   -50    42    -6 
   26    14    30   -22   -54 
   46    32   -38    -4   -44 
  -40    48    12     6    22 
    4   -12   -12     6   -26 
   20    12   -28   -30   -30 
  -12   -44    16   -26   -42 
   -2    26   -26    50    50 
   22    -6     6    54   -10 
  -20    -6   -48    24     8 
   24    22     0   -50     6 
    8    32    44    14   -50 
  -48   -32   -32   -50    46 
   16    -8     4    34   -14 
   46     6   -26     6   -42 
   22    -2   -42   -14   -46 
  -42    48    10    18    42 
  -40    50    40   -22     2 
  -22    42   -14   -18    30 
  -14    30    42   -18   -18 
   34   -26   -30   -50    14 
   -6   -34   -18    26    -6 
   42    58   -50    22    38 
   34   -20   -58    28   -44 
  -46    52   -26    40    16 
   -6    10   -30    16     0 
   10     6   -30   -30    18 
    6   -54   -58    30   -34 
  -50   -14   -42   -50    30 
   50    -6   -14   -30   -46 
    2   -58    46    44   -60 
   18    38    30   -52   -12 
   30   -26    30    40    -8 
    6   -22   -18   -58   -26 
  -38   -14     6    40   -32 
  -30    -6    14   -24    48 
   10     6    10   -12   -12 
   36   -28    -4   -22    10 
   18    18   -54    -6   -22 
  -44    44    40    14    62 
   30    -2    26   -44    -4 
   -2    38   -14    32    40 
    6   -52    10   -28    60 
   54    58   -14    58    -6 
   50   -22    42    50   -30 
  -12    -6    24   -12   -44 
   -4    52     8    34   -14 
  -14   -26    10    46   -34 
  -48    26    36    -4    28 
  -58   -14    -2   -50    30 
   22     6   -38   -18    62 
   22   -34    34    38    22 
  -52   -20     0   -26    38 
  -46    42   -46   -54    26 
  -10   -58   -18   -34    -2 
    8    -6    52    12   -52 
  -22   -26    -6   -26    38 
   -2   -50   -10   -14    50 
  -22    14    10     2    50 
  -50   -24     2     6   -34 
  -50   -58   -26     2    18 
  -36   -36    64     6   -26 
   22    36   -54   -60    -4 
   30    34   -22   -38    -6 
  -14    30    18   -30   -14 
   26   -50   -22    10    10 
  -24     2    16    14   -10 
