4 22
200
    1    -1     1    -1 
    0     0     0     0 
    8     8     6     4 
    1     1     1     1 
    3 0     1 4     3 0     4 1 
   16    16    16    16 
 -109 0  -126 25  -109 0   -25 126 
    0 1     1 0     0 1     1 0 
    0 328  -328 -328     0 328  -328 328 
    3 0     2 3     3 0     3 2 
    2    -2     2    -2 

   -1    -1    -1    -1 
    1    -1    -1     1 
    1     1    -1    -1 

    0     0     0     0 
   -2    -2     0     2 
   -2     2     0    -2 
   -2    -4    -4    -4 
   -4     4    -2    -2 
   -4    -2    -2     4 
    6    -2    -6     2 
    6     2    -6    -2 
   -8     0     2    -6 
   -8    -6     2     0 
    2     2     4     2 
    2     2     4     2 
   -1     1     1    -1 
   -1    -1     1     1 
  -14     4   -12     4 
  -12     4   -14   -10 
  -12   -10   -14     4 
   -6    -2     2    10 
   -6    10     2    -2 
   10     4    -4     4 
   10     4    -4     4 
   -6   -10   -10    -2 
   -6    -2   -10   -10 
   -2     6    -6    18 
   -2    18    -6     6 
   -4    -4   -10    10 
   -4    10   -10    -4 
   12    -4    14     2 
   12     2    14    -4 
  -14     0     8     0 
  -14     0     8     0 
   14    -4   -20    -4 
  -10     6   -14    18 
  -10    18   -14     6 
  -12    -6    -6    12 
  -12    12    -6    -6 
   12    -4    -2     2 
   12     2    -2    -4 
  -14     2    14    -2 
  -14    -2    14     2 
    8    -8    10    22 
    8    22    10    -8 
   14    14    -2     2 
   14     2    -2    14 
  -14     2    -6    22 
  -14    22    -6     2 
  -16    24    22    -6 
  -16    -6    22    24 
    2    -6   -14    -6 
    2    -6   -14    -6 
  -18     2    14    14 
  -18    14    14     2 
   -6   -26    14    14 
   -6    14    14   -26 
    6    18    10   -30 
    6   -30    10    18 
   18   -18    12   -18 
   18   -18    12   -18 
   10    10   -30   -22 
   10   -22   -30    10 
    0   -30     2   -24 
    0   -24     2   -30 
   14    26    14   -10 
   14   -10    14    26 
   -4   -28   -10    -2 
   -4    -2   -10   -28 
  -26   -20    -4   -20 
  -26   -20    -4   -20 
    6   -26    16   -14 
    6   -14    16   -26 
  -18   -24     0   -24 
  -18   -24     0   -24 
  -34    12    12    12 
    6    34   -10   -14 
    6   -14   -10    34 
   10    -6   -26    30 
   10    30   -26    -6 
  -32   -32    38   -26 
  -32   -26    38   -32 
  -14   -32    -4     8 
  -14     8    -4   -32 
  -10    12    24   -36 
  -10   -36    24    12 
   -8    -8    -6   -26 
   -8   -26    -6    -8 
   14    30    -6   -30 
   14   -30    -6    30 
   26    -2    14   -10 
   26   -10    14    -2 
   -2   -26   -22   -14 
   -2   -14   -22   -26 
  -30   -22   -12   -14 
  -30   -14   -12   -22 
   24   -24   -34     6 
   24     6   -34   -24 
  -26   -30   -18     6 
  -26     6   -18   -30 
  -46   -10   -14   -10 
   22   -38     8    22 
   22    22     8   -38 
  -16    14     2    16 
  -16    16     2    14 
  -38    24   -12     0 
  -38     0   -12    24 
   18   -14    10    34 
   18    34    10   -14 
   -6     6   -10     6 
   -6     6   -10     6 
  -22   -30   -30   -30 
  -22   -30   -30   -30 
  -10     2   -32    14 
  -10    14   -32     2 
   -6    10   -38    26 
   -6    26   -38    10 
  -42    26    -2    -2 
  -42    -2    -2    26 
   48    -8     6   -46 
   48   -46     6    -8 
  -34   -18     0   -30 
  -34   -30     0   -18 
    6   -26   -34   -14 
    6   -14   -34   -26 
  -18    42   -24    30 
  -18    30   -24    42 
  -46   -30   -12    -6 
  -46    -6   -12   -30 
    8     0    30    -6 
    8    -6    30     0 
   50    42   -30   -18 
   50   -18   -30    42 
   16    10   -50    -8 
   16    -8   -50    10 
   18    20    48    52 
   18    52    48    20 
    2   -34     2    14 
    2    14     2   -34 
   16     6   -30     0 
   16     0   -30     6 
  -34     6   -30   -18 
  -34   -18   -30     6 
  -26    46    26    26 
  -26    26    26    46 
   18    -2   -28   -10 
   18   -10   -28    -2 
   14    34    32   -26 
   14   -26    32    34 
  -54   -30     6     6 
  -54     6     6   -30 
  -26    12   -32    12 
  -26    12   -32    12 
   -2   -26    50    -2 
   -2    -2    50   -26 
   30    18   -30   -18 
   30   -18   -30    18 
    6    -6     6    54 
    6    54     6    -6 
   42    -2    22    -2 
   42    -2    22    -2 
   42    22   -18     2 
   42     2   -18    22 
  -42    36   -32    36 
  -42    36   -32    36 
    2     6   -62     6 
    6    34   -42    38 
    6    38   -42    34 
  -28   -42    42    36 
  -28    36    42   -42 
   14   -30    30   -18 
   14   -18    30   -30 
   56   -16   -14    34 
   56    34   -14   -16 
  -38   -26    20    -2 
  -38    -2    20   -26 
   38   -22   -58   -10 
   38   -10   -58   -22 
  -14    18    50    -6 
  -14    -6    50    18 
  -30    46    54    50 
  -30    50    54    46 
    4    28    34   -14 
    4   -14    34    28 
   20    12    50   -54 
   20   -54    50    12 
   30   -14    18    38 
   30    38    18   -14 
   18    30    -6    42 
   18    42    -6    30 
   22   -38    42    34 
   22    34    42   -38 
  -26   -46    38   -10 
  -26   -10    38   -46 
   -2    14   -14   -46 
   -2   -46   -14    14 
    6    30    32    18 
    6    18    32    30 
   -6    56   -24   -56 
   -6   -56   -24    56 
   34   -58   -50   -10 
   34   -10   -50   -58 
   28   -12     6    30 
