1 0
200
   -1 
    0 
    2 
    2 
    4 5 
   32 
  -39 -178 
    1 0 
  238 -612 
    3 2 
   -2 

   -1 
    1 
   -1 

    1 
    0 
   -2 
    4 
    2 
    2 
    1 
   -1 
    5 
   -6 
    7 
   -2 
    6 
    9 
    2 
   -9 
  -12 
  -11 
   -1 
    6 
    7 
  -12 
  -12 
    5 
   -5 
   -2 
  -12 
   -5 
  -10 
   -8 
   12 
  -17 
  -15 
    7 
  -14 
  -22 
    6 
    9 
    6 
    8 
   -2 
   -6 
  -10 
    2 
   10 
   -8 
   28 
   20 
    7 
   27 
   29 
   -6 
   13 
  -17 
    0 
   26 
   26 
   18 
  -15 
   30 
   -9 
   24 
  -13 
  -23 
  -32 
  -12 
  -16 
    7 
  -10 
    1 
   -6 
   -1 
  -20 
  -34 
    1 
  -18 
  -24 
   12 
   14 
  -10 
  -18 
  -16 
   -4 
   13 
  -10 
  -26 
   21 
   32 
   28 
   34 
  -38 
  -27 
   30 
   23 
  -26 
  -10 
   -6 
    6 
  -44 
  -14 
  -18 
  -21 
    4 
  -14 
   26 
  -38 
  -43 
   35 
  -22 
  -44 
   38 
  -26 
   42 
   34 
  -30 
   12 
   14 
   15 
   -6 
   17 
   30 
  -11 
   -3 
   15 
  -42 
  -50 
  -24 
  -33 
  -26 
   20 
  -17 
    2 
   30 
  -40 
  -31 
  -14 
   42 
    4 
  -18 
    9 
  -40 
    7 
   13 
   18 
  -54 
  -26 
  -41 
    0 
  -12 
    2 
   52 
   28 
   12 
   44 
   46 
  -12 
  -18 
  -45 
  -42 
   58 
   29 
  -42 
   28 
   12 
   33 
  -11 
   60 
   22 
  -26 
   10 
   48 
  -58 
   -9 
   10 
   53 
   -6 
   27 
    6 
   33 
   -6 
   20 
   58 
  -56 
   -2 
  -48 
    3 
  -35 
  -17 
   33 
  -28 
   41 
   12 
    4 
   38 
    5 
   -6 
   36 
  -42 
  -65 
  -26 
