2 0
200
   -1     1 
    0    64 
    4     4 
    1     1 
    8 3     1 0 
   32    64 
  249 -68   -73 220 
    2 0     0 -1 
  441 147  -147 -294 
    3 2     1 1 
    1    64 

    1    -1 
    1     1 
    1     1 

   -1    -1 
   -2     2 
   -1     1 
   -1    -1 
    2    -2 
    6    -6 
    4    -4 
   -4     4 
   -2    -2 
    6     6 
    2     2 
   -6    -6 
    0     0 
   -8     8 
    0     0 
   -6    -6 
   10    10 
    2    -2 
    6    -6 
    4    -4 
    4    -4 
    0     0 
   -8     8 
    8    -8 
  -16    16 
   14   -14 
   -6     6 
  -14   -14 
    2     2 
   -2    -2 
   -2    -2 
   10    10 
   14    14 
  -18   -18 
  -14   -14 
   10    10 
    2    -2 
  -10    10 
   -2     2 
   -6     6 
    6    -6 
    2    -2 
  -26   -26 
  -10   -10 
   18    18 
   18    18 
  -26    26 
  -14    14 
   14    14 
  -18   -18 
    8    -8 
   -8     8 
  -20    20 
  -28    28 
   -6     6 
   30   -30 
   30    30 
    6     6 
   -2    -2 
  -18   -18 
  -26    26 
  -30    30 
  -28    28 
   20   -20 
   -6    -6 
  -22   -22 
  -22   -22 
   26    26 
   34   -34 
  -26    26 
  -12    12 
   12   -12 
   22    22 
   22    22 
   -2    -2 
   -2    -2 
  -10   -10 
   14   -14 
  -22    22 
  -30   -30 
   18    18 
  -12    12 
  -20    20 
  -10   -10 
  -10   -10 
  -16    16 
   40   -40 
  -14   -14 
  -14   -14 
    6     6 
   38    38 
   22   -22 
  -30    30 
  -30    30 
    6    -6 
  -40    40 
    0     0 
  -14   -14 
   38    38 
   22    22 
   18    18 
  -30   -30 
   -6    -6 
   26    26 
   24   -24 
  -32    32 
   12   -12 
    4    -4 
   12   -12 
   20   -20 
  -30   -30 
   26    26 
  -38   -38 
  -38   -38 
  -30   -30 
   18    18 
    6     6 
   22    22 
  -22    22 
  -18    18 
   14    14 
   14    14 
   42   -42 
  -34    34 
    6     6 
   -2    -2 
   50    50 
   18    18 
   30   -30 
   26   -26 
   10    10 
   34    34 
   24   -24 
   16   -16 
  -16    16 
   32   -32 
   46   -46 
   -6     6 
   14   -14 
  -38    38 
  -26   -26 
   38    38 
   -6    -6 
   34    34 
  -10    10 
    2    -2 
   10   -10 
   46   -46 
  -48    48 
  -32    32 
  -22   -22 
  -14   -14 
  -28    28 
    4    -4 
  -28    28 
  -28    28 
  -52    52 
   28   -28 
   30   -30 
   10   -10 
   34    34 
  -30   -30 
   18    18 
   -2    -2 
   -2    -2 
   22   -22 
   34   -34 
   54    54 
   22    22 
   42   -42 
   46   -46 
  -34    34 
  -38    38 
   38    38 
   22    22 
   -8     8 
   48   -48 
  -10   -10 
   30    30 
   46   -46 
   -6     6 
   50    50 
  -22   -22 
  -48    48 
   48   -48 
  -38    38 
  -66    66 
   -2    -2 
    6     6 
  -58   -58 
   38    38 
    0     0 
   -8     8 
  -34    34 
   -6     6 
   24   -24 
  -56    56 
   10    10 
  -22   -22 
   34    34 
