3 0
200
    1    -1    -1 
  -32     0     0 
    8     8    12 
    1     1     1 
    1 0     3 0     3 0 
  -32     8     8 
   47 20    47 20    47 20 
    0 1     0 1     0 1 
   60 -140    60 -140    60 -140 
    3 0     3 0     3 0 
   -4    -1    -1 
    0     0     0 
    0     0     0 

    1    -1    -1 
    1    -1    -1 
   -1     1    -1 
    1     1    -1 

    0     0     0 
   -1     1     1 
    1    -1     1 
    2     2    -2 
   -4     0    -2 
    0    -4     2 
    2     2    -6 
    0    -8    -6 
   -1    -1     1 
    2    -6    -2 
    4     8   -10 
   10   -10     6 
   -6     6    -6 
    6   -10   -10 
   -2     2    10 
    4    -8    -6 
    4     0    -2 
    2    14   -10 
    2    -6    10 
    0    -8     6 
   -2    -2    10 
  -10     6    10 
   -2   -10    -6 
  -18   -18   -14 
    4   -12     6 
    2    10   -10 
    6   -10   -10 
   -2    10     6 
   14     2   -10 
   16   -16   -10 
    6     6     2 
   10    10    -6 
   12   -20    18 
   14    -2     2 
   -2     6   -22 
    6     6    -6 
   20    24    10 
  -10    10    -2 
  -24    -4   -18 
   -4    24    18 
   18   -22   -10 
   22     6   -10 
   12     4    -6 
   10    18    10 
    2   -18    -2 
   18   -18     6 
    2   -30   -18 
   -6    -6    22 
  -18   -26    10 
    6   -10    10 
   10    14    18 
  -18   -14    26 
  -16   -24   -14 
   24     8    22 
   -6    14     6 
   30    22    10 
    0    28    26 
   -8    28    -2 
    6    -6   -30 
  -26    10   -30 
   12    16   -14 
   14    -6     6 
  -24    -8    -6 
    0   -24    30 
  -12    16    14 
    2     6    22 
   10     2     2 
    8    -8    -2 
   18    10   -10 
   10   -22   -10 
  -16    24    -6 
  -12   -12   -10 
   34     2    18 
   -2    34   -34 
  -26    18   -10 
  -10   -18   -38 
   18   -10    22 
    2   -18     6 
   18   -18    14 
   18     2    18 
  -18    -2   -30 
    2   -22    14 
  -38    22     2 
   -2    26    38 
   -6    10     2 
  -38   -14    10 
    8     0    18 
  -14    -6   -42 
    2   -10   -22 
  -28    12   -26 
   32    16    -6 
    6   -26   -18 
  -38   -14   -34 
  -30   -30    38 
  -30    18     6 
  -22    -6   -14 
   26    42    18 
  -30    14    26 
   -2    -2    -2 
   -2    -2     6 
   42   -42   -18 
  -26   -30    22 
  -10    -6    18 
  -30    -6   -18 
  -10   -10    26 
  -24   -16   -46 
    0     8    -6 
    4    36     6 
  -18    30    22 
  -22    38   -14 
   14   -38   -10 
   42   -18   -26 
   14   -18    26 
   20    12    22 
   -2   -18   -10 
   10    30   -46 
   28    40    18 
   34    22   -18 
   18    -6    10 
   42     2   -22 
   14   -34   -14 
   26    34    34 
   10    -2     6 
    8   -28    34 
  -46   -38   -22 
  -22   -22    18 
   26    26    22 
   -6    -6   -26 
  -22   -18   -50 
  -32     4    14 
  -12   -48    50 
  -22   -34    38 
   18   -38    26 
   -6    34   -38 
   18    18   -14 
  -26   -10     2 
   36    32   -42 
    2     6    14 
   28    16    42 
   18    14   -34 
  -34    -2    10 
  -26     6   -22 
  -54    18    50 
  -46     2    -6 
   30    22    50 
   10    46    -2 
  -20    -8    22 
   38   -14   -26 
   56    24     2 
    8    32    22 
  -44    32   -42 
  -12     8   -38 
   30   -14   -14 
   30   -18   -42 
   26    10    38 
   34     2   -50 
   -8    32   -18 
   28    12   -30 
  -34    14   -50 
  -18   -18    14 
  -54   -46    -6 
   10   -30    42 
  -30   -46    42 
   48   -24    18 
  -24    -8    -2 
   22    10    38 
  -24   -28   -22 
   62    30    18 
    6   -42   -22 
  -36    24     6 
   22   -14     6 
  -22     2   -34 
  -30   -38    30 
    4   -44   -54 
  -50   -34    10 
    6   -26   -14 
  -58   -10    26 
  -10     6    54 
   30   -18   -10 
  -34    -6   -18 
   34   -50    54 
   -2    50    22 
   54    50   -26 
   48    56    22 
    8   -24   -54 
  -58    46    54 
  -10    30   -42 
  -16    -4   -34 
   22     2    22 
   14   -22    10 
   50    34   -58 
   14   -10    26 
  -46    50   -46 
  -58    18    22 
   26    -6    58 
   -6   -38    42 
  -34    54   -54 
  -50     2   -14 
   46    30    30 
  -26   -46    -2 
