6 2
200
    1    -1    -1    -1     1     1 
    0     0     0     0 -6912  -768 
    8     8     6     6     6     2 
    2     1     1     1     3     1 
    3 0     4 1     4 1     4 5     1 0     1 0 
 3072   768   768  1536 -6912  -768 
  -37 0   -17 86   -86 17    45 0   -22 -45   -22 -45 
    0 1     2 0     2 0     0 1     1 0     1 0 
    0 112  -112 112  -112 -112     0 -224     0 -112     0 -112 
    3 0     3 2     2 3     5 0     2 1     2 1 
 -384   192   192    96 -1728  -192 

    1     1     1    -1     1     1 
   -1     1     1    -1    -1    -1 

    0     0     0     0     0     0 
   -2    -2     0     0     0     4 
   -2     0    -2     0     0     4 
   -6     2     2    -2    -2    -2 
   -2    -6     0     4     4     0 
   -2     0    -6     4     4     0 
   -6     0     8    -2     6    -2 
   -6     8     0    -2     6    -2 
   -6     6    -2    -2     6    -2 
   -6    -2     6    -2     6    -2 
    2    -2    -6   -10    -2     6 
    2    -6    -2   -10    -2     6 
    2   -10    -6   -10     6    -2 
    2    -6   -10   -10     6    -2 
    1    -1    -1     1     1     1 
   -6    -6    -2     2    -6    10 
   -6    -2    -6     2    -6    10 
    6     4    10     8    -8    -4 
    6    10     4     8    -8    -4 
   10     8    -4    -6     2   -14 
   10    -4     8    -6     2   -14 
   -6    12    -8    18    -6    10 
   -6    -8    12    18    -6    10 
   -6   -16    16    -2   -10    -2 
   -6    16   -16    -2   -10    -2 
   -2   -14     4     0     0   -12 
   -2     4   -14     0     0   -12 
   10    -2    14   -10    -2   -10 
   10    14    -2   -10    -2   -10 
    2   -14   -10     6     6     6 
    2   -10   -14     6     6     6 
   -6    -6    -6    -6   -22   -22 
   -6     6   -10   -14    18     2 
   -6   -10     6   -14    18     2 
   -6     2    -6    -6    18     2 
   -6    -6     2    -6    18     2 
  -18    18   -24   -12     4     0 
  -18   -24    18   -12     4     0 
  -18    16    -6    12    12    -8 
  -18    -6    16    12    12    -8 
  -10   -20    -2    12   -20    -8 
  -10    -2   -20    12   -20    -8 
  -14    -6   -14    14    14   -18 
  -14   -14    -6    14    14   -18 
   -6    18    -6    -6    18    18 
   -6    -6    18    -6    18    18 
  -10   -20   -10    20     4    16 
  -10   -10   -20    20     4    16 
  -22     6   -10    -6    -6    26 
  -22   -10     6    -6    -6    26 
   10     4    -4    14   -10    -2 
   10    -4     4    14   -10    -2 
    2    26   -14     2    18    18 
    2   -14    26     2    18    18 
   14   -10   -20    12    12    24 
   14   -20   -10    12    12    24 
  -22    -2     2   -14    10   -22 
  -22     2    -2   -14    10   -22 
   -6    22    22    -6    -6    -6 
   -6    22    22    -6    -6    -6 
  -18   -18   -24    -8   -24    12 
  -18   -24   -18    -8   -24    12 
  -14    -2   -22   -26   -10    14 
  -14   -22    -2   -26   -10    14 
  -30   -14   -14    34    -6    -6 
  -30   -14   -14    34    -6    -6 
    2    -2    10   -18    14    14 
    2    10    -2   -18    14    14 
   30   -34    28   -20    28    -8 
   30    28   -34   -20    28    -8 
  -14   -34    14    18    18   -30 
  -14    14   -34    18    18   -30 
   26    10    10    -2   -34   -34 
   26    14    26    -6   -14    34 
   26    26    14    -6   -14    34 
    2    -6   -26     6   -18   -10 
    2   -26    -6     6   -18   -10 
   14    28    -2    28   -20     8 
   14    -2    28    28   -20     8 
   18   -10    -2    -2   -18    30 
   18    -2   -10    -2   -18    30 
  -14    30   -14    -2    14     6 
  -14   -14    30    -2    14     6 
   26    10   -14    18    10   -22 
   26   -14    10    18    10   -22 
   10     4    -4    22   -34   -26 
   10    -4     4    22   -34   -26 
   34   -30    10   -30    18   -14 
   34    10   -30   -30    18   -14 
  -38   -26    10    22   -10    22 
  -38    10   -26    22   -10    22 
   30    12     6   -28   -12     0 
   30     6    12   -28   -12     0 
  -34    -6     0   -20   -36    24 
  -34     0    -6   -20   -36    24 
   18     6   -30    38     6   -18 
   18   -30     6    38     6   -18 
  -46   -30   -30    18   -46    18 
  -14   -22     2   -30   -38   -22 
  -14     2   -22   -30   -38   -22 
  -14    42   -26   -30    -6    26 
  -14   -26    42   -30    -6    26 
   26   -30   -42     6     6   -42 
   26   -42   -30     6     6   -42 
  -14    30   -18   -14     2    18 
  -14   -18    30   -14     2    18 
   34   -14   -14    -6    -6    42 
   34   -14   -14    -6    -6    42 
   26    40    28   -46    26    10 
   26    28    40   -46    26    10 
   18   -26     2    22    -2   -10 
   18     2   -26    22    -2   -10 
  -38    30   -18    22     6     6 
  -38   -18    30    22     6     6 
  -30   -18   -26   -34   -18    -2 
  -30   -26   -18   -34   -18    -2 
   26    14    42    38   -18    22 
   26    42    14    38   -18    22 
   -2    32    22   -24    40   -20 
   -2    22    32   -24    40   -20 
  -14    38    -2    -6    26    10 
  -14    -2    38    -6    26    10 
    6   -30     0   -36    12    24 
    6     0   -30   -36    12    24 
   42   -30    -2     6   -18   -10 
   42    -2   -30     6   -18   -10 
  -30   -26    22   -26    46   -10 
  -30    22   -26   -26    46   -10 
  -26    14     8    -8    40   -52 
  -26     8    14    -8    40   -52 
    2    34   -50   -10    -2   -10 
    2   -50    34   -10    -2   -10 
  -30   -30    30    30   -18   -42 
  -30    30   -30    30   -18   -42 
  -22   -20    -4     6    14   -26 
  -22    -4   -20     6    14   -26 
  -50    26    12    24   -24    -4 
  -50    12    26    24   -24    -4 
   30     8   -14   -20    12    24 
   30   -14     8   -20    12    24 
   26   -22    14   -26     6     6 
   26    14   -22   -26     6     6 
   10    30    -6     2    -6    -6 
   10    -6    30     2    -6    -6 
  -26   -14     4   -24   -56   -20 
  -26     4   -14   -24   -56   -20 
  -26    34    40    36   -44    32 
  -26    40    34    36   -44    32 
   18    18     6   -18   -18     6 
   18     6    18   -18   -18     6 
   -6    -2    10    14    22    -2 
   -6    10    -2    14    22    -2 
   18    46    30   -38   -54    10 
   18    30    46   -38   -54    10 
   10    12    28   -18     6    -2 
   10    28    12   -18     6    -2 
   10    24    12   -22     2    18 
   10    12    24   -22     2    18 
   54    30    48    40    24    12 
   54    48    30    40    24    12 
   -6     6    46   -22   -54    10 
   -6    46     6   -22   -54    10 
    2    38    38   -46   -46   -46 
    2    30    30    26    -6   -54 
    2    30    30    26    -6   -54 
   14     2    52    -8    -8   -52 
   14    52     2    -8    -8   -52 
    2   -30   -30    -2   -34    30 
    2   -30   -30    -2   -34    30 
    6   -26    36     4    36   -16 
    6    36   -26     4    36   -16 
   14    12   -50    36     4    48 
   14   -50    12    36     4    48 
  -22    62   -26    -6    26   -38 
  -22   -26    62    -6    26   -38 
   42     0    -4    26   -30     2 
   42    -4     0    26   -30     2 
  -46   -10    58    54    30   -42 
  -46    58   -10    54    30   -42 
   22   -46    52     8    -8    44 
   22    52   -46     8    -8    44 
  -14   -26   -34    14    22    14 
  -14   -34   -26    14    22    14 
   -6    24     4    34    -6   -38 
   -6     4    24    34    -6   -38 
   54   -10    20    60   -36    24 
   54    20   -10    60   -36    24 
   18   -22     2   -22    34   -14 
   18     2   -22   -22    34   -14 
  -38   -54    18   -14    50   -30 
  -38    18   -54   -14    50   -30 
   50    14   -34     2     2   -46 
   50   -34    14     2     2   -46 
  -18    28    62    20   -60     0 
  -18    62    28    20   -60     0 
   -6   -24    36    -6    66   -30 
   -6    36   -24    -6    66   -30 
    2    14    50   -18    14    46 
    2    50    14   -18    14    46 
   -6   -34    34    -2   -26    -2 
