2 0
200
   -1     1 
    0    16 
    8     4 
    2     4 
    3 0     1 0 
   16    16 
   -5 -16    13 -10 
    0 1     1 0 
  -48 16    32 16 
    3 0     1 2 
    2     4 

    1    -1 
    1     1 

    0     0 
   -1    -1 
   -2     2 
   -2     2 
   -6     2 
    2     2 
   -6     2 
   -2    -6 
   -6     2 
    2     2 
   -2     2 
   10    -6 
    2    -6 
   -6    10 
   10     2 
    2    10 
    2    -6 
   -2    -6 
   -6   -14 
   -6    10 
   -2     2 
  -14    10 
   -6    -6 
  -10    -6 
   18     2 
   -6    -6 
   -6    10 
   -2    10 
    2   -14 
    2   -14 
   18   -14 
    2    10 
  -14    -6 
   -6    10 
    6     2 
   -6    10 
    2     2 
  -10   -22 
   22    -6 
    2    18 
    2   -22 
   10    10 
   14   -22 
   10   -14 
    2    -6 
   -6    -6 
  -22    10 
   -6    -6 
   22   -14 
    2    26 
  -10   -22 
    6    10 
    2     2 
    2     2 
  -30    18 
    6    26 
   10   -22 
   22     2 
  -18    18 
   22     2 
   -6    -6 
  -10   -14 
  -14    10 
   26    -6 
  -30     2 
    2    18 
  -22   -30 
    2    18 
  -30    34 
  -30   -14 
   -6   -14 
  -14   -30 
   10    10 
   26    10 
  -26     2 
  -30    10 
  -26    18 
  -38   -14 
    2    18 
  -14    18 
   18    18 
  -30    10 
   26    26 
   26    26 
  -10   -14 
  -30    18 
   38    10 
    6    -6 
  -34    10 
   10   -22 
  -22    10 
    2   -30 
  -14   -14 
   18   -30 
  -30   -14 
  -38    42 
   26    10 
   10    34 
   34    18 
  -30     2 
   30    42 
    2   -14 
   18    10 
   26    -6 
   18    34 
  -38    18 
  -30   -14 
  -30    18 
    6   -30 
   -2   -14 
   10    10 
  -38   -38 
  -26    18 
  -14    -6 
   -2    10 
   14    42 
  -38   -14 
   34    18 
  -34    18 
   10   -22 
    2   -30 
   46    10 
   18    10 
    2    -6 
   10    18 
    6    42 
   -6    26 
  -46    -6 
    2     2 
   46    26 
   10    42 
   30    50 
  -22    -6 
  -22    -6 
   26    18 
  -14   -30 
    2    10 
   42   -54 
  -30    18 
   42   -14 
   -6   -54 
  -38    42 
    2    -6 
   30    18 
   10   -46 
   14   -38 
    2    26 
   42   -38 
   -6    26 
  -38    26 
   -2   -54 
  -14    50 
   10     2 
   26   -30 
  -34    42 
   54    -6 
  -14    -6 
   30    34 
   50    18 
   26    18 
  -54   -38 
  -22    26 
   50     2 
  -34    -6 
  -46    18 
  -46    10 
   26    10 
   18   -14 
  -22     2 
   26   -22 
   58    -6 
  -38    34 
    2     2 
   22    18 
   -6    10 
   50    10 
   10    26 
   50    26 
   42    -6 
   58    34 
   30    42 
   -6    -6 
   50    26 
  -22   -22 
   30     2 
   42    42 
    2    10 
  -34   -38 
  -14   -30 
  -22    42 
   50    26 
  -14    34 
   42   -14 
  -10    10 
  -46   -62 
   -2   -30 
  -46    -6 
  -62    18 
   50   -14 
  -38     2 
