10 18
100
    1     1    -1    -1     1    -1    -1     1     1    -1 
    0   256     0     0    80     0     0   192   400     0 
   16    16    14    12    10    20    14    12    10     8 
    1     1     1     1     1     1     1     1     1     1 
    4 5     1 0     4 1     4 1     1 0     4 1     4 1     1 0     1 0     4 1 
  128   256    16    32    80    64    16   192   400    64 
  111 166   111 166   111 166   111 166   111 166   111 166   111 166   111 166   111 166   111 166 
    1 0     1 0     1 0     1 0     1 0     1 0     1 0     1 0     1 0     1 0 
    0 720     0 720     0 720     0 720     0 720     0 720     0 720     0 720     0 720     0 720 
    3 2     3 2     3 2     3 2     3 2     3 2     3 2     3 2     3 2     3 2 
    1    23     7     5     7     1     1    17    33     7 

   -1    -1     1     1    -1     1     1    -1    -1     1 
    1     1     1     1     1    -1    -1    -1    -1    -1 
    1     1     1     1     1    -1    -1    -1    -1    -1 
    1     1     1     1     1     1     1     1     1     1 

    0     0     0     0     0     0     0     0     0     0 
   -1    -1    -1    -1    -1     1     1     1     1     1 
   -1    -1    -1    -1    -1     1     1     1     1     1 
    0     0     0     0     0     0     0     0     0     0 
   -2    -2     0     2     4    -6     0     2     4     6 
   -2    -2     0     2     4    -6     0     2     4     6 
   -2     6     2    -6    -2    -2    -2     2     2    -2 
   -2     6     2    -6    -2    -2    -2     2     2    -2 
   -6     2    -2     2     6     2     2     6    -6   -10 
   -6     2    -2     2     6     2     2     6    -6   -10 
  -10     6    -4    10     8     2    -4     2     8   -10 
  -10     6    -4    10     8     2    -4     2     8   -10 
   -2     6     8    -2    -8    10    -8     6     8    -2 
   -2     6     8    -2    -8    10    -8     6     8    -2 
   -6     2   -10   -14     6   -10   -10   -14     6     2 
   -6    10   -10     2     6    -2    10     6    -6    -2 
   -6    10   -10     2     6    -2    10     6    -6    -2 
   -2   -10     2    -2    10     2     2    14    10   -10 
   -2   -10     2    -2    10     2     2    14    10   -10 
   -6    10    -2   -14     6    10    -2     2     6    10 
   -6    10    -2   -14     6    10    -2     2     6    10 
  -10     6    12    14    -4     6   -12    -2     4     6 
  -10     6    12    14    -4     6   -12    -2     4     6 
    2    18    10     2     2    10    10   -14     2   -14 
    2    18    10     2     2    10    10   -14     2   -14 
    2    -6   -10    10   -10   -14    10    14    10    -2 
    2    -6   -10    10   -10   -14    10    14    10    -2 
  -18     6    10   -10    -6   -14    10    14    -6    -2 
  -18     6    10   -10    -6   -14    10    14    -6    -2 
   -2     6     6    10   -14     6    -6    -6    14     6 
   -2     6     6    10   -14     6    -6    -6    14     6 
   10   -22   -18   -22    -2    -6   -18    -6    -2    -6 
    6    14    14   -22    18    -2   -14     2   -18    22 
    6    14    14   -22    18    -2   -14     2   -18    22 
   10    10   -14    10    10   -10    14     6   -10   -10 
   10    10   -14    10    10   -10    14     6   -10   -10 
  -18   -18    -8    10    12    10    -8   -14    12    -2 
  -18   -18    -8    10    12    10    -8   -14    12    -2 
    2   -14     6     2    14     6    -6    14   -14   -18 
    2   -14     6     2    14     6    -6    14   -14   -18 
   14    -2    -6    14   -22   -18    -6    22   -22     6 
   14    -2    -6    14   -22   -18    -6    22   -22     6 
   18     2   -10    10     6     2   -10   -22     6     2 
   18     2   -10    10     6     2   -10   -22     6     2 
   -6    -6   -22     2    18    22    22   -26   -18    -2 
   -6    -6   -22     2    18    22    22   -26   -18    -2 
   14    -2    14     6   -10   -10    14   -18   -10   -10 
   14    -2    14     6   -10   -10    14   -18   -10   -10 
  -10   -18    26    -6    14    -2   -26    -6   -14    -2 
  -10   -18    26    -6    14    -2   -26    -6   -14    -2 
   26   -14     6     2   -10   -18     6     2   -10    18 
   26   -14     6     2   -10   -18     6     2   -10    18 
   14    22   -10    -6     2   -26    10    -6    -2   -26 
   14    22   -10    -6     2   -26    10    -6    -2   -26 
   18     2     6   -30    30   -18    -6   -10   -30     6 
   18     2     6   -30    30   -18    -6   -10   -30     6 
  -10    22   -28    18     8   -22   -28   -30     8    14 
  -10    22   -28    18     8   -22   -28   -30     8    14 
   30   -10    -4    -2   -12    10     4    -2    12    22 
   30   -10    -4    -2   -12    10     4    -2    12    22 
   10    -6    -6   -14   -14   -18     6   -26    14   -18 
   10    -6    -6   -14   -14   -18     6   -26    14   -18 
   -6   -22     6     2     6    -6     6   -14     6    -6 
   -6   -22     6     2     6    -6     6   -14     6    -6 
  -30   -30    26    26    18    -2   -26   -18   -18    22 
  -30   -30    26    26    18    -2   -26   -18   -18    22 
   18     2    22   -22   -18   -14    22   -22   -18   -14 
   18     2    22   -22   -18   -14    22   -22   -18   -14 
    6     6    10    -2   -30    -2    10    -2   -30    22 
    6     6    10    -2   -30    -2    10    -2   -30    22 
   30     6   -30     2     6    30    30   -14    -6     6 
   30     6   -30     2     6    30    30   -14    -6     6 
  -38   -38   -22   -22   -38    26   -22    26   -38   -22 
   22     6    16   -14     4    10    16   -22     4   -26 
   22     6    16   -14     4    10    16   -22     4   -26 
   -6    26     2    -6   -30   -26    -2     6    30   -26 
   -6    26     2    -6   -30   -26    -2     6    30   -26 
  -34    14   -28   -30     8    26   -28    -6     8    14 
  -34    14   -28   -30     8    26   -28    -6     8    14 
   -2   -18   -12    14   -20   -18    12   -10    20     6 
   -2   -18   -12    14   -20   -18    12   -10    20     6 
    2   -22   -22    10    26    14   -22   -22    26   -22 
    2   -22   -22    10    26    14   -22   -22    26   -22 
   38   -18    -2   -10   -10    10    -2    -2   -10   -26 
   38   -18    -2   -10   -10    10    -2    -2   -10   -26 
  -14    18   -34    26   -26   -22   -34    26   -26     2 
  -14    18   -34    26   -26   -22   -34    26   -26     2 
  -26   -18   -20    30   -20   -22    20   -10    20    38 
  -26   -18   -20    30   -20   -22    20   -10    20    38 
  -22   -22    18   -38   -22    -6    18    26   -22    -6 
  -22   -22    18   -38   -22    -6    18    26   -22    -6 
   -6   -30    42   -14   -30    -6   -42    14    30   -18 
   -6   -30    42   -14   -30    -6   -42    14    30   -18 
   26     2    30   -30    14    18   -30    38   -14     6 
   26     2    30   -30    14    18   -30    38   -14     6 
  -10   -26    36    22    20     6   -36    30   -20   -18 
  -10   -26    36    22    20     6   -36    30   -20   -18 
  -38   -30   -46    18    34   -10   -46   -30    34   -46 
  -10    38     2   -42     2   -10     2    30     2    14 
  -10    38     2   -42     2   -10     2    30     2    14 
