2 10
200
    1     1 
    0   -32 
    8     4 
    1     1 
    4 1     1 0 
   64   -32 
  -25 -38   -16 49 
    1 0     1 0 
    0 -164   -82 82 
    3 2     2 1 
   -4    -8 

   -1    -1 
    1    -1 
    1    -1 

    0     0 
   -2     2 
   -2     2 
   -6    -2 
   -4     6 
   -4     6 
   -2    -6 
   -2    -6 
    0     6 
    0     6 
   -6    10 
   -6    10 
   -1     1 
   -1     1 
  -10   -10 
   -4    -2 
   -4    -2 
   10    -2 
   10    -2 
   -2    -2 
   -2    -2 
   -6    10 
   -6    10 
   14    -6 
   14    -6 
   12    14 
   12    14 
  -12   -18 
  -12   -18 
   -2    -2 
   -2    -2 
  -22   -18 
  -18    -6 
  -18    -6 
  -12    22 
  -12    22 
   -4     6 
   -4     6 
   -6    -2 
   -6    -2 
    0    -2 
    0    -2 
   22    18 
   22    18 
  -14   -10 
  -14   -10 
    8    22 
    8    22 
  -22    18 
  -22    18 
   -2   -14 
   -2   -14 
   -6   -22 
   -6   -22 
    6    14 
    6    14 
   -6    -6 
   -6    -6 
   10     2 
   10     2 
  -24   -18 
  -24   -18 
  -10   -14 
  -10   -14 
   28     6 
   28     6 
    2     6 
    2     6 
   14    10 
   14    10 
   18   -34 
   18   -34 
  -22   -34 
   14    22 
   14    22 
  -30     6 
  -30     6 
   -8    -2 
   -8    -2 
   14     6 
   14     6 
  -30   -26 
  -30   -26 
   -8     6 
   -8     6 
  -34     2 
  -34     2 
  -22   -30 
  -22   -30 
  -10    10 
  -10    10 
   10   -30 
   10   -30 
   40   -10 
   40   -10 
   30    18 
   30    18 
  -30   -46 
  -42   -38 
  -42   -38 
   32    30 
   32    30 
  -42    -2 
  -42    -2 
   26   -14 
   26   -14 
   42   -22 
   42   -22 
    2   -46 
    2   -46 
  -42     2 
  -42     2 
   42    -6 
   42    -6 
   -2     2 
   -2     2 
   -8    30 
   -8    30 
   38   -30 
   38   -30 
   38    50 
   38    50 
   -2    34 
   -2    34 
   18    18 
   18    18 
    8    14 
    8    14 
  -14   -34 
  -14   -34 
    8    38 
    8    38 
  -26   -42 
  -26   -42 
  -30    34 
  -30    34 
    8    30 
    8    30 
  -18   -34 
  -18   -34 
   14    26 
   14    26 
   -6    10 
   -6    10 
   14    -6 
   14    -6 
   34   -10 
   34   -10 
  -30   -10 
  -30   -10 
  -34   -18 
  -34   -18 
  -50    18 
  -50    18 
  -42    34 
  -42    34 
  -14    58 
  -14    58 
   18    -2 
   18    -2 
  -14    22 
  -14    22 
  -46     2 
  -10     2 
  -10     2 
  -20    -2 
  -20    -2 
  -18   -14 
  -18   -14 
    8   -26 
    8   -26 
    2     2 
    2     2 
  -10   -54 
  -10   -54 
   42   -14 
   42   -14 
  -54   -26 
  -54   -26 
  -44    62 
  -44    62 
  -28    38 
  -28    38 
   14    -6 
   14    -6 
   50    38 
   50    38 
   22    30 
   22    30 
  -18   -14 
  -18   -14 
   -2     2 
   -2     2 
  -50    -6 
  -50    -6 
  -10     6 
  -10     6 
  -22    -6 
  -22    -6 
   36   -34 
