2 0
200
   -1     1 
    0    72 
    4     4 
    1     1 
    3 0     1 0 
   16    72 
  -17 52    42 31 
    0 1     1 0 
  156 52    52 104 
    3 0     2 1 
    2    18 
    0     0 
    0     0 

    1    -1 
    1    -1 
    1    -1 
    1     1 

    0     0 
    2     2 
   -1     1 
    2     2 
   -1     1 
   -1    -1 
   -2    -2 
   -6     2 
   -6    -2 
   -6     6 
   -2     6 
   -6     6 
    6    10 
   -6     6 
    6   -10 
    2     6 
   -2   -10 
    2    -2 
  -14    -2 
   14     2 
   -6    -6 
   -6    -6 
   -6   -14 
   10    18 
   -6    -2 
    6   -10 
  -18     6 
   10    -6 
   18    -2 
   -2   -10 
    2    18 
   -6    10 
  -14    -6 
  -14    -2 
  -14    10 
   -6    22 
    2     2 
   18   -18 
  -26   -18 
   -6    -2 
   10    -2 
  -14    -2 
    2     2 
   10     6 
    2    18 
   -6    22 
   10    22 
   14    14 
   26    -6 
   18    -6 
   18    14 
   -2     2 
   18   -14 
  -14    10 
  -14    -6 
   18   -14 
   10    -2 
   30    22 
    6    18 
   10     6 
   10   -18 
   30    -2 
    2    10 
   30   -26 
  -18   -10 
    2    30 
   26    10 
  -26    22 
   -2   -26 
  -30    30 
   18   -14 
   14    -6 
   18   -30 
  -38    -6 
  -14   -34 
   -6    -6 
   -6   -22 
    2     6 
  -18   -34 
  -38   -30 
   18    18 
   14    18 
  -30   -10 
   -6     2 
   10   -34 
  -38    26 
   18   -14 
   14    18 
  -30     6 
   18   -18 
   -6   -38 
   38     6 
  -38   -18 
  -18   -26 
   -6   -34 
  -30   -38 
  -30    26 
   18   -14 
  -34   -10 
   10    -2 
   38   -18 
   18    46 
   18    18 
   26    10 
   22    18 
  -14    42 
  -30   -30 
   26     6 
  -42    14 
  -26    -2 
  -30    34 
   10     6 
   18    -6 
   -6    -2 
  -34    14 
  -42   -10 
   18   -38 
  -30   -42 
  -22    14 
   18   -14 
  -50    -2 
    2    42 
  -18     6 
  -22   -26 
   34   -46 
  -30    42 
  -18   -42 
   18    38 
  -14     2 
  -14    46 
  -22    22 
  -10   -10 
   18    10 
  -22   -22 
  -46   -14 
   34    18 
  -26   -18 
   26    38 
   34   -30 
  -38    30 
   -6    18 
  -14    10 
  -22   -22 
   42   -10 
    2    14 
   26     6 
   54    14 
   10     6 
   -6    10 
  -54    42 
   26   -18 
  -14   -22 
  -14    42 
   42   -30 
   50    22 
  -18   -30 
  -30     2 
   -6   -38 
   -2    14 
  -30    30 
  -14   -14 
  -22    -6 
    2    50 
   50     2 
    6   -38 
  -50   -42 
  -14    14 
   34    10 
   26    34 
  -26     6 
   42   -26 
  -18    -2 
   34    14 
   10   -38 
  -10    18 
   10    10 
   26   -54 
   34   -58 
  -50     6 
  -30   -14 
  -14    10 
   54     6 
  -14    14 
   26    22 
   42    10 
   -6    30 
   18   -42 
  -22   -58 
   34    18 
  -34   -14 
   50   -10 
   14    38 
   34   -14 
   42   -30 
    2    30 
   26   -54 
   18    42 
    2    62 
   30    -6 
    2   -46 
