4 2
25
   -1     1    -1     1 
    0    96     0   -48 
   12     8    16    12 
    1     1     1     1 
    4 5     1 0     8 3     1 0 
   32    96    64   -48 
   -9 46    -9 46    -9 46    -9 46 
    1 0     1 0     1 0     1 0 
 -120 120  -120 120  -120 120  -120 120 
    3 2     3 2     3 2     3 2 
   -1     5     1    -3 

   -1     1    -1     1 
    1     1    -1    -1 
    1     1    -1    -1 
   -1    -1    -1    -1 

    0     0     0     0 
   -1    -1     1     1 
   -1    -1     1     1 
    1     1     1     1 
    2     6    -2     2 
    2     6    -2     2 
   -2     2    -6     6 
   -2     2    -6     6 
   -6    10    -2    -2 
   -6    10    -2    -2 
    2   -10     6    10 
    2   -10     6    10 
   -6     2    -6     2 
   -6     2    -6     2 
  -14     2     2   -14 
   -6     2   -10    -2 
   -6     2   -10    -2 
   14   -10   -10    -2 
   14   -10   -10    -2 
    2    10    10   -14 
    2    10    10   -14 
    2    -6    -6   -14 
    2    -6    -6   -14 
  -14   -14    18     2 
  -14   -14    18     2 
