3 0
200
   -1    -1     1 
    0     0     8 
    5     3     2 
    1     1     1 
    4 1     4 1     1 0 
   32    16     8 
  -31 -36   -31 -36   -22 82 
    1 0     1 0     0 -1 
   45 -165    45 -165   -60 -105 
    2 3     2 3     1 1 
   -5     1     8 
    0     0     0 
    0     0     0 

    1    -1     1 
   -1    -1     1 
   -1     1     1 
    1     1    -1 

   -2     0     1 
    0     0     0 
    1     1    -1 
    1    -1    -1 
    0    -6    -2 
   -1    -1     1 
    0    -2    -2 
   -6     6     6 
   -4     4    -6 
    0     0     2 
  -10     4     2 
   -6   -10   -10 
    2     2    -2 
   -2    -2     6 
   12    -4    -6 
    6     8    -2 
   10     6    10 
   -6    -6    10 
   10   -14    10 
   -2   -10     2 
  -10    -4     6 
   -8    -8    14 
   -2    -6   -14 
   -4    14     2 
   -2    -2     2 
  -10    14     6 
   10     2   -18 
    6   -14     2 
    4    -4   -18 
   -4    14     6 
    6    -2    -2 
  -18   -10    18 
   18    10    -2 
    2   -12     2 
   -6    14    10 
  -10   -18    10 
  -10   -18    22 
   -4    10    22 
  -14    18    18 
  -14    -8    14 
  -10     6    -2 
   14   -26    -2 
  -20    14    18 
    2   -18   -14 
   14   -12    -2 
   -6   -18    18 
  -14     2     6 
    6   -26     6 
  -26   -22     6 
    6     0    10 
  -14   -14    14 
  -12   -16    26 
  -14   -18    -2 
    2     0    26 
  -18    -2   -14 
   26    -6    10 
  -26    26   -10 
  -26     4     2 
  -18   -26    22 
  -26    18   -10 
    8    30   -30 
   22   -10    -6 
  -16   -14   -30 
   30    10     2 
  -18    18   -14 
    8   -22    -6 
    8    -6   -22 
  -34   -18    26 
  -30   -34    -2 
  -26   -26   -10 
   26   -10    30 
   20   -18   -10 
  -22   -14    -6 
  -14   -22     6 
   28    22    14 
   18    -6     2 
   -2     6    10 
   10    22    14 
   18     8    18 
    4    24   -18 
  -18    38    -6 
   20    -4   -14 
  -10    10    30 
  -14    -6   -30 
   28    16   -10 
   38    10     2 
  -14    -4     6 
   -6   -14   -42 
   30    -2   -18 
   14   -30    26 
   32   -10    18 
  -18   -10    -2 
   -4     0   -22 
  -30     6     6 
    8     0    18 
  -32    12   -18 
   24    36    30 
  -10   -38   -42 
  -30    22    30 
  -38   -30    14 
   46    38    18 
  -24   -18    42 
   18   -22     6 
   42    26     6 
  -18    14    10 
   26   -32   -42 
   10   -46    22 
  -42     8    18 
  -20    16   -46 
    4   -40   -30 
  -26   -34   -42 
   24    30   -26 
   26    10    30 
   18   -20   -30 
   38   -34   -50 
  -34    30    -2 
  -44    34    34 
  -18    34    18 
  -40    44   -50 
    2     2     2 
  -46   -26   -14 
   16     6    26 
    6    46    26 
  -26     8    -2 
  -10    46   -46 
   -2   -26     2 
   -6    -6    38 
    6   -10   -34 
   -6    14    14 
  -40    38   -18 
   -6    18    22 
   26    48    -6 
   20    48     6 
   34    18    10 
   -2    14    34 
  -46    -6   -14 
   10   -38    42 
  -12   -34   -54 
   48   -10   -22 
   -2   -30     2 
   44   -20     6 
    0    24    14 
   18   -10    42 
  -18   -18    10 
   38    34   -14 
   34   -34    -6 
   46     8   -14 
   -2    10   -50 
   38    14    54 
  -18    20    42 
    8     6    -2 
   18   -10   -18 
  -18    18   -18 
   50    18   -18 
  -14   -46    30 
    6    38    14 
  -14    -2    10 
  -38     0    -2 
  -18   -34    -2 
  -12    16    26 
   42     0    18 
   38    46    54 
   46   -58   -38 
   42   -42    46 
  -24   -30   -18 
   38    32   -14 
    6    22   -26 
   50    -2    18 
  -46     2   -46 
  -26    14    42 
   34    36     6 
   46    -2    30 
   26   -54   -50 
   14    44   -26 
  -18   -46    18 
   18    54    58 
   42    -2    26 
  -24   -52    42 
  -30   -62   -50 
    0     0   -10 
   44    44   -34 
  -58   -40    50 
    6    14   -26 
    2   -44   -46 
  -54    -6   -50 
   16    16    -6 
  -24    24   -22 
   -8    22    -2 
  -26    34   -58 
   60   -20    50 
  -34   -38    30 
  -14   -34   -14 
  -56    14    42 
  -54    62   -30 
   14   -18    34 
  -30    22   -42 
   62   -12    26 
  -10     6   -26 
  -56    12    50 
   14   -34   -10 
