5 0
25
    1    -1    -1    -1    -1 
   12     0     0     0     0 
    6    12    14    12     6 
    1     1     1     1     1 
    1 0     4 1     4 1     4 1     4 1 
   12    16    48    48    16 
  -13 80   -89 -34   -89 -34   -89 -34   -89 -34 
    1 1     2 0     2 0     2 0     2 0 
  100 140  -100 -140  -100 -140  -100 -140  -100 -140 
    3 0     3 2     3 2     3 2     3 2 
    3    -1    -1    -3    -1 

    1     1     1    -1     1 
    1     1    -1    -1    -1 
    1    -1    -1    -1    -1 
   -1    -1     1    -1     1 

    0     0     0     0     0 
   -1    -1     1     1     1 
   -1     1     1     1     1 
    4    -2    -4    -2     4 
    2     2    -2     0    -6 
    4    -2     0    -4    -4 
   -2    -2     6    -8    -6 
    4    -2    -8     2     0 
    4    -2     4     4    -8 
   -2    -2   -10    -6    -2 
    1     1    -1     1    -1 
   -6    -6    -2     2   -10 
   -6     6     6    -2    -2 
   -2    -2     2     2    -6 
    4    10   -12    -8     8 
   14     2    -6     2    -6 
    2     2   -10     0     2 
    6    -6    10    -2    10 
    6    -6    10    -8     6 
  -10   -10   -10    -2   -10 
   16    -2    -4     6    -4 
    2   -10    -6     4     6 
  -10     2     6     6   -10 
   10    10    -6   -14   -14 
   -2    -2     6     2    14 
