2 0
25
   -1    -1 
    0     0 
    6     6 
    1     1 
    3 8     5 4 
 4416  3312 
  -45 16   -45 16 
    1 0     1 0 
 -168 -42  -168 -42 
    3 2     3 2 
   69   -69 

    1    -1 
    1     1 
   -1    -1 
   -1     1 

   -1     1 
    0     0 
    0    -2 
   -1    -1 
    4    -2 
    0     4 
    1     1 
    2    -6 
    6     2 
   -6     6 
   -6     2 
   -2    -6 
   -2    -4 
  -10   -12 
    1    -1 
   -6   -10 
   -6     6 
   -8     0 
   -8    -6 
  -10    -4 
   -2    -4 
    6    -6 
    6     6 
    2   -12 
  -14   -16 
