2 0
25
   -1    -1 
    0     0 
    6     8 
    1     1 
    8 3     4 5 
 2432  1824 
   -3 -68    -3 -68 
    1 0     1 0 
  126 -210   126 -210 
    3 2     3 2 
   76    76 

    1    -1 
    1     1 
   -1    -1 
   -1     1 

   -1     1 
    0    -2 
    0     0 
   -1    -1 
    0     4 
    4    -2 
    2    -6 
    1     1 
   -6     6 
    6     2 
   -2    -6 
   -6     2 
  -10   -12 
   -2    -4 
    1    -1 
   -6     6 
   -6   -10 
   -8    -6 
   -8     0 
   -2    -4 
  -10    -4 
    6     6 
    6    -6 
  -14   -16 
    2   -12 
