1 0
200
   -1 
    0 
    9 
    1 
    5 4 
   24 
  -26 -63 
    1 0 
  136 -204 
    2 3 
   -1 

   -1 
   -1 
    1 
    1 

    0 
   -3 
    2 
   -1 
    1 
    1 
   -1 
   -1 
  -10 
    6 
   -3 
    0 
    7 
   -4 
   -4 
   -4 
    4 
  -14 
    1 
   -7 
   10 
   10 
   -3 
    2 
   -6 
  -10 
   12 
    7 
   -8 
  -10 
   -1 
    4 
   -8 
  -10 
  -10 
  -15 
  -13 
    1 
   -2 
    6 
   22 
   10 
  -17 
  -14 
    7 
    8 
    1 
  -14 
  -16 
   -6 
   -4 
   -9 
    5 
   27 
   18 
    4 
  -13 
  -10 
   -6 
   23 
  -19 
  -12 
    6 
  -17 
    3 
  -34 
  -21 
   33 
   16 
   -5 
   -9 
    0 
  -18 
   19 
  -22 
    3 
  -33 
   12 
   29 
   15 
  -20 
    6 
   38 
  -28 
   17 
   38 
  -39 
   -9 
    4 
  -15 
   10 
   32 
  -18 
  -18 
   -1 
   -3 
   -7 
   -1 
    6 
  -42 
  -26 
   23 
  -17 
   13 
  -42 
    7 
    2 
    3 
   -3 
  -26 
  -20 
   -6 
   45 
  -20 
   15 
  -15 
   14 
   -8 
    7 
  -42 
  -31 
    6 
   13 
   19 
  -25 
   42 
    6 
   10 
   16 
  -22 
  -16 
   -2 
  -18 
   30 
  -10 
   50 
   24 
  -11 
   11 
   15 
   23 
   27 
  -13 
   30 
  -18 
   20 
   38 
   22 
  -14 
  -52 
  -16 
  -19 
  -48 
    8 
   24 
  -10 
   49 
  -35 
   53 
    2 
   15 
   45 
    4 
  -34 
  -48 
  -13 
   -3 
   10 
   29 
  -39 
   21 
   22 
  -23 
   -6 
   -2 
   -6 
  -12 
  -10 
  -45 
  -35 
   15 
    2 
   38 
    7 
  -28 
   49 
   41 
   38 
  -14 
   25 
   40 
   15 
   31 
   46 
  -10 
   -6 
   16 
   16 
  -51 
  -50 
