2 0
25
   -1    -1 
    0     0 
    4     2 
    1     1 
    3 0     3 0 
   24     8 
  -18 -55   -18 -55 
    0 1     0 1 
 -165 55  -165 55 
    3 0     3 0 
    3    -1 

    1     1 
    1     1 
    1     1 

   -1     1 
    0     0 
   -1    -1 
    1     1 
    4     0 
    0    -4 
   -3     3 
   -3     3 
   -1    -3 
   -3    -1 
    7     3 
   -3    -7 
    4   -12 
  -12     4 
   -5    -5 
    7     3 
   -3    -7 
    1    11 
   11     1 
   -6     6 
   -6     6 
  -13    -5 
   -5   -13 
   -8    12 
  -12     8 
