1 0
200
    1 
   72 
    9 
    1 
    1 0 
   72 
  -32 -47 
    1 0 
  -18 -126 
    2 1 
   18 
    0 
    0 

   -1 
    1 
    1 

    0 
   -3 
    0 
    0 
   -2 
    3 
    3 
   -7 
    4 
    9 
   -9 
   -4 
   -4 
    6 
   11 
   -8 
    2 
   -7 
    8 
   10 
  -10 
   11 
  -14 
  -18 
    2 
    3 
   -2 
   -2 
   18 
    2 
   -8 
    4 
    6 
    6 
   16 
    1 
  -12 
    3 
   24 
   14 
   11 
   26 
   12 
   12 
   -2 
   -7 
    7 
   12 
   -5 
   15 
   28 
    8 
   28 
    8 
   10 
  -20 
  -16 
  -11 
    9 
   14 
   18 
   -2 
  -21 
   -6 
    9 
   -6 
    3 
   13 
  -10 
   25 
   -2 
  -32 
    8 
  -20 
   10 
   27 
   12 
   34 
   -6 
  -10 
   15 
   19 
  -11 
   10 
  -15 
   26 
   16 
    9 
    9 
   -2 
  -17 
    6 
  -14 
   -6 
   -6 
  -36 
  -26 
  -37 
   22 
    2 
    6 
   31 
    0 
  -20 
   22 
  -38 
    4 
  -36 
   32 
   -8 
   23 
  -12 
   -2 
    3 
  -31 
    9 
   14 
   -1 
  -30 
  -20 
   44 
  -26 
   37 
   22 
  -26 
  -16 
   40 
  -35 
    4 
   -6 
    8 
  -17 
   22 
    2 
    2 
   52 
    3 
  -32 
   18 
   38 
    4 
   -6 
  -15 
  -30 
  -10 
   35 
   50 
  -15 
   28 
  -22 
   17 
  -18 
  -20 
  -40 
   35 
   -5 
    2 
   42 
   59 
  -36 
  -36 
  -36 
  -13 
  -45 
  -15 
   14 
   14 
   14 
   44 
  -45 
  -10 
  -35 
   40 
   40 
   30 
  -21 
  -31 
   30 
  -55 
  -46 
   34 
  -26 
   -6 
   29 
   -6 
   38 
   18 
   50 
   20 
  -15 
  -10 
   18 
   43 
    8 
  -47 
  -33 
   67 
  -19 
    1 
   31 
