1 0
200
    1 
   12 
    3 
    1 
    1 0 
   12 
  -36 -45 
    1 0 
  -28 -126 
    2 1 
    3 

   -1 
    1 
   -1 
   -1 

    0 
    3 
   -1 
    1 
   -1 
    2 
    1 
    0 
    3 
    6 
   11 
    5 
   -6 
    0 
    1 
    0 
   -9 
   -1 
    8 
  -13 
   11 
   -6 
  -15 
    8 
  -10 
   -9 
    3 
   17 
   14 
    0 
  -12 
   -4 
   12 
   -3 
   12 
  -18 
   14 
   14 
  -18 
    6 
   23 
   14 
  -16 
  -16 
   15 
    6 
   26 
   29 
  -27 
    9 
   -1 
  -10 
   21 
    6 
    6 
   27 
  -22 
    8 
  -12 
  -24 
    9 
  -24 
  -34 
   29 
   -6 
   12 
   17 
   14 
  -10 
   26 
   24 
   27 
    5 
  -13 
   26 
    3 
  -30 
  -22 
   26 
  -15 
   12 
    5 
   35 
  -10 
  -22 
   14 
  -25 
  -30 
    6 
   -1 
    8 
   30 
  -30 
  -42 
  -36 
    0 
   18 
   35 
    8 
   35 
   12 
  -18 
  -24 
    0 
   -4 
    2 
   36 
  -21 
  -25 
  -28 
  -16 
    2 
   -6 
   -6 
   33 
   12 
  -45 
  -39 
  -10 
  -10 
  -46 
   14 
  -39 
   42 
  -27 
  -39 
  -19 
    8 
   11 
   14 
   11 
   20 
  -15 
  -27 
  -10 
    5 
   -6 
   30 
  -39 
  -18 
  -12 
  -18 
    6 
  -24 
    2 
   11 
   56 
  -40 
  -45 
  -45 
   14 
  -58 
   18 
   15 
   15 
    0 
   17 
  -10 
   30 
   54 
   -9 
   36 
   38 
  -18 
  -30 
   14 
   32 
  -22 
    2 
  -36 
  -30 
  -58 
   50 
  -46 
   -1 
  -39 
   30 
    0 
    6 
   -4 
  -10 
  -34 
   20 
   42 
    0 
  -15 
  -45 
  -52 
  -16 
  -31 
   50 
  -34 
  -28 
    0 
   42 
   57 
  -63 
  -22 
    2 
   26 
