4 2
200
    1     1    -1     1 
   40    32     0     8 
   10     8     4     2 
    1     1     1     1 
    1 0     1 0     4 1     1 0 
   40    32    32     8 
   58 7    58 7   -94 -39    58 7 
    1 0     1 0     2 0     1 0 
  108 72   108 72   -36 -180   108 72 
    2 1     2 1     2 3     2 1 
   10     8    -3     2 
    0     0     0     0 
    0     0     0     0 

   -1    -1     1    -1 
    1     1     1     1 
    1     1     1     1 

    0     0     0     0 
   -4    -2     2     4 
    0     0     0     0 
    0     0     0     0 
    2     2    -6     2 
   -1    -1    -1    -1 
    4    -4     8    -4 
   -4    -8    -4     4 
   -8     8     0     8 
    0     0     0     0 
    6    -6     2     6 
    6     6   -10     6 
    4     8   -12    -4 
    0    -6    -6     0 
    2     2    -6     2 
  -12    -6     6    12 
   -4    10    -2     4 
   -2    -2    -2    -2 
   -2    10     2    -2 
  -10    14   -10   -10 
    6     6     6     6 
   12   -12     8   -12 
   16     2   -14   -16 
  -18     6   -10   -18 
   -2   -14     2    -2 
   -4    10    -2     4 
   12     6    10   -12 
   18     6    -2    18 
  -14    10    -6   -14 
   -4    16     4     4 
   12     0   -12   -12 
   10   -14    10    10 
   12    12    16   -12 
   -8    14   -10     8 
    4    14    -6    -4 
   16    -4    12   -16 
   14    14   -10    14 
  -18     6    -2   -18 
   12    -6    14   -12 
  -20    14     2    20 
   10   -14    18    10 
   10   -14   -14    10 
    2     2   -14     2 
   18     6     6    18 
  -12    18    14    12 
   -8    -4   -12     8 
   10   -14    10    10 
   26   -22    -6    26 
   24     6    14   -24 
    0    -6    -6     0 
   14    26    10    14 
   14    14    22    14 
   -8     2   -22     8 
   16    14    -2   -16 
  -24    12    20    24 
  -32   -28   -28    32 
   10   -26    14    10 
   10    -2     6    10 
   12   -12     8   -12 
  -24     6    30    24 
    0     0    32     0 
    4     2    14    -4 
   10    10     2    10 
   10   -14    -6    10 
   20    22   -30   -20 
   24     0    -8   -24 
   -2   -26   -26    -2 
   -2    22    22    -2 
   -2    34    -6    -2 
  -18   -18   -26   -18 
   16   -10     6   -16 
   36    12   -24   -36 
   -6    18    10    -6 
    6   -18   -26     6 
  -10   -34   -18   -10 
  -24   -24   -32    24 
    8     4   -20    -8 
   30   -18   -26    30 
   14    14   -18    14 
   36   -12     0   -36 
   24    -6     2   -24 
    6   -18    22     6 
  -10    38   -26   -10 
   26   -10   -18    26 
  -22     2    26   -22 
    2   -10   -10     2 
  -14    34    34   -14 
  -12    12     8    12 
  -24   -30    26    24 
    6     6   -26     6 
   22    -2     6    22 
   12    -6    -2   -12 
    0    36   -12     0 
    4   -34    10    -4 
    8   -32    24    -8 
   28   -28    24   -28 
   44    28     0   -44 
   34    22   -10    34 
    2   -10   -34     2 
  -14    10     2   -14 
  -12    30   -22    12 
   16    -4   -36   -16 
  -24    30    22    24 
   16   -22    26   -16 
   18    42    18    18 
   18    30   -18    18 
  -12    36    16    12 
   24   -30    42   -24 
   26   -22    26    26 
  -38    34     2   -38 
  -26    34    26   -26 
    6   -42   -42     6 
   12    12     0   -12 
   40   -10    14   -40 
   -4    -8   -36     4 
   20     4     0   -20 
   16    32   -16   -16 
  -24   -24    16    24 
  -10    14    -2   -10 
   22    22     6    22 
  -14    34   -22   -14 
   18    -6    34    18 
  -12    42     6    12 
   28   -22   -18   -28 
   32    16   -32   -32 
    0   -12     4     0 
   -6    30   -10    -6 
  -22    26   -30   -22 
    2     2   -30     2 
   34    10    -6    34 
   10   -26    14    10 
  -22    26   -22   -22 
  -20    44    16    20 
    8    22    14    -8 
  -14   -50    14   -14 
  -30    42   -38   -30 
  -12   -18    -6    12 
   32     4   -28   -32 
    0   -48     0     0 
   48    12    12   -48 
  -12   -48    12    12 
    4   -40   -44    -4 
  -28   -50    26    28 
  -16    28    44    16 
    2   -10   -34     2 
  -30   -30    34   -30 
  -10   -10    22   -10 
  -42     6   -10   -42 
   -8    14    54     8 
  -48    18    34    48 
  -18     6   -10   -18 
   14    50   -22    14 
  -48    30   -18    48 
  -24   -30    26    24 
   40    26   -14   -40 
  -36     0     4    36 
  -22   -22   -54   -22 
  -38    22   -10   -38 
  -28    10     6    28 
    0     0   -16     0 
   -8   -34     6     8 
    0   -30    34     0 
   50   -46    -6    50 
   32    22   -10   -32 
   28   -40    12   -28 
    6    42   -30     6 
  -58    26   -14   -58 
   -2    46    14    -2 
   -2    46    -2    -2 
   36    42   -42   -36 
  -44    14   -54    44 
   -2   -38     2    -2 
   14    38   -50    14 
   22   -38    26    22 
    6     6    22     6 
   -8    14    22     8 
   24    30    38   -24 
  -40   -20   -60    40 
   12    54    -6   -12 
  -50   -50    30   -50 
   -2    46    54    -2 
   -6    -6   -54    -6 
   26   -34    22    26 
   -8    14    54     8 
    4   -16   -52    -4 
   24   -48    24   -24 
  -24   -60    28    24 
  -46   -22     2   -46 
   18    -6    18    18 
  -26    22    54   -26 
   38   -10    22    38 
  -34   -34   -26   -34 
   -2    22   -34    -2 
  -12     6    18    12 
    0    60    -4     0 
   24   -42   -34   -24 
   48   -30    18   -48 
  -46    50   -30   -46 
  -30   -54     2   -30 
  -46     2    58   -46 
