2 0
100
    1     1 
   24    -8 
    6     2 
    1     1 
    1 0     1 0 
   24    -8 
   -8 -17    -8 -17 
    1 0     1 0 
    0 -42     0 -42 
    2 1     2 1 
    6    -2 

   -1    -1 
   -1    -1 
   -1    -1 

    0     0 
    0     4 
    0     4 
    1     1 
    2    -6 
    2    -6 
    0    -4 
    0    -4 
    6    -2 
    6    -2 
    2     2 
    2     2 
   12     0 
   12     0 
    1     1 
   -6    -6 
   -6    -6 
  -10     6 
  -10     6 
  -10    -2 
  -10    -2 
   12     0 
   12     0 
  -10    -2 
  -10    -2 
  -12    16 
  -12    16 
   14    -2 
   14    -2 
   -6    10 
   -6    10 
   14   -18 
    6    -2 
    6    -2 
   -6    -6 
   -6    -6 
   14    14 
   14    14 
  -12    16 
  -12    16 
    2    -6 
    2    -6 
  -10   -10 
  -10   -10 
   -6   -22 
   -6   -22 
    2    10 
    2    10 
    6    14 
    6    14 
  -10    14 
  -10    14 
  -12   -24 
  -12   -24 
   24   -20 
   24   -20 
  -22   -22 
  -22   -22 
  -18   -10 
  -18   -10 
  -12     0 
  -12     0 
   26    10 
   26    10 
  -30    18 
  -30    18 
  -22    -6 
  -22    -6 
  -10    22 
  -10    22 
    0    12 
    0    12 
  -22   -22 
  -10    22 
  -10    22 
   30    22 
   30    22 
   14   -18 
   14   -18 
    6   -18 
    6   -18 
   14    38 
   14    38 
   26    -6 
   26    -6 
   26    26 
   26    26 
  -30   -14 
  -30   -14 
  -22    10 
  -22    10 
   12    40 
   12    40 
   24   -36 
   24   -36 
    0    12 
    0    12 
  -10   -42 
    2   -30 
    2   -30 
