3 0
25
    1     1     1 
   20    64    16 
    5     8     8 
    1     1     1 
    1 0     1 0     1 0 
   20    64    16 
   87 -20   -43 10   -43 10 
    1 1     0 1     0 1 
  100 -160    30 130    30 130 
    3 0     3 0     3 0 
    5     6     2 

   -1     1     1 
    1    -1    -1 
   -1    -1    -1 
   -1    -1    -1 

    0     0     0 
   -1     1     1 
    1     1     1 
    5     2     2 
    1    -2     2 
    5    -2    -2 
    2     2    -2 
   -4    -6     6 
   -6     6     6 
   -9    -2    -2 
   -3     6    -2 
    3    -2     2 
    1    -6    10 
    0     2     2 
    6    -6     2 
   12    14     2 
    5     6    -6 
   13    14   -10 
   -5    -2    -2 
   13    10     2 
  -10    10   -14 
    8    -6    10 
    1     1     1 
    6    10    -2 
    2     2    14 
