8 0
200
    1    -1    -1    -1     1     1    -1    -1 
  -80     0     0     0    56   128     0     0 
   20    12    18    18    14    16     8    14 
    1     1     1     1     1     1     1     1 
    1 0     7 0     1 4     1 4     1 0     1 0     1 4     7 0 
  -80    32    16    32    56   128    16    32 
   -9 -74    -9 -74    -9 -74    -9 -74    -9 -74    -9 -74    -9 -74    -9 -74 
    1 0     1 0     1 0     1 0     1 0     1 0     1 0     1 0 
  120 -240   120 -240   120 -240   120 -240   120 -240   120 -240   120 -240   120 -240 
    3 2     3 2     3 2     3 2     3 2     3 2     3 2     3 2 
   -4     1     1    17     6     7     1     1 
   -1    -1     0     0     0    -1    -1     0 
    0     0     0     0     0     0     0     0 

   -1     1     1     1    -1     1    -1    -1 
    1     1    -1    -1    -1     1     1    -1 
    1     1     1     1     1    -1    -1    -1 
    1     1    -1    -1    -1     1     1    -1 

    0     0     0     0     0     0     0     0 
    0     0     0     0     0     0     0     0 
   -1    -1    -1    -1    -1     1     1     1 
   -1    -1     1     1     1    -1    -1     1 
   -6     2    -4    -4     0    -2     6     0 
    6    -2    -2     4    -6     2    -6     0 
   -6     2     4    -2     0     6    -2    -6 
    6    -2     2     2    -2    -6     2    -2 
   -2    -2    -6     0    -6    -6    -6     0 
   -2    -2     2   -10    -6    -6    -6    -6 
    2    10    -4     2     8    -2     6   -10 
   -2   -10    -2    -2     2     2    -6     2 
    6   -10    -6   -12     2     6   -10     8 
    6   -10   -10     8     6     6   -10   -12 
   14    14     2   -10    10    -2    -2    -2 
    6   -10    12    -6   -12    -6    10     6 
   -6    10    -6     6    -6     6   -10    -6 
  -14     2   -14    -2    10    10    -6    -2 
  -14     2    10    -2     2    10    -6   -10 
   -6    10    14   -16    14     2   -14     8 
    6   -10     4   -14     4    -2    14   -14 
   10    -6     6     0    14    18     2    -4 
   10    -6     6     0     6    18     2    12 
   -2    -2    -4     2   -12    -2    -2    -6 
    2     2   -18   -12     6     2     2   -12 
    6     6   -10     2   -10    18   -14    14 
    6     6   -18    12     6    18   -14   -12 
   18   -14    -2    10    14    10    10     2 
   18   -14    14   -10   -10    10    10   -10 
   -6     2   -16    14     4   -18     6    10 
    6    -2     6     6    10    18    -6   -14 
   -6    -6   -10     2     6   -22   -22    -6 
   -2     6   -14    22    14    -6    18     2 
    2    -6     4    -2    16     6   -18    10 
   10   -22   -10   -10    22     6     6    10 
   10   -22     6     0     6     6     6    24 
    6    14     2   -22    14     2    10   -10 
   -6   -14   -16     2     4    -2   -10    -2 
  -14    18   -18     6   -18   -18   -18    -6 
   14   -18     0    -6     8    18    18   -10 
  -10   -10   -22     2     2    14    14     2 
  -10   -10    -6   -18   -14    14    14    22 
   14    -2    12     6    -4    22     6   -10 
  -14     2    22     4   -10   -22    -6    -4 
  -10     6    16    -2     8    -6    10   -22 
   10    -6   -10     2     6     6   -10     6 
  -10     6   -22   -10    26   -10     6    14 
  -10     6    -2    10   -10   -10     6     2 
   -2     6    18     6     6    18    10    18 
    2    -6   -20   -26   -16   -18   -10    26 
   14    14   -18    18   -10    -2    -2     2 
   14    14    22    -2    14    -2    -2    14 
  -10   -18    -2    22   -30    18    -6    -6 
   10    18    24    18    12   -18     6   -18 
   18   -14    18     0   -14     6     6    16 
   18   -14    -6   -30    26     6     6   -10 
   -2     6     6    18   -14     2    10    22 
    2    -6    12   -18    16    -2   -10   -14 
   22     6   -10   -22    22   -18    -2   -14 
   22     6   -14    -2   -22   -18    -2    14 
   22     6     4   -26   -28    -6    10    26 
  -22    -6    18     6   -22     6   -10   -22 
  -10   -26   -20    16     4    -2    14    -8 
   10    26    14    14   -26     2   -14   -26 
  -14     2     6   -18   -10   -18    -2   -22 
   14    -2    24    18     0    18     2     6 
   -2    14   -20    -8    20   -26   -10   -16 
    2   -14    -2    -2   -26    26    10    22 
   14    -2    18   -30     2   -10   -26     2 
   14    -2   -26    10    -2   -10   -26   -14 
  -26   -18    14    26    -6    -6    18    30 
   26    18   -16    14    28     6   -18   -14 
  -22   -22    14     2    30   -22   -22   -30 
   -2   -26   -26   -26    18    26     2    18 
    2    26    -4   -34     0   -26    -2    -6 
   -6    -6     6     0     6     6     6    24 
   -6    -6   -10   -10    22     6     6    10 
   38    -2   -26    28   -14   -22     2   -32 
  -38     2    28    -8    32    22    -2   -28 
  -14    18   -22   -28    18    -6    -6    24 
  -14    18    18    12   -22    -6    -6    32 
  -26   -26    10    10    10   -26    38   -38 
  -26   -26   -30   -30    34   -26    38   -14 
   10    26   -22   -22   -38    10    -6    10 
   10    26    26   -22    26    10    -6    26 
  -30   -14   -30    24    34    26    10    16 
   30    14    -8   -14   -40   -26   -10     2 
   30    -2    22    10    30     6   -26   -30 
   30    -2   -34   -10     6     6   -26     6 
  -22    10    -6    18   -22    26   -38     2 
   22   -10    -8    -8     8   -26    38     8 
   14   -18   -34   -28    -2   -30     2     4 
   14   -18    -2    22    22   -30     2    34 
   -2   -34    -6    30    10    -6    -6   -14 
   -2   -34    -6     0    34    -6    -6   -32 
   42    10   -22     2   -14    18   -14    10 
   42    10    10    22   -30    18   -14   -42 
   46    46    26   -10   -30    46   -18     6 
   30    30   -38   -38    34   -10   -10    34 
   30    30   -22     2     2   -10   -10     2 
   18    18    18   -18   -30   -18    14    18 
  -18   -18     4    -2   -36    18   -14    18 
    6     6    22   -20   -34   -18    14     8 
    6     6    -2   -20     6   -18    14   -24 
    2     2    14   -22    -2     2    34    10 
   -2    -2    28    -8    28    -2   -34    40 
    6   -34    42     6   -34   -30   -22    26 
   -6    34   -20    34   -16    30    22    14 
  -26   -26    30   -42    14    22    22    38 
  -26   -26    -2    -2    -2    22    22    -2 
   -2    22   -46   -16    -2     2    26   -44 
    2   -22    24    36    44    -2   -26   -16 
   -2     6    10    22   -18   -30    26    18 
    2    -6    44    38    32    30   -26    26 
  -18    30    10    -2    18    30   -18     6 
  -18    30    30   -42   -50    30   -18    -2 
   14    46    20   -46     4    18    18   -26 
  -14   -46    -6     6    18   -18   -18   -30 
   -6   -22    -6   -42    26   -14     2   -10 
   -6   -22   -22    38   -22   -14     2   -34 
  -14   -30   -22    44    10    26   -22   -44 
   14    30   -24     6    24   -26    22     6 
  -38    -6   -30   -18    10     6     6   -38 
   38     6    44   -22    12    -6    -6   -18 
  -30     2     2     8    34     6    38    40 
  -30     2   -42    18     6     6    38   -42 
  -10   -26   -10   -10    30    38    22     6 
  -10   -26    26   -10    -6    38    22     6 
  -26    14    -6    -6    22   -22   -46    -2 
   26   -14    -8    46    -4    22    46     2 
   -2   -26    -2    -2   -22     2    42    50 
    2    26   -44   -38    -8    -2   -42    -2 
   26    -6   -14   -38    -6    18    50   -30 
   26    -6    34    22    -6    18    50   -42 
  -30     2    42    30   -54     2   -30     6 
  -30     2   -18    30   -18     2   -30    54 
   42    -6    14   -34   -18   -42    38   -54 
  -42     6    24    -6     0    42   -38   -18 
   -2    -2   -20    -2    44   -30    34     2 
    2     2   -14   -38    -6    30   -34     6 
   -6    10    -2    10    14   -54    -6   -22 
   -6    10    -2    10   -26   -54    -6    10 
   10   -54    46   -32   -18   -18   -50     0 
   10   -54   -22   -22    10   -18   -50    46 
    2   -30    30    30   -42   -38   -38    30 
    2   -30    -2    10   -18   -38   -38   -30 
  -14    -6   -56    16    -4    46   -10    -4 
   14     6    26    44    22   -46    10   -32 
   -2    22   -18    42   -14    18   -38    22 
    2   -22   -48    18    52   -18    38    22 
  -22   -30    40    22   -20    -2   -10   -14 
   22    30   -22    38   -26     2    10    34 
   -2    46   -14    28    10    54   -26    40 
   -2    46   -18   -12   -50    54   -26    16 
   30   -34   -58   -10   -18     6     6     6 
   30   -34    14    50     6     6     6    -6 
   42   -54    30   -12   -10    26    26   -28 
  -42    54   -28     2    28   -26   -26   -38 
  -50   -50   -18    42    -2    18   -14    -2 
  -50   -50    -2    -8     6    18   -14   -48 
  -14   -22   -48    -6    -4     6   -18    38 
   14    22    -2    46    -6    -6    18    18 
    2   -62    18   -18    50     2   -62    14 
  -58    -2    30   -18    -6    42    50    42 
   58     2    32    38    12   -42   -50   -54 
   18   -54   -32    -8    28   -26    30    28 
  -18    54   -62   -32   -42    26   -30    60 
  -14    50    -2    10    14     2     2   -46 
  -14    50   -46    50   -14     2     2   -38 
   42   -22    26    26   -46    54    54   -58 
  -42    22   -28    14     4   -54   -54   -14 
   -2    -2    -2    22    30    14    14    30 
   -2    -2   -34     2    30    14    14   -54 
  -26    54   -12     6     4   -50   -34   -26 
   26   -54   -10    44    22    50    34     4 
  -22    -6    30     0   -50    18   -30    28 
  -22    -6    30     0    38    18   -30    -4 
  -26     6     6    12   -58    42   -54    -4 
  -26     6    14   -58    22    42   -54    34 
  -46    50    22    10    22   -14   -14   -14 
  -46    50   -42    30    14   -14   -14    38 
  -46   -22   -40    -4    36   -50    38    24 
   46    22    -6    24   -18    50   -38    12 
   18    58   -44   -62     0     6    30   -18 
  -18   -58    58    22   -42    -6   -30   -54 
   54   -10    10   -50    26    -6    26    26 
   54   -10    42   -60     2    -6    26    20 
  -22    18    32   -58    44    -2   -26     2 
   22   -18   -14    -2   -10     2    26    26 
   22    22    58    10    42   -26    38   -30 
   22    22   -22    50    -6   -26    38    42 
  -14    34    50   -46    -6   -22    58    -6 
   14   -34    24    36    16    22   -58   -20 
    2    34     6    18    22    30    30    -2 
    2    34   -62    28    34    30    30   -20 
   14    38   -10    26    18    -6    34    30 
  -14   -38     0    -6    12     6   -34   -66 
  -50    14   -10   -22    54   -50    14   -54 
  -50    14    14   -22    30   -50    14   -54 
  -10   -18    18    24    46   -46    10   -44 
