3 0
25
   -1    -1    -1 
    0     0     0 
    7     4     7 
    1     1     1 
    3 0     3 0     3 0 
    8   128     8 
   51 -38    51 -38    51 -38 
    0 1     0 1     0 1 
 -114 -152  -114 -152  -114 -152 
    3 0     3 0     3 0 
    1    16     1 

    1     1    -1 
    1     1     1 
    1     1    -1 

   -1    -1     1 
    0     0     0 
   -1     2    -1 
    2    -1    -2 
    6     3     2 
   -4    -1    -4 
    0    -3     4 
    4    -5    -4 
   -6     3    -2 
   -7    -7    -9 
   -2    10    -2 
   -7     2     7 
   -6    -6     6 
   10    -2     2 
   -2   -11     6 
  -12     3    -4 
    9    -9    -9 
   -7   -10     1 
   -6    -6     2 
  -10    11    -2 
   -4     5    -4 
  -15    -6    -9 
   -2   -14    -6 
   -1    -4     1 
  -14    16     6 
