1 0
200
   -1 
    0 
   16 
    1 
    8 3 
   96 
 -106 9 
    2 0 
 -120 -150 
    2 3 
   -1 

    1 
   -1 
   -1 
   -1 
   -1 

   -1 
    1 
    1 
    1 
   -2 
    2 
   -2 
   -6 
  -10 
   -2 
   -6 
    2 
    1 
   -6 
   10 
   -6 
  -10 
   -2 
   -2 
   -2 
   14 
   -6 
   10 
    2 
  -10 
   -2 
    6 
   -2 
   -2 
   -6 
   -6 
    2 
    6 
   -6 
  -10 
  -10 
  -10 
    2 
  -14 
    2 
   22 
   -2 
  -10 
  -14 
    2 
  -14 
  -10 
  -10 
   14 
   -6 
  -30 
   18 
   10 
   14 
   -2 
   22 
  -14 
   10 
   18 
   -6 
   -2 
   10 
  -14 
    6 
    2 
  -18 
  -18 
   -2 
   14 
    6 
   18 
  -14 
   34 
   30 
   22 
   22 
   14 
   -2 
    2 
   18 
  -30 
   18 
  -14 
   22 
  -10 
    2 
  -30 
  -30 
  -14 
  -14 
  -34 
   14 
   30 
   30 
   14 
  -22 
   -6 
   18 
   30 
  -42 
  -26 
   18 
   -6 
  -38 
  -42 
    2 
    6 
  -14 
   42 
  -14 
  -46 
   34 
    6 
  -42 
  -38 
    2 
   -6 
    6 
  -10 
  -18 
   -2 
  -14 
   30 
   14 
   30 
   30 
  -26 
  -34 
   22 
   22 
   42 
   -2 
   -6 
   42 
   34 
  -14 
  -18 
   42 
  -54 
  -14 
  -14 
  -22 
   38 
  -10 
   30 
  -10 
   22 
    6 
   10 
   10 
  -10 
   -2 
   50 
   18 
  -30 
   34 
   10 
  -34 
   38 
   14 
    2 
   50 
   18 
   30 
  -62 
    2 
   30 
  -46 
   34 
   -6 
   46 
   30 
   38 
   58 
    2 
  -54 
   26 
  -42 
  -18 
   46 
   22 
  -50 
  -38 
  -42 
   -2 
  -58 
   -2 
    6 
  -18 
   42 
  -14 
   42 
   34 
   -2 
  -50 
   50 
  -62 
  -62 
  -30 
  -26 
