6 12
200
   -1     1    -1     1    -1     1 
    0     0     0  -160     0   -32 
    8     7     7     5     5     2 
    2     1     1     1     1     1 
    4 1     4 5     3 0     1 0     8 3     1 0 
  144    32    96  -160    32   -32 
  -45 30   -45 30   -65 0    20 -59     6 -75    20 -59 
    1 0     1 0     0 1     1 0     1 0     1 0 
 -196 0  -196 0     0 196    98 -98    98 -294    98 -98 
    3 2     3 2     3 0     2 1     4 1     2 1 
   12     2   -12   -40    -1    -8 

    1    -1     1    -1     1    -1 
    1     1     1     1     1     1 

    0     0     0     0     0     0 
   -2    -1    -1     1     1     4 
   -2    -1    -1     1     1     4 
   -6    -5     3    -5     3    -2 
   -2    -6     2     6    -2     0 
   -2    -6     2     6    -2     0 
    6    -5     3     5    -3     2 
    6    -5     3     5    -3     2 
    6     2    -6     2    -6     2 
    6     2    -6     2    -6     2 
   -2     3    -5     3    -5    -6 
   -2     3    -5     3    -5    -6 
   -2    -2   -10     2    10     2 
   -2    -2   -10     2    10     2 
    0     0     0     0     0     0 
    6    -1    -9    -1    -9   -10 
    6    -1    -9    -1    -9   -10 
    6    -5     3     5    -3    -4 
    6    -5     3     5    -3    -4 
  -10     7     7    -7    -7    14 
  -10     7     7    -7    -7    14 
    6     7    -9    -7     9   -10 
    6     7    -9    -7     9   -10 
    6    -2     6     2    -6     2 
    6    -2     6     2    -6     2 
   -2     3   -13    -3    13   -12 
   -2     3   -13    -3    13   -12 
  -10    -5    11    -5    11    10 
  -10    -5    11    -5    11    10 
    2   -18   -10   -18   -10     6 
    2   -18   -10   -18   -10     6 
   -6   -13   -21   -13   -21   -22 
   -6    11     3    11     3     2 
   -6    11     3    11     3     2 
    6   -17    15   -17    15    -2 
    6   -17    15   -17    15    -2 
  -18    -9    15     9   -15     0 
  -18    -9    15     9   -15     0 
  -18   -13   -21    13    21    -8 
  -18   -13   -21    13    21    -8 
  -10   -10    22    10   -22    -8 
  -10   -10    22    10   -22    -8 
  -14     3    -5     3    -5   -18 
  -14     3    -5     3    -5   -18 
    6    -6    18    -6    18   -18 
    6    -6    18    -6    18   -18 
  -10    23     7   -23    -7    16 
  -10    23     7   -23    -7    16 
  -22    11   -13    11   -13    26 
  -22    11   -13    11   -13    26 
  -10   -17   -17    17    17     2 
  -10   -17   -17    17    17     2 
   -2   -21   -13    21    13   -18 
   -2   -21   -13    21    13   -18 
   14    -9   -17     9    17    24 
   14    -9   -17     9    17    24 
   22   -17     7   -17     7    22 
   22   -17     7   -17     7    22 
   -6     6   -18     6   -18    -6 
   -6     6   -18     6   -18    -6 
  -18     6     6    -6    -6    12 
  -18     6     6    -6    -6    12 
   14    -1    31     1   -31   -14 
   14    -1    31     1   -31   -14 
   30     3    27     3    27     6 
   30     3    27     3    27     6 
    2   -10    14   -10    14    14 
    2   -10    14   -10    14    14 
   30     2    -6    -2     6    -8 
   30     2    -6    -2     6    -8 
   14     3    -5    -3     5    30 
   14     3    -5    -3     5    30 
   26   -37   -13   -37   -13   -34 
  -26    11    19    11    19   -34 
  -26    11    19    11    19   -34 
   -2   -29    19   -29    19    10 
   -2   -29    19   -29    19    10 
   14   -17   -17    17    17     8 
   14   -17   -17    17    17     8 
   18    27     3    27     3    30 
   18    27     3    27     3    30 
   14    27    19   -27   -19    -6 
   14    27    19   -27   -19    -6 
  -26    34    10    34    10    22 
  -26    34    10    34    10    22 
  -10    -2   -26     2    26    26 
  -10    -2   -26     2    26    26 
   34   -26    -2   -26    -2   -14 
   34   -26    -2   -26    -2   -14 
  -38   -17   -17   -17   -17    22 
  -38   -17   -17   -17   -17    22 
   30   -30    -6    30     6     0 
   30   -30    -6    30     6     0 
  -34    -9     7     9    -7    24 
  -34    -9     7     9    -7    24 
  -18   -33    15    33   -15    18 
  -18   -33    15    33   -15    18 
  -46     3   -37     3   -37    18 
   14   -41   -25   -41   -25    22 
   14   -41   -25   -41   -25    22 
   14    -5    11    -5    11   -26 
   14    -5    11    -5    11   -26 
   26   -33    -1   -33    -1   -42 
   26   -33    -1   -33    -1   -42 
   14   -33    31    33   -31   -18 
   14   -33    31    33   -31   -18 
  -34   -45    43    45   -43   -42 
  -34   -45    43    45   -43   -42 
  -26    22   -34   -22    34   -10 
  -26    22   -34   -22    34   -10 
  -18    43   -21    43   -21    10 
  -18    43   -21    43   -21    10 
  -38    30    22    30    22     6 
  -38    30    22    30    22     6 
  -30   -17    15   -17    15    -2 
  -30   -17    15   -17    15    -2 
  -26    35    -5    35    -5   -22 
  -26    35    -5    35    -5   -22 
   -2    23    -1   -23     1   -20 
   -2    23    -1   -23     1   -20 
  -14   -26    -2   -26    -2    10 
  -14   -26    -2   -26    -2    10 
    6    39    -9   -39     9    24 
    6    39    -9   -39     9    24 
  -42   -50   -18   -50   -18    10 
  -42   -50   -18   -50   -18    10 
   30   -29    27   -29    27    10 
   30   -29    27   -29    27    10 
  -26    19    11   -19   -11   -52 
  -26    19    11   -19   -11   -52 
   -2    10    34    10    34    10 
   -2    10    34    10    34    10 
   30     3    27    -3   -27    42 
   30     3    27    -3   -27    42 
   22    22    14   -22   -14    26 
   22    22    14   -22   -14    26 
  -50    19    35   -19   -35    -4 
  -50    19    35   -19   -35    -4 
   30    18    42   -18   -42    24 
   30    18    42   -18   -42    24 
   26    39   -25    39   -25     6 
   26    39   -25    39   -25     6 
  -10    -9   -25    -9   -25     6 
  -10    -9   -25    -9   -25     6 
  -26    11   -37   -11    37   -20 
  -26    11   -37   -11    37   -20 
  -26    34   -22   -34    22    32 
  -26    34   -22   -34    22    32 
  -18    39   -57   -39    57    -6 
  -18    39   -57   -39    57    -6 
    6    23    39    23    39     2 
    6    23    39    23    39     2 
  -18   -14    18    14   -18   -10 
  -18   -14    18    14   -18   -10 
  -10     7   -41    -7    41     2 
  -10     7   -41    -7    41     2 
  -10    -6   -38     6    38   -18 
  -10    -6   -38     6    38   -18 
   54   -33    39    33   -39    12 
   54   -33    39    33   -39    12 
   -6    22    30    22    30    10 
   -6    22    30    22    30    10 
    2   -37   -61   -37   -61   -46 
    2     3   -37     3   -37   -54 
    2     3   -37     3   -37   -54 
   14   -41    31    41   -31   -52 
   14   -41    31    41   -31   -52 
    2    30   -58    30   -58    30 
    2    30   -58    30   -58    30 
    6    19   -21   -19    21   -16 
    6    19   -21   -19    21   -16 
   14    42   -14   -42    14    48 
   14    42   -14   -42    14    48 
  -22   -17    -1   -17    -1   -38 
  -22   -17    -1   -17    -1   -38 
  -42   -34    54    34   -54    -2 
  -42   -34    54    34   -54    -2 
   46    15     7    15     7    42 
   46    15     7    15     7    42 
   22   -41   -25    41    25    44 
   22   -41   -25    41    25    44 
   14   -26   -58   -26   -58   -14 
   14   -26   -58   -26   -58   -14 
    6   -41    39    41   -39    38 
    6   -41    39    41   -39    38 
   54    -9   -33     9    33    24 
   54    -9   -33     9    33    24 
  -18    59   -21    59   -21    14 
  -18    59   -21    59   -21    14 
  -38   -21    19   -21    19   -30 
  -38   -21    19   -21    19   -30 
  -50    -1    -1     1     1    46 
  -50    -1    -1     1     1    46 
  -18    63   -33   -63    33     0 
  -18    63   -33   -63    33     0 
    6     3   -21    -3    21    30 
    6     3   -21    -3    21    30 
    2    19    11    19    11    46 
    2    19    11    19    11    46 
    6    -1   -33    -1   -33     2 
