3 34
25
    1     1     1 
    0     0   -32 
    4     3     2 
    1     1     1 
    7 0     4 1     1 0 
   16    16   -32 
 -102 68  -102 68   222 221 
    1 0     1 0     0 -1 
 -443 0  -443 0  -443 0 
    3 2     3 2     1 1 
   -2     2   -32 

   -1    -1    -1 

   -1     0     1 
    0    -2     4 
    0    -2     4 
   -2    -5    -2 
    3    -3     3 
    3    -3     3 
   -5    -2     3 
   -5    -2     3 
    0    -4     4 
    0    -4     4 
   -3     7    -3 
   -3     7    -3 
   -6    10    10 
   -6    10    10 
  -13   -10   -13 
    4    12     4 
    4    12     4 
  -13   -10   -13 
  -13   -10   -13 
   -8     4    -4 
   -8     4    -4 
   -1    -1    -9 
   -1    -1    -9 
  -10     6     6 
  -10     6     6 
