3 0
25
    1    -1    -1 
-10176     0     0 
    6     6     6 
    1     1     1 
    1 0     3 0     3 0 
-10176  1696  1696 
  -24 59   -51 -44   -51 -44 
    1 0     0 1     0 1 
 -143 11  -132 154  -132 154 
    1 2     3 0     3 0 
-2544   212  -212 

    1    -1    -1 
   -1     1     1 
   -1    -1     1 
   -1     1    -1 

   -1     1     1 
    1    -1    -1 
    0     0     0 
    1    -1     1 
   -4    -4    -4 
    5     7    -1 
    1     1    -1 
    3    -5    -3 
    6   -10     6 
    6    -2    -6 
   -1     3    -1 
    2    -2     2 
    0   -12     0 
   -3     3    -9 
    8    -4     8 
   -3     1     9 
    6   -10    -6 
    2    -2     2 
    8     4     8 
  -10    -2     2 
    2     2   -10 
   -6   -10    -6 
   15     9     3 
    8   -12    -4 
  -13    13    -1 
