1 0
200
   -1 
    0 
   12 
    1 
    4 5 
   32 
   74 -31 
    1 0 
  240 160 
    2 3 
   -1 
    0 
    0 

    1 
   -1 
    1 
   -1 

    0 
    1 
   -1 
   -2 
    2 
    1 
   -2 
   -2 
    2 
   -6 
   -6 
   -2 
    6 
   -2 
   -2 
  -10 
   10 
  -10 
    6 
   -2 
   -6 
  -14 
   -6 
   -2 
    2 
  -18 
  -10 
   14 
    2 
    6 
  -10 
   10 
   -2 
   10 
    6 
   18 
  -18 
  -14 
    2 
   -2 
   -6 
    2 
    6 
   10 
    6 
   26 
   10 
    6 
  -14 
   -6 
  -26 
   14 
   18 
  -22 
   10 
  -14 
  -26 
   -6 
  -10 
    6 
   22 
  -14 
   22 
  -18 
  -14 
    6 
  -26 
  -34 
  -10 
  -30 
   18 
   -2 
   10 
   22 
   -6 
   18 
  -14 
   22 
  -30 
   10 
  -14 
  -26 
  -26 
   22 
  -22 
  -30 
   18 
   -2 
   14 
  -30 
  -34 
  -26 
  -30 
   22 
   -6 
   18 
   18 
   22 
   30 
  -30 
   -6 
   30 
    6 
   22 
   38 
  -14 
    6 
  -22 
  -26 
  -42 
   22 
   -6 
   30 
   18 
   30 
  -34 
   30 
   18 
   26 
  -18 
   -2 
   30 
   18 
   38 
   34 
   -6 
  -10 
   42 
  -34 
    2 
    6 
   10 
  -14 
  -38 
    2 
  -14 
  -38 
   -2 
  -42 
    2 
  -38 
   42 
   30 
   50 
   14 
   30 
   26 
   46 
   18 
  -14 
  -46 
   14 
  -18 
  -18 
   30 
  -50 
   10 
  -54 
   14 
  -46 
   34 
  -30 
   18 
   10 
   -2 
  -46 
  -26 
    2 
  -46 
   42 
  -42 
   14 
    2 
   10 
   22 
  -54 
   -6 
  -30 
   14 
   34 
  -22 
  -22 
  -10 
  -38 
    6 
  -54 
   42 
   50 
   -2 
  -42 
  -42 
   22 
    6 
   62 
   42 
   18 
   42 
   -2 
  -66 
   14 
