4 8
25
   -1    -1     1     1 
    0     0   -16   -72 
    9     6     4     3 
    1     1     1     1 
   11 0    13 8     1 0     1 0 
   40    32   -16   -72 
   63 94    63 94   -20 61   -20 61 
    2 0     2 0     1 0     1 0 
    0 204     0 204  -102 102  -102 102 
    3 2     3 2     2 1     2 1 
    3     1    -4   -18 

   -1    -1     1     1 
   -1    -1    -1    -1 
   -1     1    -1     1 
   -1     1    -1     1 

    0     0     0     0 
   -3     0     2     3 
   -3     0     2     3 
    1     1     1     1 
   -5     2     6     3 
   -5     2     6     3 
    1    -1     1    -1 
    1    -1     1    -1 
    2     0    -6     6 
    2     0    -6     6 
    8     0    10    -4 
    8     0    10    -4 
    7   -10    -6     9 
    7   -10    -6     9 
    2   -10     2   -14 
   -2    -2     6    -2 
   -2    -2     6    -2 
    8     0   -14   -12 
    8     0   -14   -12 
  -14   -14    10   -10 
  -14   -14    10   -10 
    8    -2    -6     4 
    8    -2    -6     4 
   12    -2    -6    12 
   12    -2    -6    12 
