4 0
200
    1    -1    -1     1 
  160     0     0     8 
   10     8     4     4 
    1     1     1     1 
    1 0     5 4     5 4     1 0 
  160    96    32     8 
  -62 -17   -45 34   -45 34   -62 -17 
    1 0     1 0     1 0     1 0 
 -108 -96  -204 12  -204 12  -108 -96 
    2 1     3 2     3 2     2 1 
   40     1     3     2 
    0     0     0     0 
    0     0     0     0 

    1     1     1     1 
    1     1     1    -1 
   -1    -1    -1     1 
    1    -1    -1     1 

    0     0     0     0 
   -4    -2     2     2 
   -1    -1    -1     1 
    1     1     1    -1 
    0     4     0     4 
   -2     6    -2     2 
    0    -4     0     4 
   -4     0    -4    -4 
   -1     1     1    -1 
    8    -6   -10     6 
   -6     4   -12    -4 
   -8    -8     4    -4 
    6     0     0    -8 
   10   -10    -2    -6 
  -10    -6     2    10 
    2   -10   -10    -2 
  -12   -14     6     6 
   -6     0     0    12 
  -10    -2    14    10 
   -6    -2     6    10 
    6     6     6     6 
   10    10   -14    -6 
   16   -16     4   -12 
   -2    14    -2    14 
  -10    10     2   -18 
  -14    -6    10   -10 
  -10    14   -10    18 
   -2    12     4     8 
    8   -16    -4    20 
   -6   -10   -18    -6 
   -2    10   -14    -6 
    4    -2   -14   -10 
   -2     8    -8    12 
   18    -4   -12    12 
   10    10    10    18 
   10     6    -2   -10 
   10   -22    10   -10 
  -10    10   -22    18 
  -10    -6     2     6 
   22    -6   -14    18 
   22   -26   -26   -10 
   14   -10    14    22 
   -4   -22    14   -22 
   -4   -14   -10    -6 
   10   -18    -2    18 
   10    14    22    -6 
   -2    -4     4   -20 
   10    10    10   -14 
   18   -14    -6    -6 
  -20   -12    16    12 
   20    22   -22     6 
    8   -10     2    14 
    6    12    12   -24 
  -18     6     6   -14 
    0    -6     6     6 
   30    14   -18     6 
   30   -18     6    18 
   -6     8   -24    16 
   -8    12    16    12 
   20   -20     8    -4 
   18    14     6     6 
   -6     6     6    -6 
   10   -10   -26   -26 
    6     2    18   -10 
    4    26    -2   -10 
   18     6     6   -22 
   30   -18   -18    30 
  -18     2   -30    14 
  -20   -16     4    -8 
   14     8   -16   -16 
  -14   -12    28     8 
   18   -18     6   -30 
   36   -26    -6   -26 
   32     0    -4   -36 
   -6    38    30   -26 
   10   -10    -2   -10 
  -26    -6   -14    -2 
   -2     4    28     8 
  -38   -38    34    -6 
    6   -10   -18     6 
   30     6   -18    30 
   -2    10    10     6 
   22   -14    10   -14 
   20   -28     8    24 
  -30   -26     6    10 
   24    18    30    18 
   -4    26    14    -6 
   -6    26   -30    -2 
   20   -12   -16   -36 
  -18   -18   -18    10 
   -2   -38    34    -6 
  -14    10    10   -10 
   26    14    38   -14 
   40    26    22   -34 
    6    38   -18    18 
    6    24   -24   -12 
  -30   -20   -12   -16 
  -26    26   -14   -30 
   34    22    -2    38 
  -16    20   -16   -28 
  -18    18    18    30 
  -12    -2   -30   -30 
  -42   -20   -36   -36 
   26    -6     2    14 
   38   -14    26    18 
  -18   -22    18    26 
  -34   -32   -16   -36 
   -2   -18    46    -6 
   46    22   -26   -22 
   -4   -18     2    14 
  -10    -4   -28    24 
   46   -42    46    -2 
   -6    42    18    10 
   -6   -14    42     6 
  -14    42   -38    22 
    4    12    40   -36 
   18    18    18    34 
  -30   -30    18     6 
  -10    42     2   -26 
   10    10   -14    -2 
   24   -14    30    26 
   34   -14    34   -14 
   50     6    14    -6 
   42   -38    -6   -14 
  -10    18   -22    18 
   14   -30    50    50 
   16   -36    -8     4 
  -38   -40    -8   -16 
   -4    12    32    48 
  -26    36   -20   -44 
   -6   -22    18    14 
  -10   -34   -34     6 
  -14     0    -8   -12 
  -50     0   -32   -12 
   50   -10   -34   -26 
  -52    -6    14    26 
  -24    34   -18    46 
   22     6   -50     2 
  -18    34   -30    42 
  -34    -6     2    30 
   30   -36   -36   -24 
   30   -14   -54    -6 
  -18    -6   -30    -6 
  -42    42    -6    42 
  -38    10   -38    30 
   34     4    52    40 
  -44   -44    -8    -4 
  -14    36   -44    32 
   26   -24    32   -20 
  -38    42    34     6 
   -2    12     4    28 
  -30   -22    18   -18 
   18    -4   -12    28 
  -42    -6    42   -42 
   -6   -38   -54   -58 
   30   -18    30   -54 
   -2     6    22   -22 
   52    14    34    22 
   -6   -18     6   -46 
   18   -18    30    42 
   46    36   -44   -36 
  -42   -18   -42   -18 
  -30   -30    18    18 
   20    28     8    24 
   18   -22   -30    22 
  -46    10   -22   -38 
   22    22    -2   -30 
  -56   -58   -14   -10 
  -20   -50    34   -10 
    4   -18   -14   -62 
   10    58    10   -18 
   58   -10   -50    38 
  -22    42     2     2 
   32   -30    14   -38 
   -8   -14    46    34 
   60   -48   -36   -20 
   24    24   -36   -52 
   42    58    -6   -26 
   28     6   -38    50 
  -20    -4    16   -24 
   42    52   -60    56 
   46    22    -2   -42 
   54     4    12    -8 
  -30    -6    18   -42 
   28   -52    -8    48 
   14   -14   -22    54 
   46    -2    -2    10 
   58    16   -32   -16 
  -16   -12   -64   -32 
   14    50   -22    18 
  -22    22   -10   -22 
   38   -34   -58     6 
   58   -50    46    -2 
  -14    50   -14   -42 
   46   -38   -62     2 
  -18    30   -42     6 
   16     0   -44    24 
  -30   -62    18    10 
   46   -18   -50     2 
  -14   -16    64   -52 
