1 0
200
   -1 
    0 
    4 
    1 
    4 1 
    8 
  -25 3 
    1 0 
 -104 -13 
    4 1 
   -1 
    0 
    0 

   -1 
   -1 

   -1 
    1 
   -1 
   -3 
    1 
    0 
   -1 
   -5 
   -2 
    4 
    7 
   -3 
  -10 
    2 
    3 
   10 
   -8 
   -8 
   -8 
  -16 
    0 
   -8 
   -4 
   -8 
    6 
    2 
   10 
   15 
  -11 
   14 
    2 
   -6 
  -16 
  -22 
   14 
  -10 
   24 
  -12 
   -4 
   -2 
  -20 
    2 
  -12 
  -14 
    5 
    7 
    5 
   15 
   -1 
  -17 
   12 
  -28 
   13 
   29 
    4 
   28 
    6 
   18 
   -2 
   -2 
  -23 
   31 
    3 
    3 
   10 
   14 
   -5 
   23 
   17 
    3 
   -2 
    4 
    6 
    0 
  -24 
  -14 
   14 
   18 
   34 
  -10 
   16 
    4 
  -30 
  -15 
   35 
   25 
   -7 
   10 
    8 
    0 
  -28 
    7 
    5 
  -22 
  -26 
   35 
   -1 
  -10 
   -3 
   11 
  -19 
   -1 
   23 
    7 
  -12 
  -20 
  -28 
  -38 
   15 
   -9 
   -2 
  -30 
  -20 
   16 
   -2 
  -46 
   14 
    2 
  -18 
  -22 
   39 
  -33 
   20 
   38 
  -20 
    2 
   -6 
   46 
    3 
    5 
  -42 
  -12 
   -2 
  -26 
    4 
  -12 
  -31 
  -25 
   -4 
   28 
   11 
  -49 
   25 
   31 
  -18 
   12 
   19 
   -3 
  -38 
   38 
  -39 
   23 
   -7 
  -23 
   22 
  -14 
    2 
    2 
   -5 
   61 
   11 
   31 
   54 
   40 
   26 
  -28 
   26 
    6 
  -38 
   14 
    4 
  -31 
   -9 
  -36 
  -28 
   13 
    1 
   26 
    2 
   18 
  -12 
  -60 
  -42 
  -50 
  -22 
  -40 
  -44 
  -38 
   38 
  -40 
  -36 
   29 
  -43 
   38 
  -46 
   38 
  -50 
   -4 
    0 
  -10 
