1 0
200
    1 
   64 
    4 
    1 
    1 0 
   64 
   60 -29 
    1 0 
  117 91 
    1 2 
   16 

   -1 
   -1 
    1 
   -1 

    1 
    1 
    2 
    2 
    0 
    1 
    6 
    2 
    6 
    6 
    6 
   -2 
   -6 
   -6 
   -6 
   -2 
    2 
  -14 
    2 
   -6 
  -14 
   -6 
    6 
   -6 
  -10 
  -18 
    6 
  -18 
   10 
   -2 
    2 
    6 
  -14 
   14 
    6 
  -14 
  -18 
   -2 
   -6 
  -26 
   14 
  -10 
   10 
   -2 
    6 
    2 
   14 
  -10 
   18 
   26 
    2 
   18 
  -14 
   18 
  -18 
   14 
   30 
   10 
   10 
   -6 
   30 
  -10 
  -30 
   -2 
   -2 
  -18 
   26 
  -26 
   30 
   -2 
  -14 
   18 
  -18 
   14 
   38 
    6 
    6 
  -18 
   -2 
   18 
   38 
  -30 
  -14 
  -10 
   -6 
   18 
  -38 
  -30 
  -14 
    6 
   18 
   38 
   38 
    6 
  -18 
   30 
   30 
   18 
  -10 
  -34 
  -18 
   38 
   26 
   18 
  -14 
  -22 
   26 
   30 
   26 
   42 
  -10 
  -30 
   -6 
  -18 
   42 
   34 
   30 
  -18 
   18 
   22 
   -2 
   50 
  -22 
  -18 
   30 
  -34 
  -18 
  -18 
   14 
  -14 
  -10 
  -22 
  -22 
  -18 
  -34 
  -46 
  -26 
  -26 
   38 
  -34 
   14 
    6 
  -42 
  -22 
   26 
    2 
  -10 
   54 
  -54 
   -6 
  -14 
  -26 
   42 
  -14 
   18 
   50 
   -6 
  -30 
   30 
   -2 
  -22 
  -14 
   -2 
   -6 
   50 
  -14 
  -50 
  -26 
   34 
   42 
  -26 
  -34 
  -18 
   10 
   10 
   26 
   10 
  -50 
  -34 
   14 
   30 
  -14 
   54 
  -42 
   26 
  -18 
    6 
  -34 
   22 
   50 
   34 
  -34 
  -14 
   -2 
   42 
   18 
   26 
  -30 
    2 
  -26 
