1 0
100
    1 
  -40 
   10 
    1 
    1 0 
  -40 
   21 16 
    1 0 
   30 90 
    3 2 
   -3 

   -1 
   -1 
   -1 
    1 

    1 
    0 
    1 
   -1 
    4 
    4 
   -2 
   -2 
    0 
  -10 
   -2 
   -2 
   12 
   -8 
   10 
   -6 
   -6 
    2 
    2 
  -16 
   14 
    0 
    0 
   -2 
  -12 
    2 
   12 
  -10 
   10 
   14 
   -6 
    2 
  -22 
   -2 
   10 
    0 
  -22 
   -2 
   -6 
   -6 
    2 
  -18 
   -6 
    4 
   -2 
   -2 
  -10 
   10 
   -6 
  -26 
  -18 
    2 
  -22 
   18 
    0 
   30 
   18 
   18 
   22 
    2 
  -26 
   -6 
  -16 
   14 
   18 
   18 
    8 
   -2 
  -30 
   10 
  -26 
   14 
    2 
  -26 
   34 
    0 
   10 
   28 
    8 
  -28 
   12 
  -10 
   30 
   22 
   22 
   24 
   14 
  -10 
   10 
   18 
    8 
  -28 
   22 
   30 
    0 
    2 
   22 
   10 
  -38 
    2 
