2 2
100
   -1    -1 
    0     0 
    8     6 
    1     1 
    3 0     4 5 
    8    16 
   23 0    -5 26 
    0 1     1 0 
    0 -68   -68 68 
    3 0     3 2 
   -1    -1 

    1     1 
   -1     1 
   -1     1 

    0     0 
   -2     0 
   -2     0 
   -2    -2 
    2    -6 
    2    -6 
    1    -1 
    1    -1 
  -10     0 
  -10     0 
    6    -4 
    6    -4 
   -6     6 
   -6     6 
  -10   -14 
  -10    10 
  -10    10 
   14    12 
   14    12 
  -14     2 
  -14     2 
  -10    10 
  -10    10 
    2   -18 
    2   -18 
   10    10 
   10    10 
    6     0 
    6     0 
   10    -6 
   10    -6 
   14   -18 
    6   -10 
    6   -10 
  -10     6 
  -10     6 
   -2    -2 
   -2    -2 
    6   -24 
    6   -24 
   -2   -20 
   -2   -20 
   -6   -10 
   -6   -10 
  -10    20 
  -10    20 
  -14     6 
  -14     6 
   10   -14 
   10   -14 
  -22    22 
  -22    22 
    6   -26 
    6   -26 
   14    -8 
   14    -8 
   22     8 
   22     8 
   10     6 
   10     6 
    6   -26 
    6   -26 
   -6    -2 
   -6    -2 
   22    20 
   22    20 
    2   -22 
    2   -22 
  -34    10 
  -34    10 
   18     6 
   18     6 
  -38   -22 
   26   -14 
   26   -14 
  -14     6 
  -14     6 
  -18   -12 
  -18   -12 
   10   -34 
   10   -34 
   -6   -10 
   -6   -10 
   -6    10 
   -6    10 
   38    34 
   38    34 
   18    14 
   18    14 
  -18    -6 
  -18    -6 
  -34   -22 
  -34   -22 
  -34   -34 
  -34   -34 
   10    14 
   10    14 
  -10   -30 
  -26     4 
  -26     4 
