1 0
200
   -1 
    0 
    6 
    1 
    1 4 
   80 
   29 54 
    1 0 
  -22 220 
    3 2 
   10 
    0 
    0 

   -1 
    1 
   -1 

    1 
    0 
    0 
   -2 
   -1 
    2 
   -6 
    3 
    3 
   -6 
   -1 
    5 
   -6 
    3 
   -4 
    3 
  -12 
  -10 
   -7 
   -1 
   14 
    0 
   15 
  -13 
   11 
   -1 
  -12 
   -7 
  -16 
  -18 
    6 
    1 
   -6 
   12 
    3 
    0 
   -4 
   14 
   -9 
   18 
    2 
   17 
   23 
  -25 
   12 
    6 
    5 
   14 
  -21 
    3 
  -22 
   -1 
    6 
   -3 
  -18 
  -18 
  -19 
    8 
    6 
  -12 
   27 
  -12 
    8 
   29 
    9 
   -3 
   17 
  -10 
  -10 
   35 
    3 
   -6 
  -13 
   26 
  -28 
    0 
  -30 
   20 
    2 
  -33 
   12 
  -34 
   38 
    2 
  -28 
    2 
  -16 
  -18 
   -9 
  -19 
  -28 
  -21 
   36 
   12 
   36 
    3 
   -9 
   35 
  -22 
  -34 
    6 
   -6 
    6 
   18 
   38 
  -10 
   21 
    9 
  -46 
    8 
  -34 
    5 
  -18 
   18 
   33 
  -18 
  -36 
   36 
  -28 
  -22 
   38 
    5 
  -30 
  -36 
   -6 
   12 
  -28 
   50 
   50 
   14 
   17 
   32 
    0 
   18 
   14 
  -10 
    6 
   -9 
  -18 
    3 
  -30 
  -27 
    6 
   21 
  -37 
   26 
   23 
  -49 
   27 
   -6 
   17 
   -4 
  -30 
   45 
  -30 
  -33 
    2 
    5 
   21 
   48 
  -15 
  -24 
   26 
  -33 
   27 
  -10 
   44 
  -10 
   50 
    6 
   18 
   23 
   50 
  -46 
   -4 
   45 
    6 
  -54 
  -15 
  -10 
  -37 
   23 
   -4 
   18 
   42 
  -45 
  -24 
  -22 
  -61 
  -34 
   38 
   50 
   29 
   21 
    6 
   27 
    9 
   -7 
  -10 
  -28 
