2 0
200
   -1     1 
    0   -16 
    6     2 
    1     1 
    4 5     1 0 
   32   -16 
   -9 -26    22 -5 
    1 0     1 0 
   24 -96    48 12 
    3 2     2 1 
   -2    -4 

   -1     1 
   -1     1 
    1    -1 

    0     0 
    0     4 
   -2     2 
    1    -1 
   -4    -4 
   -4     0 
   -1     1 
   -2     2 
    8    -8 
  -10    -6 
    2    10 
  -12    -4 
    6     6 
    6     2 
   10     2 
  -12     4 
    0   -12 
    2     2 
   -4     4 
    6     6 
  -14   -10 
  -10    -6 
   -6   -10 
   -2   -10 
   -2    -6 
   14    10 
    6   -14 
    4    16 
    6   -10 
   -6     2 
    2    14 
  -14    -2 
    2     6 
   18   -10 
  -12     4 
   12     0 
  -10    -2 
  -10   -18 
    4    -4 
    2    -2 
   -8    12 
  -26    -2 
    6   -14 
  -18     6 
    2   -18 
    0    12 
   -4    -8 
   24    16 
   18    30 
   22    -6 
   26   -14 
  -26    18 
  -18     2 
    6    18 
   10    22 
   28   -12 
   10     2 
  -16    12 
  -14    14 
   18    22 
  -12    16 
   12   -12 
  -26    30 
   22     6 
  -14    14 
   -8    24 
    2    18 
   26   -22 
   22   -10 
  -14    18 
  -14    18 
  -22    -6 
  -10     6 
   24   -32 
   16   -12 
  -22   -10 
  -26   -30 
   -6   -14 
   -4   -20 
   -2    -6 
  -14    -2 
   10   -22 
   22    22 
  -20    20 
  -36     8 
  -10   -14 
   22    -6 
    6   -30 
   10    22 
   22     6 
  -10    30 
   36    20 
   -8    12 
   20   -24 
  -12   -28 
   30    30 
   -6     6 
   42   -30 
  -24     4 
   -2   -34 
   -6   -42 
   42    -2 
  -26     6 
   14   -18 
    2   -22 
  -14    26 
   -6   -14 
   -6    -6 
   -6   -22 
  -22    30 
   -2    22 
  -34    38 
  -42   -38 
  -38   -18 
   14    18 
  -18    -6 
  -30    38 
    4     8 
  -30   -30 
   22   -18 
   10   -14 
  -26    34 
   -2   -30 
  -12    28 
   30    42 
    6   -30 
  -38    34 
   -8   -44 
   26    50 
  -26   -50 
  -24     0 
   44   -40 
  -42    50 
    6    34 
   14   -14 
   30     2 
   -6    30 
    6    26 
    8    24 
  -52    24 
  -26    26 
    6    22 
   50   -10 
  -16    24 
   34   -22 
   -6   -14 
  -30    -6 
   16    20 
   18    38 
    6    54 
    8   -28 
  -14    18 
  -14   -34 
  -22     2 
  -10    10 
  -54     6 
  -22    18 
  -34     6 
    6   -30 
  -52   -20 
   -6   -42 
    6    50 
  -46    34 
   22   -30 
  -42   -30 
   38   -34 
  -32   -28 
   -2   -22 
  -14   -14 
   -8    44 
  -46     6 
  -40    20 
  -32     0 
   58   -26 
  -22    14 
  -54     6 
   10    30 
   50   -18 
  -16   -20 
   36   -52 
  -40    60 
  -56   -16 
  -50   -58 
   -6    22 
   -6   -18 
  -18   -30 
   30    -6 
   24   -12 
   14   -50 
   22    46 
   54   -10 
    2    34 
   14    14 
   -2    58 
  -54    30 
  -66   -46 
  -46    22 
  -18    14 
  -22   -22 
   34    26 
