9 2
25
    1    -1     1     1    -1    -1     1    -1     1 
  -32     0   -16   -16     0     0   -32     0   -16 
    8     6     4     4    10     8     8     4     4 
    1     1     1     1     1     1     1     1     1 
    1 0     5 8     1 0     1 0     4 5     4 5     1 0     4 5     1 0 
  -32    16   -16   -16    64    48   -32    16   -16 
   -7 -70     2 -87    -7 -70    -7 -70   -57 22   -57 22    -7 -70     2 -87    -7 -70 
    1 0     1 0     1 0     1 0     1 0     1 0     1 0     1 0     1 0 
  132 -84   264 -168   132 -84   132 -84  -216 -48  -216 -48   132 -84   264 -168   132 -84 
    1 2     2 3     1 2     1 2     3 2     3 2     1 2     2 3     1 2 
   -8    -1    -4    -4    -2    -6    -8     1    -4 

   -1     1    -1    -1    -1     1     1     1     1 
    1     1     1     1    -1    -1    -1    -1    -1 
    1    -1     1     1     1     1    -1     1    -1 
    1    -1     1     1     1    -1    -1    -1    -1 

    0     0     0     0     0     0     0     0     0 
   -1    -1    -1    -1     1     1     1     1     1 
   -2     0     2     2    -4    -2    -2     2     2 
   -1     1    -1    -1    -1    -1     1    -1     1 
    2    -2    -6     2     6     4    -2    -4    -2 
   -2     2    -2     6    -2     4    -2    -4     6 
    6    -4    -6     2     0    -4     2     0    -2 
   -1     1    -1    -1    -1     1     1     1     1 
    2     2    10    -6    -2    -2     6     6    -2 
    2     4   -10     6    -4    -2    -2    -6     2 
  -10    -8     2     2     8    -2     6    -6    10 
   -2     2     6     6    -6    -6   -10    -6    -2 
  -10    -2     6     6    -6    -6    10     2    -6 
   -6    -4     6    -2    12    -8     2     4   -10 
    2     4     6    -2     0     8     2    -4   -10 
    6   -10    -2     6   -14    -4     6    -4     6 
   10     6     2    -6   -10   -12     6    -4     6 
   14     4     2   -14    -4    -6    -2    14    10 
    6   -10    14    -2   -10     2   -10    -6    14 
    6   -12   -14    10     4     4   -14     0    14 
    2    10    10    -6   -14     2     2   -14    -6 
    6    -6    -2    -2    -2    -2    10   -10   -14 
    6    10    14    14    14   -18    -6    -2     2 
   -2    -2     6     6    -6     6   -14   -18    10 
  -14     2     2     2     2     2    18    -6   -14 
