3 39
25
    1     1     1 
    0     0     0 
    4     2     2 
    1     1     1 
    3 0     8 3     3 0 
  144    16    16 
  168 0   155 232   168 0 
    0 1     1 0     0 1 
    0 -503     0 1006     0 -503 
    3 0     3 2     3 0 
  -18     1    -2 

   -1    -1    -1 

   -1     1     1 
   -4    -2    -2 
   -4    -2    -2 
   -5    -5     3 
    1     1     5 
    1     1     5 
    0     0    -8 
    0     0    -8 
   -6     0     0 
   -6     0     0 
    2    -4     4 
    2    -4     4 
  -10    -2   -10 
  -10    -2   -10 
   -5    -5    -5 
   -6    12   -12 
   -6    12   -12 
    5    -7   -11 
    5    -7   -11 
    6    -6    -6 
    6    -6    -6 
   -6     0     0 
   -6     0     0 
   10    10    -6 
   10    10    -6 
