1 10
200
   -1 
    0 
    4 
    1 
    4 5 
   96 
   76 -19 
    1 0 
  322 0 
    4 1 
  -12 

   -1 
   -1 

   -1 
    2 
    2 
   -6 
    6 
    6 
   -2 
   -2 
   -2 
   -2 
   -2 
   -2 
   -6 
   -6 
    1 
  -10 
  -10 
    2 
    2 
  -14 
  -14 
    6 
    6 
  -10 
  -10 
   14 
   14 
  -10 
  -10 
  -14 
  -14 
   -6 
  -14 
  -14 
    6 
    6 
   18 
   18 
   -2 
   -2 
  -14 
  -14 
    2 
    2 
    6 
    6 
  -14 
  -14 
   -6 
   -6 
   14 
   14 
  -14 
  -14 
   30 
   30 
  -10 
  -10 
  -14 
  -14 
  -30 
  -30 
    6 
    6 
   30 
   30 
   26 
   26 
   14 
   14 
   -6 
   -6 
  -22 
    6 
    6 
   30 
   30 
   22 
   22 
   10 
   10 
  -30 
  -30 
   22 
   22 
  -10 
  -10 
   18 
   18 
   42 
   42 
   30 
   30 
   30 
   30 
  -18 
  -18 
    1 
   -2 
   -2 
  -18 
  -18 
    2 
    2 
  -38 
  -38 
  -14 
  -14 
   34 
   34 
   14 
   14 
    2 
    2 
   -6 
   -6 
   30 
   30 
   10 
   10 
   18 
   18 
   42 
   42 
    6 
    6 
  -34 
  -34 
   10 
   10 
   -2 
   -2 
   18 
   18 
  -34 
  -34 
   -6 
   -6 
   10 
   10 
  -54 
  -54 
  -42 
  -42 
   -2 
   -2 
  -50 
  -50 
   42 
   42 
   14 
   14 
   54 
   54 
   34 
   34 
  -34 
  -34 
   42 
   42 
   -6 
   -6 
  -46 
   -6 
   -6 
  -42 
  -42 
   34 
   34 
  -18 
  -18 
  -50 
  -50 
    2 
    2 
  -42 
  -42 
   54 
   54 
   10 
   10 
  -58 
  -58 
  -14 
  -14 
   50 
   50 
   30 
   30 
  -22 
  -22 
  -62 
  -62 
  -10 
  -10 
  -10 
  -10 
  -22 
  -22 
   22 
