6 0
25
    1    -1     1    -1     1     1 
   48     0   -24     0    32  -128 
   12     8     6     6     8     8 
    1     1     1     1     1     1 
    1 0     3 0     1 0     3 0     1 0     1 0 
   48    48   -24    64    32  -128 
   47 -60    47 -60    47 -60    47 -60    47 -60    47 -60 
    0 1     0 1     0 1     0 1     0 1     0 1 
 -180 -140  -180 -140  -180 -140  -180 -140  -180 -140  -180 -140 
    3 0     3 0     3 0     3 0     3 0     3 0 
    6     6    -3     8     4   -16 

   -1     1     1     1     1     1 
    1     1    -1    -1     1     1 
    1     1     1     1    -1    -1 
    1     1     1    -1     1     1 

    0     0     0     0     0     0 
    0     0     0     0     0     0 
   -1    -1    -1    -1     1     1 
   -2     2     4     4     2     2 
   -1    -1    -1     1    -1    -1 
   -2     2     0    -4    -4     2 
    2     6    -2    -6     0     6 
    6    -6     6    -2    -6     6 
    6    -6     0     8     6    -6 
    6    -6    -4    -8    -6     6 
   -6    10     6     2    -2    10 
   -2     2     2    -2     2   -10 
   -2    -6    12    -8    -6     6 
  -10    -6     6     2     0     6 
   -2   -14     6     2     4    -2 
   -2    -6     6    -6     6     6 
   10    -6     2     6     6    -6 
    2    10    -6     2    10    -2 
    2   -14   -10    10    10    10 
   10     2   -10    -2     2     2 
   14    10   -10     6    -2    -2 
   -6    -6   -18   -10     6    -6 
   -6    -6     6   -14     6     6 
   -2    -2    16    12    10   -14 
  -14   -10    18     6     8   -10 
