1 0
100
    1 
  -16 
    8 
    1 
    1 0 
  -16 
  -13 -20 
    0 1 
  -60 40 
    3 0 
   -2 

    1 
   -1 
   -1 
   -1 

    0 
    1 
    1 
    2 
    1 
   -2 
    2 
   -6 
    6 
    6 
    6 
   -2 
    2 
   10 
    2 
   -2 
  -10 
   -2 
   -2 
   10 
  -14 
   -6 
   -6 
    2 
  -14 
  -10 
    6 
   14 
  -18 
    2 
   10 
   10 
  -22 
   -6 
  -10 
  -10 
   14 
   -2 
   14 
  -10 
   14 
   -2 
  -14 
   18 
    6 
  -26 
  -10 
   -2 
  -22 
   26 
  -14 
   10 
   18 
  -14 
  -18 
   14 
   14 
   22 
  -14 
   26 
   30 
    6 
  -14 
   10 
  -18 
  -10 
  -22 
  -30 
   22 
  -34 
   -6 
   34 
   10 
    6 
  -26 
    6 
  -26 
  -10 
   14 
  -14 
  -30 
  -14 
  -38 
    6 
  -10 
    2 
  -14 
   10 
   18 
   -6 
  -38 
    6 
   14 
    6 
   30 
  -22 
  -22 
   26 
   22 
   14 
