1 0
200
    1 
   48 
    6 
    1 
    1 0 
   48 
  -37 -64 
    1 0 
  -11 -165 
    2 1 
   12 

   -1 
    1 
    1 

    1 
    0 
   -2 
    4 
    6 
    4 
    2 
   -2 
   10 
    6 
    2 
    2 
    0 
   -8 
    2 
   -6 
   12 
    2 
   -2 
   14 
  -10 
   -4 
   -6 
  -10 
   -2 
   -6 
  -12 
  -16 
   -6 
   14 
   -1 
   -1 
   -2 
   -2 
  -10 
  -10 
  -16 
  -10 
   -8 
  -18 
   22 
  -10 
   10 
   18 
   28 
    6 
  -14 
  -20 
   -6 
   14 
   22 
    6 
   14 
   22 
  -30 
  -18 
  -26 
   10 
   -6 
  -26 
  -18 
   12 
   26 
   14 
  -24 
   18 
  -16 
   32 
   10 
    4 
   14 
  -18 
   16 
  -22 
   28 
  -16 
  -26 
  -14 
    6 
   -4 
   -8 
  -24 
   22 
  -14 
   38 
   38 
    0 
  -20 
   -6 
    8 
   34 
    6 
   30 
  -26 
   18 
  -26 
   -6 
   -2 
  -10 
  -34 
   32 
    2 
   14 
   30 
  -14 
   -2 
   18 
  -30 
  -38 
  -26 
   10 
   10 
  -28 
   36 
   12 
  -22 
   10 
   -6 
  -14 
   22 
   46 
  -38 
  -38 
   34 
  -34 
   40 
   -8 
   34 
    2 
   14 
   24 
   -6 
   48 
  -20 
  -14 
  -46 
   14 
  -38 
   46 
   12 
    4 
  -44 
  -22 
  -14 
   -4 
   -6 
  -42 
   12 
   22 
   24 
   48 
   46 
  -30 
   18 
   22 
  -54 
  -14 
  -22 
   18 
  -50 
   16 
  -12 
   -2 
   22 
   12 
   42 
   22 
  -50 
   22 
   22 
   54 
   34 
  -14 
    6 
  -26 
   44 
    8 
   42 
   64 
   14 
   10 
   24 
  -50 
    6 
  -38 
   46 
  -58 
  -58 
  -58 
   16 
   20 
  -30 
   18 
  -30 
   10 
  -46 
   38 
   50 
  -48 
   22 
