1 0
200
    1 
    0 
   14 
    1 
    3 0 
   16 
  -23 -50 
    0 1 
 -150 70 
    3 0 
   -2 

   -1 
    1 
    1 
    1 

    0 
   -1 
   -1 
   -4 
   -6 
   -2 
   -8 
   -6 
   -4 
   -6 
    4 
    6 
  -10 
    0 
   10 
  -10 
    0 
   -6 
    2 
   -2 
   -2 
   10 
  -10 
  -10 
   -2 
   12 
  -16 
  -18 
   14 
   18 
  -18 
    6 
   -1 
    2 
   10 
    6 
  -22 
   -4 
  -22 
   -2 
  -18 
   -6 
  -14 
   -4 
   18 
   12 
   12 
  -18 
  -26 
   24 
    6 
   -8 
   -2 
    4 
  -14 
  -22 
   10 
    8 
   -6 
  -18 
   14 
   16 
   10 
   16 
    0 
   34 
  -14 
   12 
   12 
  -10 
  -14 
  -24 
   22 
  -22 
   -8 
  -14 
   22 
  -34 
    8 
  -18 
  -34 
   16 
   32 
   -6 
   22 
  -30 
  -38 
  -40 
   20 
    6 
  -30 
   22 
  -18 
   24 
    8 
    6 
  -38 
   20 
   40 
   20 
   22 
  -18 
  -36 
   26 
  -16 
   -2 
  -34 
   12 
   12 
    2 
   26 
   -2 
  -42 
   -6 
  -22 
   -2 
  -14 
  -36 
   10 
  -22 
   32 
  -22 
   -6 
  -18 
  -34 
   30 
   -6 
   -8 
  -14 
  -32 
    2 
    8 
  -10 
   54 
   22 
  -18 
    6 
  -18 
  -26 
   42 
   26 
  -54 
  -42 
  -26 
   22 
  -54 
  -24 
  -22 
  -18 
   18 
  -54 
   46 
  -30 
  -30 
  -18 
   -6 
    8 
  -10 
    0 
    8 
   16 
   10 
   38 
  -18 
   20 
  -52 
   -2 
  -22 
   54 
   -6 
  -22 
   26 
   20 
   26 
  -36 
  -22 
   38 
    4 
  -50 
   34 
    2 
  -50 
   14 
  -30 
  -26 
  -20 
  -30 
   32 
  -50 
  -52 
   42 
    8 
  -34 
  -50 
   34 
   -6 
   36 
   24 
   28 
  -10 
