1 0
200
    1 
    0 
   14 
    1 
    3 0 
   16 
  -23 50 
    0 1 
  150 70 
    3 0 
    2 

   -1 
    1 
    1 
    1 

    0 
   -1 
   -1 
   -4 
   -2 
   -6 
   -6 
   -8 
   -6 
   -4 
    6 
    4 
    0 
  -10 
   10 
    0 
  -10 
    2 
   -6 
   -2 
   -2 
  -10 
   10 
   -2 
  -10 
  -16 
   12 
   14 
  -18 
  -18 
   18 
    6 
    2 
   -1 
    6 
   10 
   -4 
  -22 
   -2 
  -22 
   -6 
  -18 
   -4 
  -14 
   12 
   18 
  -18 
   12 
   24 
  -26 
   -8 
    6 
    4 
   -2 
  -22 
  -14 
    8 
   10 
  -18 
   -6 
   16 
   14 
   16 
   10 
   34 
    0 
   12 
  -14 
  -10 
   12 
  -24 
  -14 
   22 
   -8 
  -22 
   22 
  -14 
    8 
  -34 
  -34 
  -18 
   32 
   16 
   22 
   -6 
  -38 
  -30 
   20 
  -40 
  -30 
    6 
  -18 
   22 
    8 
   24 
  -38 
    6 
   20 
   20 
   40 
  -18 
   22 
   26 
  -36 
   -2 
  -16 
   12 
  -34 
    2 
   12 
   -2 
   26 
   -6 
  -42 
   -2 
  -22 
  -36 
  -14 
  -22 
   10 
  -22 
   32 
  -18 
   -6 
   30 
  -34 
   -8 
   -6 
  -32 
  -14 
    8 
    2 
   54 
  -10 
  -18 
   22 
  -18 
    6 
   42 
  -26 
  -54 
   26 
  -26 
  -42 
  -54 
   22 
  -22 
  -24 
   18 
  -18 
   46 
  -54 
  -30 
  -30 
   -6 
  -18 
  -10 
    8 
    8 
    0 
   10 
   16 
   38 
   20 
  -18 
   -2 
  -52 
   54 
  -22 
  -22 
   -6 
   20 
   26 
  -36 
   26 
   38 
  -22 
  -50 
    4 
    2 
   34 
   14 
  -50 
  -26 
  -30 
  -30 
  -20 
  -50 
   32 
   42 
  -52 
  -34 
    8 
   34 
  -50 
   36 
   -6 
   28 
   24 
    8 
