1 0
200
   -1 
    0 
    8 
    1 
    4 1 
  624 
  -57 -74 
    1 0 
  -24 -336 
    3 2 
 -104 
    0 
    0 

    1 
    1 
    1 

    0 
   -2 
    3 
   -1 
    7 
   -5 
   -7 
    6 
   -1 
   -4 
  -10 
   -9 
    4 
   -4 
   -3 
   -2 
    9 
   14 
    6 
  -16 
   -7 
   -4 
   -9 
   -8 
   -6 
    5 
  -12 
    2 
   -3 
   -2 
  -12 
  -10 
   -3 
   17 
   -1 
  -13 
   10 
   18 
    5 
    2 
  -17 
  -12 
    4 
    6 
   -4 
   -1 
  -18 
   -5 
   24 
    4 
  -17 
    8 
    0 
  -14 
    5 
  -19 
   10 
  -16 
  -14 
    6 
    9 
  -14 
   21 
   -7 
    6 
  -24 
   18 
  -10 
   25 
  -31 
  -13 
  -17 
   -2 
  -10 
   25 
   19 
  -26 
  -20 
   34 
  -12 
  -34 
  -14 
   20 
  -10 
   17 
   38 
  -27 
  -18 
    9 
   38 
   26 
   24 
   24 
  -15 
    5 
  -22 
   -6 
   19 
  -13 
  -33 
  -12 
   21 
    0 
   12 
   14 
   38 
   -4 
  -13 
   18 
  -30 
   -5 
  -46 
   -6 
    2 
  -14 
   15 
   -2 
  -39 
   26 
  -10 
   40 
   47 
  -30 
   -6 
   18 
   10 
    6 
  -18 
    3 
   30 
   29 
   13 
  -29 
   24 
  -14 
  -16 
   18 
   -8 
   27 
   24 
  -18 
   36 
  -50 
   -3 
  -14 
   39 
   -2 
  -15 
  -13 
    2 
   15 
   50 
   18 
   -7 
   29 
  -42 
   52 
  -31 
  -42 
   30 
  -56 
   -5 
   14 
   18 
  -51 
   11 
  -46 
  -29 
  -18 
   16 
   18 
  -16 
  -17 
   16 
  -27 
   14 
  -29 
   42 
  -42 
  -56 
    8 
   -8 
   10 
    2 
   36 
   34 
  -46 
   -2 
  -51 
   52 
  -20 
   12 
  -56 
   -6 
   -6 
  -39 
   46 
    5 
  -41 
  -50 
