1 0
200
    1 
 -480 
    3 
    3 
    1 0 
 -480 
   41 -64 
    1 0 
  145 -87 
    2 1 
 -120 

    1 
    1 
    1 
   -1 

   -1 
    3 
    3 
    1 
    5 
   -1 
   -1 
    0 
   -1 
    1 
   -4 
    2 
    0 
    0 
   14 
   -9 
   -3 
    8 
    8 
    2 
    2 
   -6 
    0 
    8 
  -16 
   12 
   12 
  -13 
   11 
    0 
  -12 
   -7 
    0 
    0 
  -15 
   -9 
   14 
    8 
    6 
    6 
   17 
   -7 
   -4 
    2 
  -18 
    6 
   26 
  -22 
   -3 
  -21 
  -13 
   -7 
   21 
   -3 
    6 
   24 
   14 
  -10 
  -27 
  -15 
  -24 
   18 
   17 
   35 
   -6 
   24 
    2 
   -4 
    5 
   -1 
   -6 
  -18 
  -34 
   23 
    5 
   12 
  -36 
   11 
  -13 
  -39 
  -33 
    2 
   26 
    2 
    8 
   -4 
    2 
   12 
  -12 
  -10 
   26 
   24 
    6 
   21 
   15 
   -3 
  -21 
    2 
    8 
    2 
  -30 
   18 
    0 
   -6 
  -10 
   14 
   33 
   21 
    8 
  -10 
   29 
  -25 
  -12 
  -30 
  -24 
   -6 
   -6 
  -18 
   38 
   14 
   23 
  -43 
  -12 
  -30 
  -15 
   27 
  -25 
  -37 
   32 
  -22 
   26 
    8 
  -42 
   42 
   32 
  -22 
   48 
    0 
  -30 
   -6 
   30 
  -36 
  -15 
   -3 
   14 
   50 
   44 
  -40 
   -3 
    3 
   41 
  -31 
   30 
   36 
   18 
  -30 
   26 
   38 
  -15 
   45 
  -39 
  -27 
   -1 
   -3 
  -51 
  -22 
  -10 
   47 
   17 
  -30 
   12 
   23 
    5 
    8 
  -46 
   18 
   30 
  -60 
  -36 
   50 
  -34 
  -22 
  -22 
   -3 
  -27 
  -45 
  -15 
   20 
  -40 
  -16 
   20 
   -1 
   41 
  -18 
   48 
  -54 
    6 
  -22 
   26 
  -34 
