3 0
25
    1     1    -1 
   24   -24     0 
    6     6     6 
    1     1     1 
    1 0     1 0     3 0 
   24   -24    16 
  -75 -8   -75 -8   -17 -78 
    1 0     1 0     0 1 
 -143 -91  -143 -91  -234 52 
    2 1     2 1     3 0 
    6    -6    -2 

    1    -1    -1 
   -1     1     1 
   -1    -1     1 
   -1    -1     1 
    1     1    -1 

   -1     1     1 
    0     0     0 
    1    -1    -1 
   -2    -2     4 
    1     1    -1 
    1     1    -1 
   -1    -1     1 
   -6    -6    -6 
    6     6    -4 
    6     6    -2 
    8     8    -6 
    2   -10     6 
    0     0   -10 
   -6     6    -4 
   -4     8     6 
    6    -6   -12 
    6     6   -14 
    2   -10     0 
   -4     8   -10 
  -10    14     6 
    2   -10    -2 
    6    18     4 
   -6     6   -18 
    8     8    -6 
  -10    14     4 
