3 0
25
   -1     1    -1 
    0   -56     0 
    9     7     4 
    1     1     1 
    3 8     1 0     8 5 
    8   -56    32 
   15 94    -2 -77    15 94 
    1 0     1 0     1 0 
 -144 312    72 -156  -144 312 
    3 2     2 1     3 2 
    2   -14     1 

    1     1     1 
   -1     1     1 
    1    -1     1 
   -1     1     1 

    0     0     0 
   -3    -1     2 
    1    -1    -1 
   -1     1    -1 
    0     0    -2 
    0     4    -2 
    5     3     6 
   -5    -1     6 
    3    -9    -6 
   -8    -4     2 
   -7    -3    -6 
   -2    -2   -10 
    1    -1    -1 
    3     1   -10 
    9    11    -2 
    2    14   -10 
    8    12    -6 
   11    -3    -2 
    7     5    -2 
   -7    -9    -2 
   -4   -12    10 
   -6    10   -18 
  -14   -14   -14 
   -7    13     2 
    3   -19    -2 
