2 0
25
   -1    -1 
    0     0 
    8     8 
    1     1 
    3 0     3 0 
   16    16 
  -45 68   -45 68 
    0 1     0 1 
  204 136   204 136 
    3 0     3 0 
   -2     2 

    1     1 
    1    -1 
   -1    -1 
   -1     1 

    0     0 
   -2    -2 
   -2     2 
   -2    -2 
    2    -2 
   -1     1 
    1     1 
    1    -1 
    6     6 
   -2     0 
   -2     8 
   -2    -4 
    2    -4 
   10   -10 
    6     6 
    6     2 
  -10    10 
  -10     4 
   -2    -2 
    2    -6 
   -6     0 
    6    -6 
    6   -14 
  -14    -6 
   10   -16 
