2 0
25
    1    -1 
  144     0 
    9     9 
    1     1 
    1 0     1 4 
  144    16 
  -18 55   -59 -34 
    0 1     1 0 
  165 55  -110 -220 
    3 0     3 2 
    2     2 

    1    -1 
   -1    -1 
    1     1 
    1     1 

   -1     1 
    1     1 
    0     0 
    1     1 
    4     0 
    0    -4 
    3    -3 
    3    -3 
   -3    -9 
   -9    -3 
    3    -1 
    1    -3 
   -8     0 
    0    -8 
    3     3 
    3    -1 
    1    -3 
    3     1 
    1     3 
    6    -6 
    6    -6 
    3    11 
   11     3 
   -4    -8 
    8     4 
