1 0
200
    1 
  320 
    2 
    1 
    1 0 
  320 
   59 110 
    0 -1 
 -169 -52 
    1 1 
  320 
    0 
    0 

    1 
    1 
    1 
   -1 

    1 
   -1 
    3 
   -4 
   -1 
   -1 
   -2 
   -4 
    0 
    5 
   -7 
    1 
   -4 
    0 
   10 
    9 
   10 
   15 
   -6 
    1 
  -14 
   16 
   -9 
   12 
   -2 
    7 
  -14 
    0 
    7 
   -2 
   -6 
  -11 
   16 
  -10 
    2 
   10 
   -4 
    1 
  -14 
    0 
   14 
   23 
    2 
   16 
    7 
    2 
   29 
  -22 
   18 
   12 
   10 
    1 
    8 
    8 
    3 
  -13 
   -3 
    1 
   15 
    6 
    0 
    9 
  -17 
  -23 
   18 
   27 
   22 
   16 
   22 
    8 
    6 
    0 
   -2 
  -16 
   26 
   36 
  -23 
   20 
   37 
   25 
   -6 
  -28 
  -21 
   26 
   -6 
    8 
    1 
   36 
  -15 
  -16 
   12 
    8 
   27 
  -31 
  -39 
    4 
    0 
   -6 
   20 
  -17 
  -12 
  -36 
   13 
  -40 
   22 
  -18 
   -7 
  -34 
    0 
   30 
   36 
   31 
   27 
  -30 
  -30 
  -48 
   26 
   -8 
   12 
   -3 
   34 
  -34 
  -27 
   18 
   48 
   -2 
  -10 
  -45 
  -50 
    6 
  -32 
   -8 
    0 
  -20 
  -44 
   46 
    0 
   51 
  -27 
   37 
  -39 
   18 
  -25 
   -9 
   19 
  -56 
   15 
    3 
  -45 
   31 
  -20 
  -41 
   38 
   16 
   -8 
   50 
  -26 
   25 
   42 
  -26 
   23 
  -28 
  -28 
    6 
  -24 
    0 
  -38 
   45 
   57 
   42 
  -22 
   39 
   16 
  -46 
   10 
  -30 
  -23 
   60 
  -54 
   10 
  -56 
   -5 
   26 
   36 
  -18 
    0 
   44 
  -34 
   35 
   -4 
  -31 
  -42 
   38 
   25 
    6 
   46 
  -46 
  -14 
  -19 
   39 
