1 0
200
   -1 
    0 
   10 
    1 
    1 4 
    8 
  -17 -138 
    2 0 
  112 -224 
    3 2 
   -1 
    0 
    0 

   -1 
   -1 
    1 

    0 
    1 
   -4 
    2 
    2 
   -4 
    0 
    0 
   -6 
    2 
    2 
   -2 
   -2 
    2 
   -1 
   -2 
   -6 
   -8 
   10 
   16 
   -4 
    4 
  -16 
   -8 
    0 
    2 
    0 
   -6 
    2 
    2 
    6 
   10 
    6 
  -10 
    6 
   22 
  -22 
   -4 
    4 
   18 
  -16 
  -18 
   10 
   26 
  -18 
    6 
  -16 
  -26 
   -2 
    6 
  -20 
  -12 
  -22 
    2 
  -10 
   -8 
   -6 
  -18 
   30 
  -18 
    6 
  -12 
   22 
    2 
   -2 
  -18 
   14 
  -22 
   30 
    0 
   30 
  -18 
  -30 
   -6 
    6 
   30 
   26 
   16 
   14 
   30 
    6 
  -26 
  -22 
   38 
  -10 
  -28 
  -12 
   -6 
  -14 
  -26 
   -6 
    0 
    6 
   18 
  -36 
   30 
   42 
  -14 
  -10 
   14 
   22 
  -30 
  -30 
    6 
  -34 
  -18 
  -14 
  -46 
    8 
   28 
  -46 
  -26 
   30 
    6 
  -18 
   38 
  -38 
   -2 
   -4 
  -18 
  -10 
  -26 
  -22 
  -36 
  -26 
  -30 
   26 
   10 
    6 
    4 
  -10 
   18 
  -38 
  -42 
   44 
   28 
  -22 
   24 
  -12 
   -6 
   10 
   30 
   42 
  -10 
  -30 
  -40 
   -6 
    4 
   10 
  -50 
  -46 
  -18 
   30 
  -18 
   52 
   36 
  -48 
  -20 
   22 
  -60 
   22 
   14 
  -26 
   22 
   -2 
   34 
    0 
  -22 
   -6 
  -42 
   -8 
   16 
   -2 
  -26 
  -10 
  -24 
    4 
    2 
   -2 
  -46 
   40 
   26 
   18 
  -32 
   36 
   54 
   24 
   46 
   -2 
   -6 
  -46 
  -34 
  -50 
   40 
  -66 
    8 
   -4 
   -2 
  -30 
  -38 
