1 0
200
   -1 
    0 
    6 
    1 
    1 4 
   48 
   87 46 
    1 0 
  168 312 
    3 2 
    4 

    1 
    1 
    1 

    0 
    0 
    0 
   -1 
    6 
   -6 
   -2 
    4 
   -6 
    6 
    6 
  -10 
   -4 
    6 
    2 
   12 
   -2 
   -6 
    2 
  -14 
  -10 
    0 
    0 
  -10 
   14 
    0 
   -2 
  -14 
   -1 
   -8 
   12 
   10 
   -6 
   -2 
  -22 
    4 
   -2 
  -14 
   -4 
    0 
   10 
   -6 
   10 
   -6 
  -26 
    2 
  -14 
  -22 
    0 
    8 
   14 
  -26 
  -12 
    6 
  -30 
  -12 
   10 
   26 
   10 
  -30 
   14 
  -10 
  -14 
   22 
  -20 
   34 
   14 
  -14 
   -2 
    6 
    2 
   26 
    2 
  -10 
  -10 
   24 
  -18 
   22 
    2 
  -10 
  -30 
  -10 
   18 
   34 
  -22 
  -22 
  -14 
  -34 
  -36 
   22 
  -10 
   30 
   30 
   -8 
  -40 
  -36 
  -18 
    2 
   34 
    2 
    2 
   14 
  -40 
   42 
   18 
   26 
   -4 
  -36 
   -6 
  -42 
   38 
  -26 
    4 
  -38 
    4 
  -30 
   -8 
   12 
   10 
  -10 
  -38 
   30 
  -22 
   12 
  -18 
   48 
   26 
  -38 
   34 
   34 
  -38 
   38 
  -26 
  -40 
  -22 
   14 
   34 
    0 
   34 
   46 
   32 
  -36 
  -52 
   14 
   10 
   10 
  -34 
   22 
  -32 
  -36 
   30 
    2 
   36 
  -12 
   16 
   50 
   -6 
  -30 
   -4 
  -30 
  -36 
   36 
  -10 
   44 
   12 
   22 
  -58 
    6 
  -34 
   10 
  -36 
   30 
   34 
   22 
  -30 
  -32 
   42 
   50 
   -6 
  -50 
   18 
  -14 
   10 
   -2 
  -18 
  -62 
   -8 
   38 
  -62 
    2 
  -50 
   22 
  -50 
   22 
    4 
  -16 
  -66 
    6 
  -54 
  -10 
