1 2
200
   -1 
    0 
    6 
    1 
    3 0 
    8 
  -73 -40 
    0 1 
 -120 220 
    3 0 
    1 
    0 
    0 

   -1 
    1 
    1 
   -1 

    0 
   -1 
   -1 
    4 
   -2 
    6 
    6 
   -6 
   -8 
    6 
   -4 
  -10 
    0 
  -10 
  -10 
   -2 
    0 
    2 
   -6 
  -16 
  -14 
  -14 
    6 
  -10 
  -16 
  -10 
   14 
    2 
  -10 
   20 
   -6 
  -10 
   -2 
   20 
  -22 
  -10 
    1 
    2 
   22 
  -18 
   16 
    2 
   14 
    4 
   -6 
   18 
   10 
    8 
   -6 
    4 
   10 
   28 
  -14 
    8 
    2 
  -18 
  -14 
   26 
    6 
  -18 
   14 
  -20 
  -30 
   26 
   20 
    6 
   22 
   -2 
   -8 
   16 
   22 
   -4 
   -6 
  -22 
    4 
   -6 
   30 
   14 
   10 
  -34 
    6 
   14 
  -28 
  -18 
  -26 
  -14 
  -14 
   -2 
  -12 
   -8 
   -6 
   12 
  -12 
  -28 
  -18 
   -6 
   14 
    2 
   22 
  -16 
   18 
  -22 
   16 
  -46 
   16 
  -34 
   -6 
  -38 
   28 
   20 
   14 
   38 
   46 
   18 
   30 
  -38 
   34 
  -32 
   10 
  -14 
   38 
  -30 
   -8 
  -26 
   42 
   -2 
   14 
   10 
   46 
    6 
   26 
   10 
  -42 
  -30 
   -2 
  -46 
   -6 
   26 
  -18 
   -4 
   22 
   42 
  -10 
   -6 
   18 
   -2 
  -48 
   26 
  -10 
  -28 
   46 
  -18 
   44 
  -30 
  -22 
   46 
   42 
   38 
   36 
   32 
   46 
    2 
   46 
   62 
  -22 
   48 
   22 
   -2 
  -50 
  -56 
   14 
   12 
   22 
  -42 
  -30 
  -54 
  -30 
  -18 
   36 
   58 
  -34 
  -36 
  -34 
  -12 
   18 
   54 
    6 
  -56 
   50 
   46 
   50 
   30 
   -6 
  -18 
  -30 
  -26 
    4 
   46 
   28 
   26 
