2 0
25
    1     1 
  -64   -48 
    8     6 
    1     1 
    1 0     1 0 
  -64   -48 
   22 79    22 79 
    1 0     1 0 
  -36 180   -36 180 
    2 1     2 1 
  -16   -12 

    1    -1 
    1     1 
   -1     1 

    0     0 
   -2     0 
    2     2 
    0     0 
    1    -1 
    6     2 
   -6     4 
    2     0 
    6     8 
    6     0 
    6    -2 
    6     2 
   -2    10 
    2     4 
    2    10 
   -6    -2 
    2   -10 
   -2     2 
   14    -2 
   10   -10 
   -6    -2 
    6     2 
   -6    16 
  -14     2 
  -14   -18 
