9 0
25
    1    -1    -1     1     1     1    -1    -1     1 
   48     0     0    48    32   -64     0     0    24 
   12    12    12    12     8     8    14     8     6 
    1     1     1     1     1     1     1     1     1 
    1 0     1 4     1 4     1 0     1 0     1 0     1 4     1 4     1 0 
   48    16    56    48    32   -64    32     8    24 
  -13 -60    71 -74    71 -74   -13 -60   -13 -60   -13 -60    71 -74    71 -74   -13 -60 
    0 1     1 0     1 0     0 1     0 1     0 1     1 0     1 0     0 1 
 -180 40   360 -80   360 -80  -180 40  -180 40  -180 40   360 -80   360 -80  -180 40 
    3 0     3 2     3 2     3 0     3 0     3 0     3 2     3 2     3 0 
    2     2     3     2     2    -8     3    -1     2 

   -1     1    -1    -1    -1     1     1     1    -1 
    1     1     1     1     1     1    -1    -1    -1 
    1    -1    -1     1     1     1     1     1     1 
    1    -1     1     1     1    -1    -1    -1    -1 

    0     0     0     0     0     0     0     0     0 
   -1    -1    -1    -1    -1    -1     1     1     1 
    0     0     0     0     0     0     0     0     0 
   -2    -2    -2    -2     2     2    -4     2     4 
   -2    -2     1     6    -6     2    -4    -1     0 
   -6    -2    -3     2     2    -2    -2    -5     2 
   -1     1    -1    -1    -1     1     1     1     1 
    2     0    -3     2    -6     6     6     3    -2 
   -2     2    -2    -2    -2     6    -6    -6     2 
  -10     0     8    -2     6     6    -6     0   -10 
    6     2    11     6    -2     2     2    -7    -6 
    2   -10     0    10     2    -2    10    -8    -2 
    6     6     0   -10    -2     6     6     0    -2 
   -2     8     3    -2    10     6     0    -9     8 
  -10    -4     6     6    10    -2     4    -2   -12 
   10   -12     0    10    10     6    -6   -12     2 
  -10     4    -4     6     6     6     6    12     6 
    2    14    -3     2   -14    10    -2     1    14 
    2     6   -15    10     6    10     4     1    -8 
  -10    -2    10   -10     6   -14   -14    10     2 
    2     6    -4   -14   -10   -10     8    -4    16 
   10     8     9    -6     2     6   -18    -3     6 
   -6     0   -10    10    10   -18    -6     6     2 
   18     4   -14   -14    10   -10    14    14    -2 
   14    14   -11    14   -10   -14    -2   -17    14 
