1 0
200
   -1 
    0 
    4 
    1 
    4 1 
   24 
  -30 -67 
    1 0 
  140 -224 
    2 3 
   -3 
    0 
    0 

   -1 
    1 
   -1 

    0 
    2 
   -4 
    4 
   -3 
    0 
   -5 
   -6 
    6 
    9 
    1 
   -8 
   -2 
    7 
   -1 
    4 
  -14 
    2 
   10 
   16 
  -14 
   -6 
    1 
  -13 
   11 
   12 
  -11 
    8 
   -8 
  -14 
   -9 
   19 
    0 
   19 
   18 
   -7 
  -13 
   -7 
  -20 
  -16 
   10 
  -14 
   -4 
   -5 
   18 
   -1 
   -4 
  -13 
    3 
  -22 
  -13 
  -30 
  -12 
    8 
   14 
   17 
   13 
  -17 
   18 
    7 
  -33 
  -14 
  -14 
   14 
   14 
    1 
  -22 
  -35 
  -34 
    0 
   -1 
  -14 
    2 
   -1 
  -18 
  -20 
    5 
    7 
   26 
    0 
   -4 
   23 
  -11 
   -9 
  -28 
   34 
  -26 
   -1 
  -37 
   38 
   21 
  -33 
  -13 
  -30 
   -6 
   16 
  -17 
    2 
  -40 
    2 
   12 
   27 
   30 
   -3 
  -19 
    2 
   -6 
  -14 
   -2 
    2 
   -8 
    6 
  -38 
   23 
  -35 
   39 
   19 
   -8 
  -16 
   39 
   30 
   30 
    7 
   20 
  -39 
  -50 
   10 
    4 
   14 
  -39 
  -22 
  -48 
   27 
   21 
   -5 
   -5 
    4 
   14 
  -22 
   16 
   27 
   10 
    0 
   -8 
   30 
  -14 
  -25 
   26 
   24 
   22 
   47 
  -28 
   27 
   49 
   36 
   36 
  -20 
   22 
   14 
  -28 
   54 
  -28 
   -4 
  -23 
   45 
    4 
   18 
  -60 
    9 
   42 
   31 
  -59 
   26 
   22 
   32 
  -23 
   22 
    2 
  -62 
   -1 
  -13 
  -50 
  -34 
   27 
    8 
  -45 
   30 
   54 
   42 
  -28 
  -45 
  -46 
   25 
   -1 
  -22 
  -14 
  -29 
  -58 
  -42 
  -17 
