7 4
25
    1     1     1    -1    -1     1    -1 
   32    32   -48     0     0    48     0 
    8     8    12    14    12    12     9 
    1     1     1     1     1     1     1 
    1 0     1 0     1 0     5 4     3 0     1 0     3 0 
   32    32   -48   128    24    48     8 
   87 -20    87 -20    87 -20    51 -54    87 -20    87 -20    87 -20 
    0 1     0 1     0 1     1 0     0 1     0 1     0 1 
  -60 -260   -60 -260   -60 -260   260 -60   -60 -260   -60 -260   -60 -260 
    3 0     3 0     3 0     3 2     3 0     3 0     3 0 
    4     4    -6     3    -3     6    -1 

    1     1     1     1    -1     1     1 
    1     1     1    -1    -1    -1    -1 
    1     1    -1     1     1    -1    -1 
   -1    -1     1    -1     1    -1     1 

    0     0     0     0     0     0     0 
   -1    -1    -1     1     1     1     1 
   -1    -1     1    -1    -1     1     1 
    2     2    -2    -4    -2    -2     1 
    2     6     4    -4     4     2    -5 
    2     2     6     2     2    -2     3 
    2     6     0     2    -4     6    -6 
   -2     2     0     4    -4     2     0 
   10    -6    10    -2    -6    -6    -2 
  -10     6     2     2     2    -2    -1 
    2    -6    -6   -10    -2    -2    -3 
    6    -6    12    -6     4     6    -9 
    6     6     6     6    -6    10    -9 
   -6    10    10     0     2    -2     4 
    2    10    -2     8    -2     6    -2 
    6    10    12    -6    -4    -2    12 
   -6    -2    -4     0   -12    10    -1 
  -14    10     6     4    14   -10   -15 
    2     2    -6     2    14    -2    -3 
   -6   -14     2     6   -14    10    11 
   10     2   -14   -14    10    10    -2 
   -6    10   -14     6   -14    10     4 
    1     1    -1     1    -1     1    -1 
    6     2    -4   -12     0    -6    14 
   18     6     8   -18   -12    14     2 
