12 0
25
   -1     1    -1    -1     1     1    -1    -1     1    -1     1    -1 
    0    96     0     0    80    40     0     0    80     0    96     0 
   20    12    18    16    10    10    18    18    10    12    12    12 
    1     1     1     1     1     1     1     1     1     1     1     1 
    4 1     1 0     4 1     4 1     1 0     1 0     4 1     7 0     1 0     4 1     1 0     7 0 
   64    96    16    32    80    40   144    16    80    32    96    32 
   -9 -74    -9 -74    -9 -74    -9 -74    -9 -74    -9 -74    -9 -74   -95 -58    -9 -74    -9 -74    -9 -74    -9 -74 
    1 0     1 0     1 0     1 0     1 0     1 0     1 0     1 0     1 0     1 0     1 0     1 0 
  120 -240   120 -240   120 -240   120 -240   120 -240   120 -240   120 -240  -360 -480   120 -240   120 -240   120 -240   120 -240 
    3 2     3 2     3 2     3 2     3 2     3 2     3 2     5 2     3 2     3 2     3 2     3 2 
    1     3     1     1     9     3    -3     2     3     1     9     1 

    1    -1     1    -1    -1    -1     1     1    -1     1    -1     1 
    1     1    -1     1    -1    -1    -1    -1    -1     1     1     1 
    1     1     1     1     1     1    -1    -1    -1    -1    -1    -1 
    1     1    -1    -1    -1    -1     1     1     1    -1    -1    -1 

    0     0     0     0     0     0     0     0     0     0     0     0 
    0     0     0     0     0     0     0     0     0     0     0     0 
   -1    -1    -1    -1    -1    -1     1     1     1     1     1     1 
   -1    -1     1     1     1     1    -1    -1    -1     1     1     1 
   -6     2    -4    -2     4     4    -4    -4     4     2     2     2 
   -2     6     6    -2    -2     4    -2     4     6    -2    -2     2 
    2     2    -4    -2     4    -2     4    -2    -4    -2     6    -6 
   -2    -2    -6     6     2     2    -2    -2     6    -6     2     2 
   -2     6    -6   -10    10    -8    10    -8    -6     6    -2    -6 
    6    -2    -6    -6    -6     6    -6     6    -6    -2     6   -10 
   10    -6     4     2    -4     2     4    -2    -4     2    10   -10 
    6   -10     6    10    -2    -2    -2    -2     6   -10    -2    -2 
    6     6    10     6    -6    12     6   -12   -10    10    -6    -2 
    6     6     6    -2     6     0    -6     0    -6    -6    10     6 
  -10   -10    -6    -6    10    -2   -10     2     6    -6    -6    -6 
   -2     6     4    -6     4    10     4    10     4   -14    -6    -2 
   -6     2    -6     2    10    -2   -10     2     6     6    14     6 
   10     2    10    -2    10    -2   -10     2   -10    14   -10    -2 
    2    10    -6    -2    -6     6     6    -6     6   -10    14    -2 
   -6     2    14   -10    -2    -8    -2    -8    14   -14    10   -10 
   -2     6    -4    10    -4     2     4    -2     4   -10    14    10 
  -14     2   -18   -10    -2    16    -2    16   -18    -6    -6   -10 
    2   -14    14   -10   -18     0   -18     0    14    -6    -6   -10 
  -10    14   -12    10     4   -14    -4    14    12    -2   -10   -14 
  -14    10    14    14    14    -4    14    -4    14    10     2   -10 
