2 2
200
   -1    -1 
    0     0 
    4     4 
    1     1 
    3 0     3 0 
   24    72 
  -28 -85   -28 -85 
    0 1     0 1 
 -255 85  -255 85 
    3 0     3 0 
    3     9 
    0     0 
    0     0 

   -1    -1 
    1    -1 
    1     1 
   -1     1 

   -1    -1 
    0     0 
   -1     1 
   -1     5 
    3     3 
    5    -7 
   -1    -1 
    1    -1 
   -9     3 
   -1     5 
  -10     2 
    6    -6 
  -10     2 
    8    -4 
    2   -10 
    1    -5 
   -5   -11 
   13    13 
   13    -5 
   -5   -11 
    1   -11 
   -1    -7 
   -5   -11 
  -15     3 
  -13   -13 
   -6   -18 
    0   -12 
   -5    13 
   -5    -5 
  -13     5 
    1   -11 
  -10     2 
  -18    -6 
  -12     0 
  -14    10 
   24     0 
   10    22 
  -18    -6 
   -6    -6 
   20    -4 
  -10     2 
   10    10 
    2     2 
  -10   -22 
   16    -8 
  -18    -6 
    8    -4 
  -20   -20 
  -15   -21 
    3     3 
  -14    10 
    4     4 
   18    18 
   24     0 
   21   -21 
   17   -31 
  -22     2 
   26   -10 
   -3   -15 
  -27   -15 
   19     1 
   -3    27 
  -26    22 
  -14    -2 
   20   -16 
   20    32 
   29    -1 
    7    31 
   -2    -2 
  -20    16 
  -22    26 
  -24   -24 
  -35    13 
   22   -26 
  -26    22 
    6   -30 
  -16    -4 
    4    16 
   26   -22 
    0    24 
   30     6 
    5    -7 
   21   -15 
   14    38 
   18    30 
   -8     4 
    6   -30 
  -12    12 
  -10    26 
   10    10 
  -12   -36 
   30   -42 
  -20    -8 
    0    24 
  -40   -16 
    0    12 
  -24   -12 
   42     6 
   30    18 
   30   -18 
  -23   -23 
    3    39 
   -9     3 
   39   -45 
    6    42 
   38   -22 
   -8   -32 
    0    24 
  -10     2 
  -24     0 
    3     9 
    5    11 
  -17    19 
    5    35 
  -40   -40 
  -44   -20 
   30    -6 
  -14    -2 
   14   -22 
  -38    46 
  -29   -11 
  -27   -39 
   38    50 
  -12     0 
   38    38 
  -42   -18 
    9    45 
  -35   -17 
   10   -26 
  -18    -6 
  -49   -13 
  -11   -11 
  -22   -10 
  -46    14 
  -11    19 
  -35    19 
   10    10 
   -6    -6 
  -30    30 
   -2    34 
  -44    -8 
  -28    44 
   29    11 
   13   -35 
   -8   -20 
   14    14 
   28   -44 
   24   -12 
   57   -27 
  -53   -11 
  -14    22 
   -8    28 
  -24    36 
   40     4 
   14   -10 
  -54    -6 
   38    50 
   -2    22 
   15    -3 
  -21    15 
  -12    36 
   60    24 
  -23   -17 
   12   -12 
    2    38 
   44   -28 
   38    38 
   12   -24 
   26     2 
  -16    44 
  -56    52 
   -8     4 
    0   -36 
   28   -44 
    2    14 
   -8    40 
   -8   -44 
   -7    11 
  -11     1 
   -8    16 
   54   -18 
   28   -44 
   38   -34 
  -48    48 
  -16   -28 
  -24   -24 
  -32    52 
  -38    22 
   18   -42 
   28    40 
   -8     4 
   14    14 
    6    66 
   54   -30 
   14   -22 
  -30    18 
   58   -26 
  -38    10 
   18    18 
   36    24 
