8 8
25
    1    -1     1     1    -1    -1    -1     1 
    0     0   -12   -12     0     0     0    80 
    8     8     6     6     6     6     4     4 
    5     5     1     1     1     1     5     5 
    8 3     4 1     1 0     1 0     4 1     4 5     4 1     1 0 
  160    40   -12   -12    16    32    40    80 
   15 -74    15 -74   -38 -77   -38 -77    15 -74    15 -74    15 -74   -38 -77 
    1 0     1 0     1 0     1 0     1 0     1 0     1 0     1 0 
  192 -192   192 -192     0 -192     0 -192   192 -192   192 -192   192 -192     0 -192 
    3 2     3 2     2 1     2 1     3 2     3 2     3 2     2 1 
    5     5    -3    -3     1    -1    -5    20 

    1     1    -1    -1    -1    -1     1     1 
   -1     1     1     1    -1    -1     1    -1 

    0     0     0     0     0     0     0     0 
   -2    -2     0     0     0     0     2     2 
   -2     2     0     0     0     0    -2     2 
    1    -1    -1    -1     1     1    -1     1 
   -4    -4    -4     4    -4     4     4     4 
   -4     4     4    -4    -4     4    -4     4 
   -2     2     2     2    -2    -2     2    -2 
   -2     2     2     2    -2    -2     2    -2 
   -6     6    -8     8     8    -8    -6     6 
   -6    -6     8    -8     8    -8     6     6 
   -8     8    -4     4     4    -4    -8     8 
   -8    -8     4    -4     4    -4     8     8 
   -2    -2     6     6     6     6    -2    -2 
   -2    -2     6     6     6     6    -2    -2 
  -10   -10     2     2     2     2   -10   -10 
   -6     6    -8     8     8    -8    -6     6 
   -6    -6     8    -8     8    -8     6     6 
    0     0    12   -12   -12    12     0     0 
    0     0   -12    12   -12    12     0     0 
    6    -6     6     6    -6    -6    -6     6 
    6    -6     6     6    -6    -6    -6     6 
   10   -10     6     6    -6    -6   -10    10 
   10   -10     6     6    -6    -6   -10    10 
   -2     2     2     2    -2    -2     2    -2 
   -2     2     2     2    -2    -2     2    -2 
