3 0
25
   -1     1    -1 
    0  -128     0 
    8     8    14 
    1     1     1 
    4 1     1 0     4 1 
   24  -128     8 
   51 -94    57 -30    51 -94 
    1 0     0 1     1 0 
  340 -180   -90 -170   340 -180 
    3 2     3 0     3 2 
   -1   -10    -1 

    1     1     1 
   -1     1     1 
    1     1    -1 
   -1    -1    -1 

    0     0     0 
    0     0     0 
   -1    -1     1 
    2     2    -4 
   -6     4    -2 
   -5     0    -3 
   -3     2    -1 
    3     8     5 
    9    -6    -3 
    4     4    10 
    8    -2    -2 
    1     1     1 
    3    -2    -5 
   -3     2    -7 
   -2     8     2 
   10     0    -6 
  -12    -2     4 
    8     8    -4 
  -13     2    -1 
   -9     6    -3 
    2     2    14 
   -9     6     3 
   14     4    16 
  -12    -2    -2 
   -4   -14    10 
