6 0
25
   -1     1     1    -1    -1     1 
    0   -16   -96     0     0    16 
    8     8     8     4     4     4 
    1     1     1     1     2     1 
    4 5     1 0     1 0     3 8     4 5     1 0 
   32   -16   -96    48    64    16 
 -145 -42    45 -74    45 -74  -145 -42  -145 -42    45 -74 
    2 0     1 0     1 0     2 0     2 0     1 0 
 -176 -208   192 16   192 16  -176 -208  -176 -208   192 16 
    3 2     1 2     1 2     3 2     3 2     1 2 
   -2    -4   -24    -4     2     4 

   -1     1     1    -1     1    -1 
    1     1     1     1     1     1 
   -1    -1    -1    -1     1     1 

    0     0     0     0     0     0 
   -1    -1    -1    -1    -1    -1 
   -2    -2    -2     2     2     2 
    0     4     4    -4    -2     2 
   -4     0     0    -4     6     2 
   -6     2     2     2    -6     2 
    6    -2     6    -2     2     2 
    0     4     4     4     6    -6 
    1     1     1     1    -1    -1 
    6    10   -10    -6    -6     6 
    4     4    -8     4   -10    -2 
   -2   -10    -2     6    -6    10 
    2    10     2     2    10    10 
    4    -4     0     0    -2     6 
    6    -2    -2    -2    -6    10 
   -2     6    14    -2    10   -14 
    0    12    -4     0   -10    -6 
    2    -6    10    -2   -14     2 
    0     4    12     8    -2    10 
   14    -6     6     2    -6    14 
   -2    -2    -2   -14   -14    -6 
   -6    -6    10     2    -6    -6 
  -18     2     6   -14    -6   -10 
  -10    -2   -10    18    -6   -14 
  -10    10   -18    -6     2    14 
