3 0
200
   -1    -1     1 
    0     0     8 
    4     2     2 
    1     1     1 
    4 5     4 5     1 0 
    8    24     8 
  -22 9   -22 9    -8 42 
    1 0     1 0     0 -1 
  -85 -17   -85 -17   -34 -51 
    3 2     3 2     1 1 
    1     1     8 

    1    -1    -1 
   -1    -1     1 
   -1     1     1 

   -1     1     1 
   -2    -2     4 
    1    -3     0 
    3     5     2 
   -1     1     1 
   -5     1    -2 
    1     1    -1 
    1    -1    -1 
   -6     6     0 
   -6   -10     8 
    4    -8     4 
  -11    -7     8 
    0     0     6 
    9    -7     2 
    8     4    -2 
    0    -8    10 
  -12    -8   -14 
    5    -9     0 
    2    -6     0 
    6   -10   -10 
    3    -5   -14 
    1    15     6 
  -14     2    14 
    2    10   -14 
  -10   -10   -10 
   -4    -4   -10 
   14    14    14 
  -12   -20   -20 
   -9     5   -16 
    1    15     6 
  -14     2    14 
   -4   -12    -6 
  -18    18    -6 
   12   -12    -6 
   11    -9     6 
  -22    10    -2 
    7   -21     6 
    1    21   -18 
   -2   -14     4 
  -26     6    12 
  -14    -2    -8 
  -14    -2    -8 
  -22     6    -6 
  -19    -5    -2 
   24     0     0 
   -9   -27   -12 
   18     6    -6 
   -9   -27    -6 
  -18    18     6 
   12     0   -18 
   21    -5    -2 
  -24    20     2 
  -21     5     2 
   21   -21    18 
   16    12     0 
   22    18   -24 
  -10    10    -8 
   23   -13    32 
  -21   -29    22 
    6    22   -26 
  -12   -12    30 
   15   -29    -2 
   -7   -23    34 
   26     6    -6 
   14    22    28 
  -25    13   -32 
   31    33    30 
   13   -19    14 
   -3     1    10 
    0    16   -14 
   12   -12   -18 
   -9    15     6 
  -10   -30    -6 
    6    10    -2 
  -15    19   -26 
    9    -5   -14 
  -15    19   -14 
   33    11   -16 
  -12    -8     4 
    4    -8    34 
   37   -11    22 
  -10   -26    22 
  -10   -14    -2 
   31    -3     6 
  -32     8   -34 
  -19    11    14 
   14   -30   -18 
    4    -4    26 
   37     5   -34 
   18    22    22 
   33   -17   -26 
  -14    18   -30 
   40   -12    18 
  -23    29   -34 
  -14   -22    14 
  -25    -7   -22 
   35    19    34 
   15    25    -2 
   30    10    -8 
    6    10   -20 
   -3    23    38 
    6     2    38 
   13    21   -30 
  -41    31   -14 
  -17     1   -14 
   10     2     2 
  -21    11   -46 
  -18     6    -6 
   10    22    10 
    7   -33    18 
  -26   -34   -10 
    4    36   -42 
  -48     0     6 
  -33   -39    42 
    3   -13    14 
  -27   -29    -2 
  -24    32    -4 
  -30    34     4 
  -34   -14   -14 
   -7   -19     2 
  -22   -34    14 
   11   -13   -34 
   27    15    48 
  -15    43    16 
    6    10    46 
  -51    15     6 
   26    -6   -36 
   14    -2    16 
   22    46    10 
    4   -40     2 
   -2    42    18 
   -8   -20    10 
   38   -22   -22 
   50   -22    26 
   22    34   -14 
   22    18    18 
   43   -39   -30 
   -8    28    10 
  -11     9    18 
  -11   -23   -14 
   29     5    26 
   -7    -1    50 
  -30    30   -36 
   39    -3    24 
  -28     4   -26 
   14   -14   -50 
    2    26    44 
  -10   -26   -32 
   52     8    14 
  -14   -22   -58 
  -39    -3    48 
  -12   -28    44 
   20   -20    34 
   44    52   -38 
   42   -42   -18 
    0    48   -30 
   25   -47   -26 
   37   -43    38 
   18    26    -4 
  -15   -53   -32 
   53    51     6 
  -49     1   -26 
   -4    24   -18 
  -24    24    42 
   30   -18    18 
   13   -25    20 
  -41    11   -28 
    7    -1   -10 
  -14    -6    18 
   45    15   -12 
  -27    25    28 
   11    41    38 
  -58   -14   -50 
   -2   -22    14 
   10    22    22 
   44     0   -18 
  -10   -10    62 
   39    43    28 
   30    38   -16 
   25    11     2 
    7    21    42 
  -34    14    32 
    2   -34   -16 
    0    36    -6 
    3   -45    18 
   -9    53   -34 
   51   -15   -18 
   -2    34   -56 
  -26   -38    40 
  -20   -24    54 
  -17   -31   -22 
  -31    17    14 
  -55    47    38 
    2   -42    42 
   26   -14   -62 
    8   -20   -26 
   14   -50    46 
   -5    53   -34 
  -44    60    18 
  -10     6   -60 
