3 0
200
   -1    -1     1 
    0     0    80 
    7     7     5 
    1     1     1 
    5 4     5 4     1 0 
   16    16    80 
  -57 142   -57 142    53 -70 
    2 0     2 0     1 0 
 -228 156  -228 156   192 36 
    3 2     3 2     1 2 
   -7     3    20 
    0     0     0 
    0     0     0 

    1    -1     1 
    1    -1    -1 
   -1    -1     1 
   -1    -1     1 

    0     0     0 
   -1     1     1 
   -1    -1     1 
    1     1    -1 
    1     3     3 
   -3     1    -5 
   -4    -4    -2 
    3    -7    -3 
   -4     4    -6 
    3    -3     5 
    1    -3    -3 
    3     9    11 
   -8     0     8 
    9    -3     5 
    2     2     4 
    1     1    -1 
   -4     0     4 
    2    -6    -6 
   15     5     9 
   -6    -6     4 
    0   -12   -14 
   -5   -15    15 
    7    -3    -1 
   -4    -8    10 
   -2     2     2 
  -10     2    10 
  -11    -3    -3 
    8     4     6 
   -8     8    18 
    4    -8   -20 
   -6    -6    18 
   10    -2    -4 
   18     6    16 
  -14     6   -22 
  -20     8    18 
   19    -3    -1 
    2    -2   -18 
   -2   -18    16 
   10   -18   -24 
  -19    19    -9 
   11    23   -23 
   13    23   -19 
    2    -2     6 
  -19   -13    23 
   -2   -18     2 
  -26     2     8 
    4    24   -10 
   10   -18    10 
   10   -26     0 
  -18    14    26 
  -13   -11    -1 
   -7   -17    25 
   -9    11   -21 
   -3    -7   -13 
  -18     2    18 
   -9    -9   -15 
  -27     7    17 
    0    -8    12 
  -16   -32   -10 
   -8   -20    30 
  -12     4    14 
   12   -24     8 
   -6   -26     2 
  -26   -26     0 
   18    30     6 
    1    -7    29 
    9    25    -5 
  -33    23    19 
  -16    -4    32 
   34   -26    10 
  -18    -6     6 
  -14    -6    24 
   -6    22    18 
    6    10    28 
   14    22   -22 
  -14   -26    24 
   -8    12   -16 
   -8    -4     0 
   13    23    39 
   36   -20    24 
   27    -7   -33 
   -5   -29    25 
  -35    29    11 
   12     0     4 
   20    -8   -16 
  -10     2     2 
  -30   -10   -14 
   26    -2   -26 
    9   -37   -25 
    7     7   -33 
  -30    10   -38 
  -19     5     1 
   -8   -28    12 
   15     9     5 
  -29   -37    15 
   -3     1   -21 
   39     3     1 
    7   -25   -11 
   38   -26    34 
  -11   -25     5 
   30    14    34 
   24   -28   -46 
  -19    -7   -15 
   -6   -18   -16 
   18    14    16 
   17   -31   -25 
   13     1    21 
   20    36    34 
    2    14    46 
  -26    10    26 
   34    26    36 
  -10    34   -14 
  -12    -4    12 
  -42    14    -6 
  -35     7    -9 
   10   -42    24 
    3    -5    23 
  -39   -17   -19 
   16   -40   -30 
   23   -11   -15 
   13    35    19 
    0    44    16 
  -45    -3    -9 
  -28     8    22 
   23     1    11 
   -1    39    37 
  -50    -2   -14 
   22    -6     8 
  -29   -15    11 
  -22    26    10 
    8   -32    14 
  -24    36   -32 
   10    50   -18 
   16    16    12 
  -10    46    16 
   50    14   -50 
  -26    42    -6 
    6    38   -42 
  -34    14   -30 
  -12    36    30 
  -12   -40   -36 
   15    11   -15 
  -30   -22    26 
  -18   -42    28 
  -20    -4   -36 
  -26    -6    14 
   28   -48   -14 
   10    10    38 
  -38     6   -28 
   35   -33     5 
   -3     1   -51 
   -2   -38    -2 
  -36   -52   -16 
  -18    14   -34 
  -21    33    45 
   -6   -58    18 
  -47    31     7 
  -44   -12   -34 
  -42    54   -34 
    9    57    21 
    6   -26     8 
  -53   -33    39 
  -24   -28    34 
   42   -38   -34 
  -46    -6     4 
   25     3   -37 
  -49    -5    33 
   16   -16    52 
  -17    17    25 
  -23   -41   -39 
   37    21   -35 
   62    10   -14 
  -56   -32    50 
   10    46    26 
  -16    36   -40 
  -42   -10    34 
  -42   -30   -38 
   46     6    -6 
   30   -10    20 
   60   -24   -24 
   49   -11    57 
   18    50    22 
   13    25    23 
  -41   -27   -33 
   42    26   -14 
  -50   -18    16 
   53    13    -3 
   38   -18   -20 
   -2    34   -18 
   50   -26    24 
    2    14    16 
   34    54   -16 
    5     5    23 
  -14   -14   -18 
  -62    34   -12 
   22    -6   -18 
   21    39   -23 
   40   -16     4 
  -30    10    46 
  -12    28   -32 
