1 0
200
    1 
  -16 
    4 
    1 
    1 0 
  -16 
  -53 120 
    1 1 
  100 260 
    3 0 
   -4 

    1 
    1 
   -1 
    1 

    0 
   -1 
    1 
    6 
    6 
    6 
   -2 
   -2 
    6 
   -2 
  -10 
   -6 
    2 
  -10 
   -6 
   -6 
    6 
  -10 
   10 
    6 
   10 
   14 
  -10 
    6 
   -1 
   14 
    6 
   14 
   10 
  -14 
   10 
  -14 
   10 
    6 
  -18 
   -6 
    2 
  -18 
    6 
  -14 
  -10 
   -6 
   -6 
   -2 
   14 
   10 
    6 
    2 
   18 
  -18 
   -2 
   14 
  -14 
  -22 
    2 
  -10 
   26 
   22 
  -10 
  -10 
  -14 
   14 
   -6 
   14 
  -26 
   -2 
   -6 
   -2 
   10 
  -34 
   -6 
  -22 
  -10 
   10 
   14 
   10 
   18 
  -26 
   34 
    6 
   10 
   38 
   10 
   10 
   34 
   14 
  -14 
    6 
   14 
   22 
   26 
    6 
   -6 
    6 
  -18 
   18 
   26 
   10 
  -34 
   -2 
  -10 
  -22 
    6 
  -14 
  -42 
   34 
  -30 
  -42 
  -26 
  -26 
  -34 
    2 
  -22 
  -42 
  -26 
   30 
  -18 
    6 
  -18 
   42 
  -26 
  -10 
  -30 
   22 
  -30 
   -2 
   -2 
  -10 
   50 
  -34 
   10 
   -2 
   18 
  -22 
  -26 
   34 
  -38 
  -10 
  -10 
   30 
  -38 
   -6 
   10 
    2 
  -14 
   34 
    2 
  -38 
  -38 
    6 
  -10 
   10 
    6 
   30 
   30 
   -2 
    6 
   -2 
   18 
  -18 
  -18 
   10 
  -14 
  -10 
  -18 
  -14 
  -10 
   34 
  -10 
  -30 
  -10 
  -50 
    6 
   22 
  -26 
    6 
   14 
  -18 
  -22 
  -46 
   26 
  -14 
  -30 
    6 
   50 
  -66 
  -34 
   38 
   58 
  -10 
  -10 
   62 
    2 
   50 
  -30 
    6 
  -26 
    6 
    2 
  -46 
