2 0
200
    1     1 
    0     0 
    5     2 
    1     1 
    4 1     4 1 
   48    48 
   23 108    77 14 
    1 0     1 0 
 -148 370   111 259 
    3 2     2 3 
    9    -3 
    0     0 
    0     0 

   -1    -1 
   -1    -1 
   -1    -1 

   -2     1 
   -4    -1 
    0     0 
   -1    -4 
   -4     2 
   -4    -7 
    2    -4 
   -6    -6 
    6     0 
    1     1 
    1     1 
    1     1 
   -5     1 
   -9   -12 
   11    -1 
    1     4 
    1    -2 
   -8    -2 
    0   -12 
  -13    14 
    7   -11 
  -14     7 
    6    -3 
  -12   -12 
  -12   -12 
   -1   -10 
  -13    -7 
    6     3 
   -2    -2 
    6    -9 
   -6    -9 
  -17    10 
    2   -10 
   18    -3 
   -5    -2 
  -21     9 
  -13    20 
   -9    -9 
  -11    13 
  -11     7 
   -7     2 
   25     1 
  -16     5 
   -4     5 
   -1   -10 
  -17   -26 
   15    -6 
  -21    15 
   -2    -8 
  -18    -6 
   18     3 
  -18   -12 
   12    18 
  -20    22 
  -18    27 
  -18   -12 
    4    -2 
  -24    -6 
   -4     8 
   16     7 
   14   -31 
  -10     2 
  -20   -32 
   -4   -22 
  -18    24 
  -18     3 
    3   -33 
    7    -8 
  -26   -20 
  -10    26 
  -14    28 
  -14   -14 
   -2    13 
   29     2 
   37   -26 
   12    12 
  -16   -34 
    3    -6 
  -21   -18 
   24   -15 
  -32    10 
   28    25 
    8   -34 
  -22    17 
  -26   -29 
  -23   -14 
   21    24 
   34    34 
   -6    21 
   32    29 
   12    12 
   12   -30 
    4    28 
   33   -27 
    9   -42 
   31     7 
  -33     6 
   -2   -20 
  -36    33 
    8   -37 
   22    22 
  -10   -40 
    0    -6 
  -20    22 
   14   -40 
  -14   -14 
   15   -36 
   -1    14 
   38    26 
    6    48 
   -9    39 
    7    46 
    5   -28 
   41    11 
   15   -15 
  -37   -10 
    4   -35 
   36    -9 
  -42    36 
   22   -11 
  -25    35 
   23   -19 
   33   -15 
   37   -38 
   16    -2 
   48     0 
   10   -26 
   22   -14 
  -17    16 
  -29    31 
    6   -18 
   50    11 
   13    -8 
  -51   -48 
   26   -22 
  -30   -15 
   27    36 
   -1   -46 
  -48   -18 
  -12    30 
   -6   -36 
  -18    -6 
   41   -52 
   25    46 
    0   -30 
   16    55 
  -26    46 
  -26   -20 
   30   -18 
  -10    29 
  -46     2 
  -46    -7 
   42    18 
    2     2 
   14    38 
  -18   -27 
  -35   -35 
  -19   -49 
   30   -15 
    6   -27 
  -27     9 
   13    -5 
    2   -55 
  -24     0 
  -56    43 
  -58   -31 
   54    27 
   25   -62 
  -55   -34 
  -50    22 
   58    34 
  -40   -31 
  -12    18 
   19   -47 
   -9   -36 
   16    40 
  -20    19 
   18   -30 
   10    22 
  -34    11 
  -10   -46 
  -32     7 
   -8    16 
   16   -17 
  -20   -50 
  -51    -6 
   61   -38 
    9    27 
    5   -10 
  -16    14 
   40   -50 
  -44    55 
   28   -20 
   33   -18 
   45   -45 
  -47   -32 
   33    60 
   22    58 
   -2   -20 
  -34   -46 
