2 2
25
    1    -1 
    0     0 
    5     3 
    1     1 
    3 0     5 4 
   16    64 
  -45 51   110 -29 
    0 1     1 0 
  153 136   306 272 
    3 0     2 3 
   -2    -2 

   -1    -1 
    1     1 
   -1     1 
   -1    -1 

   -2     0 
   -4     0 
    1     1 
   -2    -2 
   -6     2 
   -2     2 
   -1    -1 
    1    -1 
    1     1 
    0     6 
   -6   -10 
   -6     2 
  -12   -12 
    2     0 
   -6     8 
   12    12 
  -14    -6 
   -8    -4 
    2    -4 
    6     2 
  -10     2 
   -8     6 
   -6    -6 
   -2     2 
    6    -4 
