2 0
25
    1    -1 
   40     0 
    5     5 
    1     1 
    1 0     3 0 
   40     8 
  -75 52   -77 -58 
    1 0     0 1 
 -203 29  -174 232 
    2 1     3 0 
   10    -1 

   -1    -1 
   -1     1 
    1     1 
   -1    -1 

    1     1 
    1     1 
    0     0 
   -5     1 
    4    -4 
   -6    -4 
   -2    -4 
    3     3 
   -1    -1 
    1     1 
  -12     2 
    8     4 
    2    -2 
    7    -3 
   10    10 
   -6     2 
    4   -12 
    7    -9 
   12     0 
   14   -10 
    9   -11 
  -15    -3 
  -10   -14 
   -7    -7 
   -2    -2 
