4 2
100
    1    -1    -1    -1 
    0     0     0     0 
   10     8     6     6 
    1     1     1     1 
    4 1     3 0     8 3     8 3 
   96    96    48   384 
  -21 14    31 0   -21 14   -21 14 
    1 0     0 1     1 0     1 0 
  -92 0     0 -92   -92 0   -92 0 
    3 2     3 0     3 2     3 2 
   -6   -12     6     6 

    1    -1    -1    -1 
   -1    -1    -1    -1 

    0     0     0     0 
   -4    -2     0     0 
   -4    -2     0     0 
   -5    -5    -6     3 
   -5     7    -2    -5 
   -5     7    -2    -5 
   -2    -4     6    -6 
   -2    -4     6    -6 
    1     5    -6     9 
    1     5    -6     9 
   -4     2    -8    -8 
   -4     2    -8    -8 
    3    -9     6     3 
    3    -9     6     3 
  -10     2     2   -10 
    6    -6    -8    -2 
    6    -6    -8    -2 
  -10   -10    -4   -10 
  -10   -10    -4   -10 
  -15    -3     6     9 
  -15    -3     6     9 
   -8    -4    10    16 
   -8    -4    10    16 
   10    -8   -18     6 
   10    -8   -18     6 
  -10   -14     6     6 
  -10   -14     6     6 
    0     0   -12     0 
    0     0   -12     0 
    6   -12     2     2 
    6   -12     2     2 
   -6   -18    14   -22 
    4    20    -2     4 
    4    20    -2     4 
  -18     6     8    14 
  -18     6     8    14 
  -12     0   -24    12 
  -12     0   -24    12 
   -2    14     2   -10 
   -2    14     2   -10 
  -12    18    12     0 
  -12    18    12     0 
    1     1   -22    -7 
    1     1   -22    -7 
   21    -3    -6   -27 
   21    -3    -6   -27 
   28   -20    28   -20 
   28   -20    28   -20 
   -9     3    -6    15 
   -9     3    -6    15 
  -16   -10    14    -4 
  -16   -10    14    -4 
  -21    15   -10   -13 
  -21    15   -10   -13 
   21   -15    26     5 
   21   -15    26     5 
   -7    17    10   -23 
   -7    17    10   -23 
   -6   -12    -6   -18 
   -6   -12    -6   -18 
   20    16     0    12 
   20    16     0    12 
   20   -16    -2   -20 
   20   -16    -2   -20 
  -18   -30    10    -2 
  -18   -30    10    -2 
  -16   -28   -22     8 
  -16   -28   -22     8 
    1    25     2    -7 
    1    25     2    -7 
   -3    33    34   -11 
   -3    33    34   -11 
   -2    -2    -2    -2 
   -8    -2    -8     4 
   -8    -2    -8     4 
   20    -8   -28    -4 
   20    -8   -28    -4 
  -25    -1    -2    31 
  -25    -1    -2    31 
   12   -30     6   -24 
   12   -30     6   -24 
   17   -19   -14    25 
   17   -19   -14    25 
   -2     4     8   -22 
   -2     4     8   -22 
    4    10    14   -16 
    4    10    14   -16 
  -10    -2   -18     6 
  -10    -2   -18     6 
   10   -32    14    38 
   10   -32    14    38 
   -7     1    10     1 
   -7     1    10     1 
   33   -15    42   -15 
   33   -15    42   -15 
    0   -12    14     8 
    0   -12    14     8 
    1     1     1     1 
   -3    -3     2   -43 
   -3    -3     2   -43 
