1 0
200
    1 
   48 
   12 
    1 
    1 0 
   48 
  -33 -60 
    0 1 
 -180 100 
    3 0 
    6 

   -1 
    1 
   -1 
   -1 

    0 
   -1 
    1 
   -2 
   -2 
   -2 
    2 
    2 
    6 
    6 
   -2 
    2 
   -2 
    2 
   10 
   -6 
    1 
  -10 
    2 
  -10 
   10 
    2 
   10 
  -14 
   -2 
    6 
  -18 
    2 
   -2 
  -18 
   18 
  -22 
   18 
   10 
   -2 
   22 
    6 
   14 
   22 
   14 
   22 
    6 
  -22 
  -22 
   26 
    6 
  -10 
   22 
   10 
    6 
  -14 
   10 
    2 
    6 
   18 
   -6 
  -18 
  -10 
    6 
  -26 
   30 
    6 
   26 
   10 
   14 
  -26 
   18 
   -2 
   14 
   -2 
   10 
  -14 
  -14 
  -14 
   22 
   -2 
   10 
  -26 
   14 
   10 
   34 
  -10 
    6 
  -26 
   18 
   26 
   18 
   34 
   -6 
   22 
   -6 
  -34 
  -18 
   -2 
  -18 
   -6 
   42 
    6 
   38 
   -2 
   -2 
   18 
  -30 
   22 
   -2 
    2 
   -6 
  -18 
  -30 
   22 
   22 
   -2 
   42 
   -2 
   30 
  -14 
    6 
   46 
   38 
   30 
   38 
  -14 
    6 
   30 
   -6 
   22 
   46 
  -26 
   -6 
  -10 
   -2 
  -10 
   42 
   42 
  -38 
    2 
   38 
  -14 
   42 
   14 
  -38 
  -30 
   -2 
   18 
  -34 
   18 
   38 
  -46 
   10 
   -6 
   -2 
   50 
   46 
   -6 
  -54 
  -38 
   54 
  -46 
   30 
  -50 
   54 
   -6 
  -22 
  -14 
   54 
   38 
  -58 
   18 
   50 
  -26 
   14 
  -34 
  -58 
   26 
   30 
   42 
   -6 
    6 
    6 
  -54 
  -14 
  -26 
  -54 
  -42 
  -22 
   38 
  -58 
   46 
  -26 
  -22 
   10 
  -50 
    2 
   42 
   34 
  -62 
   66 
  -58 
   10 
   34 
