3 0
25
   -1     1    -1 
    0   -80     0 
   12    10     6 
    1     1     1 
    3 0     1 0     3 0 
   24   -80    48 
  -83 -50   -83 -50   -83 -50 
    0 1     0 1     0 1 
 -150 250  -150 250  -150 250 
    3 0     3 0     3 0 
   -3   -10    -6 

   -1    -1    -1 
    1     1     1 
    1    -1     1 
   -1    -1    -1 

    0     0     0 
    0     0     0 
    0     0     0 
   -2     0     4 
    4     2    -2 
   -2     2     4 
    3     0    -6 
    1     1     1 
   -6     0    -6 
    3    -6    -6 
   -8     2    10 
    7    -6    -2 
  -12     0     0 
   -9    -2    -6 
    8     4    -4 
    9    -2    -6 
    3    12    -6 
  -10     6    -4 
  -10    -2     2 
   -2    10    -8 
  -11    10   -14 
   12   -10    -6 
  -12    -6   -18 
   -2    10    -2 
  -17    12   -14 
