3 4
25
   -1    -1     1 
    0     0     8 
    8     6     2 
    1     1     1 
    4 1     4 1     1 0 
    8    16     8 
  111 118    74 33   -14 91 
    2 0     1 0     1 0 
   48 288    48 288  -120 168 
    3 2     2 3     2 1 
    2    -1     2 

    1     1    -1 
   -1     1     1 
   -1     1     1 

    0     0     0 
   -2     0     4 
    0     0    -2 
    1    -1    -1 
    2     6     6 
   -2    -2    -2 
    0     6     0 
   -2     2     6 
   -6     0     0 
    0     0     2 
   10     2    -6 
    1    -1    -1 
    0    -6     0 
   12    -6     4 
   -2   -10     2 
   -4    -4     6 
    8    -8     2 
    2    -6    10 
    6   -14     6 
  -14    -6    -2 
  -14    10   -10 
  -14     6     6 
    8    -6   -12 
   10    14    -2 
  -10   -18    18 
