4 0
25
   -1     1     1     1 
    0    -8    16   -64 
    8     4     8     4 
    1     1     1     1 
    3 0     1 0     1 0     1 0 
   32    -8    16   -64 
  -21 96    93 -10    93 -10    93 -10 
    0 1     1 0     1 0     1 0 
  288 64   112 176   112 176   112 176 
    3 0     1 2     1 2     1 2 
    4    -2     4   -16 

   -1     1    -1    -1 
    1     1    -1    -1 
   -1    -1    -1    -1 

    0     0     0     0 
   -1    -1     1     1 
   -2     2    -2     2 
    2     2     2     2 
   -6     2    -2     6 
    6    -6     6    -6 
    2    -6    -6     2 
    1     1     1     1 
   -2     2    -2     2 
   -6    -6     6     6 
   -2    -6     6     2 
   -6     2    -2     6 
   10     6     6    10 
   -6     2     2    -6 
    2   -10   -10     2 
    6    14   -14    -6 
   10     6    -6   -10 
    6     2    -2    -6 
  -14     6    -6    14 
    2     6     6     2 
    2    10    10     2 
   18     6     6    18 
  -14     6     6   -14 
  -14    10    10   -14 
    2    10    10     2 
