1 0
200
    1 
  -32 
    8 
    1 
    1 0 
  -32 
  -50 79 
    1 0 
 -180 108 
    2 1 
   -8 
    0 
    0 

    1 
    1 
   -1 

    0 
   -2 
   -2 
    0 
    2 
    6 
    1 
    2 
    2 
   -2 
    6 
    2 
    6 
    2 
   -6 
   -6 
   -2 
   -2 
   10 
  -14 
   14 
   10 
   10 
    2 
    6 
  -10 
   14 
   -2 
   -2 
    6 
   10 
  -10 
   10 
   -6 
   -6 
  -18 
   14 
   -2 
   -6 
   14 
  -10 
  -10 
   22 
  -14 
  -10 
  -10 
  -10 
   -6 
  -14 
  -22 
   -6 
  -26 
  -30 
   26 
  -18 
   10 
   30 
   14 
  -30 
   10 
   22 
  -14 
  -22 
   26 
   30 
    2 
    2 
  -30 
   30 
   14 
   14 
   14 
   18 
   26 
    6 
    6 
   30 
   -2 
    2 
   -6 
   34 
  -22 
  -38 
  -30 
   22 
  -26 
   14 
   -6 
  -30 
    2 
  -22 
  -30 
   22 
  -10 
    2 
   38 
  -30 
   42 
  -10 
   -2 
   -2 
   46 
   38 
   38 
   42 
   10 
  -42 
   -2 
   42 
   -2 
    6 
   38 
   -6 
   -6 
  -30 
   10 
   30 
   22 
  -26 
   22 
   26 
  -10 
   38 
  -30 
  -18 
    6 
  -50 
  -34 
   22 
   -2 
   10 
   38 
   34 
   18 
   30 
  -34 
   38 
   -2 
   18 
   -2 
   10 
    6 
  -10 
  -30 
  -10 
   14 
   14 
   54 
   42 
  -42 
    6 
   38 
   42 
  -42 
  -14 
  -14 
    2 
   58 
   30 
   18 
    2 
   18 
  -30 
   -6 
   -6 
  -58 
   38 
    6 
   50 
   30 
  -26 
   22 
  -22 
  -42 
  -18 
   26 
   42 
   54 
   54 
   -6 
   14 
   58 
   38 
   18 
  -38 
  -58 
   14 
  -10 
  -18 
   10 
   58 
    2 
  -14 
    6 
   -2 
   -6 
  -22 
  -46 
  -46 
   46 
