3 0
25
   -1    -1    -1 
    0     0     0 
    4     4     4 
    1     1     1 
    4 1     4 1     4 1 
    8     8    24 
   88 78    88 78    88 78 
    0 1     0 1     0 1 
  312 -351   312 -351   312 -351 
    4 0     4 0     4 0 
    1     1     2 

   -1    -1    -1 
   -1     1     1 
   -1    -1     1 
   -1     1    -1 

   -1    -1    -1 
   -2     2     2 
   -2    -2     0 
    1     1     1 
    1    -1    -1 
    1     1    -1 
    2    -6     0 
   -2     8    -6 
    1    -1     1 
    6     6    -2 
   -2    -6    10 
    6    -2    -4 
   -2    -4     2 
   -6    -6    12 
   -2     8     8 
    6    -2    -4 
    6    -2     0 
   -2     6   -10 
   -6     8     0 
   -2    -4   -14 
    2   -10   -10 
  -10    16    -6 
   10     2    12 
    2    10    18 
    2    -2    16 
