3 0
25
   -1     1     1 
    0 -1472 -2944 
    8     4     4 
    1     1     1 
    4 1     1 0     1 0 
 5888 -1472 -2944 
  135 -98   -26 91   -26 91 
    2 0     1 0     1 0 
  300 -12  -144 156  -144 156 
    3 2     2 1     2 1 
  184  -368  -736 

    1    -1    -1 
    1    -1    -1 
    1    -1    -1 

    0     0     0 
   -2     2     2 
   -4     0     4 
   -1     1     1 
   -4    -2     6 
    4    -2    -6 
    2     2    -6 
    2     4     8 
   -4     4    -8 
    4     0    -8 
   -8     2     6 
    2    -2    -2 
   -2     0     8 
   -6    -2     6 
   -6     2    10 
   12    12     8 
   10     6    -2 
   10     2     2 
  -12     2    10 
  -14     6   -10 
  -10    14    -6 
  -10     2    -6 
  -10     8    12 
   18    14     2 
    2   -18    10 
