1 0
200
    1 
 4864 
    8 
    1 
    1 0 
 4864 
   70 -65 
    1 0 
  204 -60 
    2 1 
 1216 
    0 
    0 

   -1 
   -1 
   -1 

    0 
   -2 
    4 
    1 
    2 
   -6 
    2 
    2 
    0 
   10 
  -10 
   10 
    6 
    4 
   10 
    4 
   -2 
   -2 
  -14 
  -10 
    6 
   -4 
   12 
  -18 
  -10 
   -6 
   10 
    2 
   14 
    0 
   16 
   -6 
  -14 
  -12 
   14 
    8 
    1 
    6 
    4 
   12 
   -6 
   10 
   -6 
  -14 
    8 
   -8 
   10 
  -14 
  -24 
   20 
  -18 
  -14 
   20 
    4 
   -6 
   12 
  -22 
   18 
    0 
    0 
   24 
   -2 
  -18 
   26 
   18 
  -18 
  -18 
   -2 
   22 
   14 
   28 
   -4 
  -10 
   22 
  -14 
   30 
   -2 
   10 
   14 
   -2 
  -16 
   22 
  -10 
   10 
   -6 
    2 
   18 
  -20 
   30 
   38 
  -26 
  -12 
   12 
   12 
  -30 
  -12 
  -18 
   26 
  -10 
   18 
  -12 
    0 
   42 
  -24 
  -38 
   18 
  -10 
   -6 
   38 
  -26 
  -26 
   22 
   10 
   38 
   40 
  -12 
   14 
   10 
  -10 
   26 
   -2 
  -14 
   42 
   30 
   40 
  -26 
  -50 
  -34 
   18 
  -22 
   -2 
  -38 
    0 
    6 
   54 
  -14 
   48 
   -4 
   18 
   50 
   12 
   30 
  -40 
   20 
   10 
   10 
   22 
   26 
   22 
  -32 
  -18 
  -34 
  -18 
   24 
   24 
  -48 
  -10 
  -46 
   28 
   16 
   -6 
  -54 
   22 
  -30 
   -6 
  -38 
  -42 
  -22 
   14 
    6 
    6 
   30 
   30 
   46 
   38 
  -12 
  -58 
   38 
  -20 
  -18 
  -46 
   -2 
   -6 
  -24 
   18 
  -30 
   54 
   34 
  -14 
   14 
  -50 
   50 
    6 
  -24 
    4 
  -54 
   24 
    2 
  -14 
  -38 
