1 10
200
   -1 
    0 
    2 
    1 
    5 8 
  240 
 -100 25 
    1 0 
 -426 0 
    4 1 
   30 
    1 
    0 

   -1 
   -1 

    1 
    2 
    2 
    1 
   -2 
   -2 
    0 
    0 
   -2 
   -2 
   -6 
   -6 
    0 
    0 
  -10 
   -4 
   -4 
   10 
   10 
  -10 
  -10 
    6 
    6 
   -2 
   -2 
   10 
   10 
   10 
   10 
    8 
    8 
  -22 
    0 
    0 
    0 
    0 
    2 
    2 
  -24 
  -24 
  -26 
  -26 
   18 
   18 
  -12 
  -12 
  -26 
  -26 
   -6 
   -6 
  -10 
  -10 
   28 
   28 
    4 
    4 
  -10 
  -10 
   16 
   16 
  -26 
  -26 
   10 
   10 
   16 
   16 
   30 
   30 
   10 
   10 
  -12 
  -12 
  -38 
   26 
   26 
   16 
   16 
  -14 
  -14 
  -24 
  -24 
  -38 
  -38 
    6 
    6 
    2 
    2 
    8 
    8 
  -18 
  -18 
   12 
   12 
    6 
    6 
   18 
   18 
  -46 
   -2 
   -2 
   -2 
   -2 
   22 
   22 
    6 
    6 
   22 
   22 
    2 
    2 
   38 
   38 
    2 
    2 
   26 
   26 
   20 
   20 
   18 
   18 
   26 
   26 
   -6 
   -6 
  -36 
  -36 
  -26 
  -26 
   30 
   30 
   38 
   38 
   -8 
   -8 
   -6 
   -6 
   24 
   24 
  -18 
  -18 
  -24 
  -24 
   38 
   38 
   26 
   26 
  -26 
  -26 
   -6 
   -6 
  -26 
  -26 
   14 
   14 
  -50 
  -50 
  -46 
  -46 
   42 
   42 
   -6 
   -6 
   38 
   38 
   38 
   22 
   22 
  -50 
  -50 
  -58 
  -58 
  -42 
  -42 
    6 
    6 
  -40 
  -40 
   40 
   40 
   18 
   18 
  -26 
  -26 
   42 
   42 
   28 
   28 
  -50 
  -50 
    6 
    6 
  -58 
  -58 
    6 
    6 
  -22 
  -22 
   -6 
   -6 
   -2 
