1 0
200
    1 
 -752 
    4 
    1 
    1 0 
 -752 
   -8 95 
    1 0 
 -112 182 
    2 1 
 -188 
    0 
    0 

   -1 
    1 
    1 

    0 
    2 
    1 
    2 
    6 
   -3 
    0 
    5 
   -4 
   10 
   -5 
    5 
    0 
   11 
   -1 
    9 
    8 
   10 
    0 
    2 
   -2 
  -16 
    6 
  -12 
  -10 
  -14 
   -2 
  -13 
   -6 
    0 
    8 
    4 
   -3 
    6 
   15 
   10 
   12 
   -8 
  -12 
    6 
  -19 
   17 
   25 
  -20 
  -10 
   -6 
  -14 
  -10 
   -1 
   -3 
   14 
  -17 
    2 
    0 
   17 
   -7 
  -16 
  -13 
  -30 
    5 
  -27 
    9 
    9 
    6 
   -7 
  -24 
   30 
   14 
   10 
  -24 
  -26 
  -14 
   33 
   24 
  -23 
   36 
   -9 
   18 
   26 
   -6 
   25 
  -20 
    9 
    1 
    0 
  -26 
   13 
  -10 
  -25 
   11 
   17 
    6 
   27 
   -8 
   10 
   27 
   29 
   43 
  -15 
   10 
    8 
  -38 
  -10 
  -22 
   -7 
   14 
   17 
  -10 
   10 
   -5 
   26 
  -41 
   18 
    8 
  -27 
  -23 
   -6 
    8 
   22 
   32 
   -1 
   21 
   25 
   32 
   27 
   22 
   40 
   -7 
    7 
  -34 
  -34 
  -18 
  -14 
   -1 
  -24 
  -50 
   28 
  -12 
   56 
  -42 
   29 
  -10 
   40 
   -9 
  -37 
  -26 
  -34 
   16 
   22 
  -39 
  -29 
    2 
  -20 
  -38 
   21 
    0 
   -7 
   22 
  -27 
    5 
   29 
  -30 
  -19 
   25 
    8 
  -36 
   51 
   16 
   -6 
  -61 
  -27 
   24 
  -16 
    2 
  -29 
   -7 
   17 
  -26 
   -1 
   35 
    6 
  -14 
   43 
  -22 
   33 
  -58 
  -60 
   31 
  -28 
   50 
  -60 
   42 
   43 
  -23 
  -14 
   57 
   14 
  -15 
   23 
   -4 
