3 0
200
   -1    -1     1 
    0     0 -4928 
    6     6     2 
    3     1     1 
    1 4     1 4     1 0 
 7392  2464 -4928 
  -17 118   -17 118    26 -93 
    1 0     1 0     1 0 
 -288 320  -288 320   144 -160 
    3 2     3 2     2 1 
-7392  -616 -1232 
    0     0     0 
    0     0     0 

    1     1     1 
    1     1    -1 

    0     0     0 
    0     0     4 
   -3     1     1 
   -2     2     2 
   -5    -1     1 
    4     0     0 
   -6    -6    -2 
    3     3     5 
    9     5    -3 
   -6     6    10 
   -2   -10    10 
    7    -5     5 
    6    -6    10 
    9     1    -7 
   -4     8    -8 
    0    -8     0 
   -6     6     2 
    1     5     5 
   10    -6     6 
   -7   -15    -9 
   11    11    -3 
   -6   -14   -18 
   -6   -18     2 
    8     4     4 
   -1    -1    -7 
   15    -5    -3 
    0    12     0 
   -2    -2   -10 
    7    -5   -19 
    6   -18    -2 
   15    -1    15 
   -4     4   -20 
   -3    21    21 
   -3   -11    -3 
    6    22     6 
  -12    24   -12 
  -14   -14   -10 
   22     2    22 
    6     6     6 
  -21    -9     9 
  -20    16    -8 
   -1    -1     1 
   23   -17     1 
  -22     2    -2 
   -6   -18   -22 
  -27     9     7 
    4   -28   -16 
  -14    -6   -18 
    6    22     6 
   18    10   -10 
   17   -23   -25 
  -10    22     2 
   15    15    15 
    0   -12     0 
  -27    -7    -9 
  -21   -25   -17 
   28    20     4 
   -8    12   -28 
    9   -31     7 
  -27   -19    -5 
  -18     6   -22 
   -9   -13    -5 
  -19    21   -19 
   -1   -17    -1 
  -18   -18    26 
    6    30    18 
  -22     2   -14 
  -13   -13    11 
  -26    14   -10 
    1   -19     5 
   30   -26   -18 
  -18   -18    14 
    2    -6     6 
  -32    20    -8 
   13    25    -7 
   -3     9   -25 
   24   -16     0 
   16   -28    20 
   16   -28    28 
   -6    -6   -10 
   -3    -3     3 
  -13     3   -21 
   -4   -16     4 
  -26    18    18 
  -35   -39     1 
   29    21   -21 
  -34    26     2 
   -6     6   -22 
    0    24     0 
   -1    15    15 
    8    28     4 
   12    12     0 
   18    18   -18 
   21   -15    31 
   36    32    36 
  -27   -35    21 
   18   -26    10 
  -10   -30    26 
   25    45   -27 
   34    18    30 
  -12   -12    24 
  -30     2   -18 
   30     2     2 
  -33    -9    15 
  -34    46   -14 
    2     2    10 
  -36    28    32 
   15   -17   -25 
  -10   -26    26 
  -28    -8    28 
   34    34   -46 
   34    34    10 
   -6   -26    42 
   27     3    -3 
   30   -18    42 
   18    22    -2 
  -12   -36    16 
  -18    42    26 
  -32    32   -12 
  -14   -10    -2 
  -10    34     2 
   26    26    14 
   27    39    -7 
  -39   -43    13 
   30   -38    42 
   -6    30     2 
  -35    25    31 
   -8   -32    -8 
    4    36   -32 
  -14   -46     2 
   25   -11   -29 
  -20    -8    -8 
  -27   -51    45 
   33     9    33 
    5   -19    -5 
    5   -51   -13 
    6   -18    18 
   -6    -6    -6 
  -21     7    23 
   24   -32    32 
  -36   -48    36 
  -39   -15    -7 
   -3   -15    31 
   18    18     2 
  -29    31    49 
   43    15    47 
   -8   -16    32 
   37   -47   -31 
    0   -32     0 
   24   -32    28 
  -41    -5   -29 
   -5   -41    49 
  -39   -23    25 
    6    18   -18 
  -24    20   -48 
   15    39     1 
  -34    46     2 
  -34    34     6 
  -30   -18    14 
   27    -9    15 
   -6    -6   -30 
    6    -6   -10 
  -46   -10   -22 
    6    54    26 
   -6    26   -46 
   10   -30     6 
   37    -7    49 
  -16    36   -48 
  -25    15   -15 
    6   -54    18 
   -3    -7   -23 
  -23   -51    13 
  -14    34   -50 
   44     8    20 
   -1    39     1 
   12    36    12 
  -24     0    20 
   18   -18   -54 
  -45     7     1 
   28   -56   -16 
   10    30    -6 
   22    34   -26 
  -32   -16   -52 
  -24    20    28 
  -18   -58     2 
  -42    34    -6 
   24    12   -64 
  -38    58    58 
  -65     3    45 
  -13     3   -45 
   41    41   -31 
   -7   -31     1 
  -61   -29   -37 
    0   -12   -48 
   48    -8   -32 
   30    30    42 
    9    49     7 
  -22    18   -50 
    5   -11    37 
   10   -14   -62 
