2 6
25
    1     1 
  192    32 
   12     4 
    1     1 
    1 0     1 0 
  192    32 
  -93 -40   -93 -40 
    0 1     0 1 
 -120 280  -120 280 
    3 0     3 0 
   24     4 

    1     1 
    1     1 
    1     1 
   -1    -1 

    0     0 
   -1    -1 
   -1    -1 
   -2     6 
    2     6 
    2    -2 
    2     2 
   -6     6 
    1     1 
   -2    -2 
   10    -2 
    2     2 
    6    -2 
    6     6 
    6    -2 
   -6    14 
   10    -2 
    2     2 
  -14     2 
    2   -10 
   -6   -14 
   -6    10 
   10     2 
   -6    18 
  -14    14 
