1 0
200
    1 
   24 
   12 
    1 
    1 0 
   24 
   17 70 
    0 1 
  210 -50 
    3 0 
    2 
    0 
    0 

    1 
    1 
   -1 
    1 

    0 
   -1 
    1 
   -2 
    2 
   -2 
    6 
   -2 
   -2 
   -2 
    2 
   10 
   10 
   -6 
    2 
    2 
    2 
   -2 
   -6 
   14 
    6 
    2 
   10 
    6 
  -18 
   10 
   -2 
   14 
   -6 
  -10 
  -18 
  -10 
    2 
  -18 
    6 
    6 
    2 
  -14 
   -6 
  -14 
   22 
   -2 
   22 
   14 
   -6 
   10 
  -18 
   10 
   -1 
  -18 
   14 
   14 
   14 
   -6 
   22 
   14 
    2 
   26 
  -18 
   -6 
  -30 
    6 
   30 
   -6 
    2 
   22 
  -18 
    6 
   26 
   22 
    2 
   26 
   26 
  -22 
   -6 
   14 
  -34 
    2 
    2 
   -2 
   18 
   26 
    2 
   18 
   38 
   30 
   14 
   30 
   18 
   18 
    2 
  -18 
   30 
  -30 
   -2 
   -6 
   18 
   34 
  -10 
   -2 
   22 
   18 
   -6 
  -38 
  -34 
   -6 
   30 
   10 
   14 
  -10 
   -2 
  -38 
    6 
   38 
   42 
   26 
    6 
  -38 
  -18 
  -14 
   -2 
   -2 
   42 
   18 
    2 
  -18 
   22 
  -10 
   18 
   18 
   10 
  -42 
  -14 
   -6 
  -30 
   46 
  -22 
  -14 
   42 
   18 
  -54 
  -38 
    6 
  -10 
   54 
    6 
  -14 
  -14 
  -14 
   46 
  -46 
   34 
   18 
   34 
    6 
  -30 
  -42 
   30 
   -2 
   14 
  -22 
   30 
   50 
  -34 
   46 
  -38 
   38 
   30 
  -14 
  -54 
   -2 
   -2 
  -30 
   14 
    6 
  -26 
  -50 
  -18 
   10 
   54 
   22 
   -6 
  -46 
   46 
    6 
    2 
   14 
  -38 
  -30 
   50 
   26 
  -22 
   -2 
  -18 
   22 
  -58 
  -26 
  -46 
  -14 
   38 
