1 0
200
    1 
    0 
    9 
    1 
    4 5 
 1600 
  -37 76 
    1 0 
 -264 154 
    3 2 
  -20 

   -1 
    1 
    1 

    1 
   -3 
   -2 
   -2 
   -2 
   -5 
   -8 
   -1 
   -2 
   -3 
    1 
   -7 
    7 
    2 
    1 
   -3 
  -11 
    4 
   -6 
    2 
   -4 
  -12 
    6 
  -18 
  -18 
    4 
   -9 
    1 
   16 
  -15 
  -12 
   -1 
    4 
  -12 
   -7 
   -1 
   -3 
  -22 
   -6 
  -12 
  -20 
   13 
   -1 
    5 
   -8 
   27 
   17 
   -2 
   21 
   14 
    4 
    0 
   10 
  -15 
   12 
   16 
   16 
   31 
   30 
  -22 
    1 
   26 
   26 
  -25 
  -10 
   24 
    8 
  -34 
   14 
  -32 
  -25 
   26 
  -27 
   37 
   -3 
    0 
   -6 
   20 
  -28 
  -34 
   22 
  -30 
    1 
  -28 
  -12 
   14 
   25 
   24 
   16 
  -13 
   38 
   -6 
   -8 
    6 
  -34 
   -1 
  -44 
   -2 
  -12 
    2 
  -23 
   31 
   -4 
    5 
    8 
  -16 
   16 
  -24 
  -10 
   35 
  -34 
   -2 
  -30 
  -14 
   35 
   15 
  -21 
   -9 
  -18 
    4 
  -43 
    4 
   21 
   44 
   24 
   28 
   -5 
    4 
   -2 
  -35 
   16 
  -52 
    1 
  -26 
  -11 
   13 
   -6 
  -45 
   -7 
  -36 
   39 
  -30 
  -41 
    8 
   -2 
   32 
  -55 
  -22 
   21 
    3 
  -57 
    5 
   38 
  -48 
  -34 
   21 
  -30 
   24 
  -33 
   42 
  -18 
   18 
   25 
    0 
  -48 
  -45 
   32 
   17 
  -34 
  -37 
   -8 
  -14 
  -30 
   11 
   54 
  -51 
    3 
   13 
    2 
  -14 
   22 
   14 
  -26 
  -38 
   26 
   -3 
  -36 
  -30 
  -26 
  -49 
  -10 
    8 
  -34 
   42 
  -39 
  -42 
  -29 
  -43 
  -35 
    1 
