7 0
25
   -1    -1    -1    -1     1    -1    -1 
    0     0     0     0   -80     0     0 
   14    12    12    12    20    20    12 
    1     1     1     1     1     1     1 
    4 1     1 4     4 1     4 1     1 0     1 4     7 0 
   48    16    16    32   -80   128    32 
  111 46   111 46   111 46   111 46   111 46   111 46   111 46 
    1 0     1 0     1 0     1 0     1 0     1 0     1 0 
  240 360   240 360   240 360   240 360   240 360   240 360   240 360 
    3 2     3 2     3 2     3 2     3 2     3 2     3 2 
   -9    -2    -2    -1    -7    -5    -3 

    1    -1    -1     1     1     1     1 
    1     1     1    -1    -1    -1    -1 
    1     1    -1     1    -1    -1    -1 
    1    -1    -1     1    -1    -1    -1 
    1     1    -1    -1     1    -1    -1 

    0     0     0     0     0     0     0 
   -1    -1    -1     1     1     1     1 
   -1    -1     1    -1     1     1     1 
   -1     1     1    -1     1     1     1 
   -1    -1     1     1    -1     1     1 
    0     2     2     2    -6    -6     2 
    6    -6     6     2    -2     2    -6 
    0    -2    -6    -2    -2    -2    -2 
    0     2    -2    -6    -2    -6     2 
   -4     2     6    -2    -2     2    -6 
   -6    -6    -2     2     2    -2   -10 
   10    -2    -2    -2    10    -2    -2 
    2     2    -6     2     2    -6    -6 
   -2     6    -2    -6    -6     2     2 
  -12     6   -10    -2     2   -10     6 
  -10    -2   -10    -2    -2     6   -10 
    6     2   -10    -6     6   -10    -2 
  -10    -6   -10     2     6   -10   -10 
    6    10   -10   -14   -10    14   -10 
   10    -6    10     6    10   -14    -6 
   -2    -2   -14    -2     2    -6     2 
   -2    -6    -6     6     2    10   -14 
   -8     2    -6     6    10   -10    14 
   -2    -6   -14    -2    -6     2     2 
    4    -6   -18   -10     2     6    -2 
