1 0
200
    1 
  -16 
    8 
    1 
    1 0 
  -16 
   65 72 
    1 0 
   57 209 
    2 1 
   -4 
    0 
    0 

    1 
   -1 
    1 
    1 

   -1 
   -2 
    1 
   -2 
   -1 
   -2 
   -6 
   -2 
   10 
    2 
   -6 
   10 
   -2 
    2 
    2 
    2 
   -6 
  -10 
   -6 
    6 
   -2 
    6 
  -10 
   -2 
   -2 
  -10 
    6 
   -2 
  -14 
   -6 
   14 
   -2 
   -6 
   -6 
    6 
   10 
    6 
   14 
   -2 
  -14 
    2 
  -22 
   14 
   14 
    6 
   14 
  -26 
   10 
   -6 
   14 
  -18 
   -2 
  -22 
   22 
  -14 
    6 
  -22 
   22 
  -26 
  -10 
   26 
  -22 
  -22 
   26 
    2 
   18 
  -10 
   34 
   34 
   14 
  -30 
    2 
   -1 
   18 
   18 
   38 
    6 
   22 
  -30 
  -18 
  -18 
   30 
   34 
   18 
    2 
   14 
  -34 
   30 
    6 
   10 
   26 
    6 
   22 
  -30 
   14 
  -18 
  -18 
  -38 
  -10 
   38 
  -18 
  -30 
   38 
   38 
  -22 
   10 
   34 
   18 
   22 
   46 
  -26 
   -2 
   42 
   -6 
   30 
   30 
   46 
   10 
   18 
   26 
  -34 
  -34 
    2 
   18 
  -26 
  -34 
  -14 
    6 
   -2 
  -34 
   26 
   54 
   10 
  -30 
   14 
  -30 
   42 
   26 
   14 
    2 
   -6 
    2 
   30 
    6 
   50 
   10 
   -6 
   46 
   10 
  -34 
  -34 
   18 
  -46 
    2 
   -6 
   30 
   14 
  -30 
  -30 
  -18 
  -18 
   -6 
    2 
   46 
   30 
   22 
  -42 
   -2 
   14 
   38 
  -50 
   42 
   58 
   46 
   46 
   42 
  -14 
  -26 
   34 
  -50 
   30 
   -6 
   50 
   14 
  -10 
   26 
   -2 
   34 
   26 
   14 
   10 
   34 
    6 
  -42 
  -30 
  -42 
    6 
  -30 
  -22 
   62 
