1 0
200
    1 
   32 
    2 
    1 
    1 0 
   32 
   74 136 
    0 -1 
 -210 -63 
    1 1 
   32 

   -1 
    1 
    1 

    1 
    0 
    0 
    1 
    2 
    4 
    2 
   -4 
    2 
    6 
   -2 
    2 
    0 
    2 
   -1 
    6 
   -6 
    6 
   10 
   -2 
  -10 
   -4 
   12 
   -8 
    8 
    4 
   10 
   -6 
   -1 
   -6 
   10 
   10 
    2 
  -10 
  -14 
    6 
   10 
  -14 
   16 
   -4 
   14 
   16 
    2 
   -6 
  -22 
    2 
  -20 
    6 
   30 
  -26 
   22 
   20 
  -16 
   -6 
    6 
   28 
    6 
   14 
   18 
   18 
   -6 
   -6 
   28 
   22 
   -2 
  -22 
  -10 
   14 
  -12 
   28 
    6 
   -2 
   26 
   14 
   14 
   18 
   26 
   32 
   10 
   18 
  -38 
   10 
   -2 
  -34 
   22 
    4 
  -40 
  -26 
   18 
   10 
   26 
   34 
   -6 
   40 
  -16 
  -20 
  -30 
  -14 
  -18 
   -2 
  -38 
  -18 
  -18 
   34 
   -6 
   32 
   -4 
  -36 
  -20 
   22 
   14 
  -46 
  -18 
   18 
   14 
   -2 
   42 
   26 
  -46 
   10 
  -10 
   14 
   22 
    0 
   34 
  -22 
   34 
   46 
  -12 
   10 
  -46 
  -22 
   42 
   12 
  -16 
  -50 
   14 
   36 
  -42 
  -54 
   26 
  -30 
   -2 
  -42 
   24 
    0 
   32 
   34 
  -12 
    0 
   38 
  -14 
   -4 
   12 
   28 
   38 
   -2 
  -28 
   20 
  -18 
   42 
  -22 
   22 
   46 
   54 
  -16 
    8 
  -54 
   34 
   54 
   16 
  -36 
   34 
   46 
  -14 
   24 
   -2 
  -22 
  -54 
   14 
   34 
   -6 
  -62 
  -38 
   -6 
  -18 
   12 
    2 
  -50 
  -26 
   30 
   20 
  -28 
  -38 
  -40 
  -24 
   -6 
   62 
   46 
  -58 
