1 0
200
   -1 
    0 
    3 
    1 
    3 0 
    8 
   70 77 
    0 1 
  231 -209 
    3 0 
    1 
    0 
    0 

    1 
    1 

    0 
   -3 
    1 
    1 
    6 
   -2 
    6 
   -6 
   -6 
    6 
    7 
   -3 
   -6 
    8 
    6 
  -10 
   -2 
  -12 
   -8 
   -4 
   12 
   -3 
  -11 
    1 
   11 
   12 
    0 
  -10 
   16 
   -9 
  -13 
   -1 
    9 
    3 
   -4 
   -4 
   -7 
  -21 
   14 
   24 
   13 
  -11 
  -14 
  -20 
   -4 
    8 
    7 
  -29 
   22 
   14 
    2 
    2 
  -26 
   14 
    6 
   10 
    8 
    0 
   -6 
    6 
  -12 
    6 
    1 
  -15 
   -1 
  -11 
  -16 
   -2 
   14 
   -4 
   11 
    9 
    2 
  -22 
    6 
  -21 
   21 
   -2 
   -2 
   -1 
   10 
    8 
   20 
   -6 
   10 
   17 
  -31 
   -3 
  -21 
  -32 
  -14 
  -30 
    2 
    7 
    9 
   39 
   17 
    5 
  -40 
   12 
   28 
  -30 
   -8 
  -30 
    5 
   -7 
  -18 
  -12 
  -22 
   34 
   18 
  -28 
  -30 
    6 
   -3 
   27 
   -3 
   -3 
    5 
  -37 
    6 
   32 
  -24 
   18 
    2 
  -16 
   29 
    9 
  -40 
  -26 
  -10 
    6 
  -42 
   -6 
  -32 
   10 
  -26 
  -14 
   51 
  -13 
   -6 
   -4 
   18 
   10 
   51 
    5 
  -24 
  -48 
  -44 
  -12 
  -22 
   -6 
  -33 
  -15 
  -14 
   -2 
   10 
  -20 
  -28 
   44 
   52 
  -22 
   25 
   21 
  -59 
   -8 
   44 
  -42 
  -54 
   13 
   -9 
   42 
   14 
   20 
   46 
   31 
  -33 
  -15 
  -53 
  -54 
    4 
  -23 
  -11 
  -18 
   30 
    2 
  -42 
  -44 
  -26 
   64 
  -14 
   51 
   23 
   42 
  -50 
   -5 
  -17 
   -8 
  -54 
   57 
