2 0
200
    1     1 
    0  -384 
   10     6 
    1     1 
    3 0     1 0 
   32  -384 
   68 -29   -75 -64 
    0 1     1 0 
  -87 -203   -87 -203 
    3 0     2 1 
   -4   -96 

    1    -1 
   -1     1 
    1     1 

   -1     1 
   -4     0 
    0     2 
    1    -5 
   -2    -4 
   -4     4 
   -7    -3 
   -3    -5 
    1    -1 
    0     0 
    2     8 
   -2    10 
   -5     3 
   -9     5 
   -1    -1 
    2     0 
   -6   -10 
    6    12 
    0    12 
    7     1 
   11    11 
   -6    14 
   -5     9 
  -14    10 
   -7    -1 
  -12    10 
  -10     0 
  -16    -8 
    4    14 
   -3    -9 
   21     9 
   -3    15 
   -9    -3 
  -18     6 
  -20    -8 
   -8     4 
   -6   -12 
  -12   -18 
   12    -6 
  -24     6 
  -10    -4 
    2    -4 
   17     7 
  -19    13 
  -22   -14 
   -8     2 
  -28   -20 
  -22    -8 
   -6    10 
   13   -27 
   22    14 
  -25   -17 
   15    25 
  -17    -3 
    0    12 
   12   -18 
   -8    22 
   22    16 
  -26   -22 
   29    25 
   10    30 
   12   -28 
  -15    27 
   21    -9 
   -8     4 
    2    32 
    5    13 
   14    22 
   18     6 
   24    18 
   -9    -7 
  -34    18 
  -15    15 
   12    30 
   30    -6 
    0   -36 
   30   -18 
  -14   -28 
   14   -38 
    7   -25 
   14    -2 
   30    18 
   -6    30 
   32    10 
   32    10 
    2    26 
  -35    19 
  -39    35 
   13   -15 
    2   -10 
  -10   -10 
   34   -42 
  -36    26 
    8   -10 
   26    44 
  -27   -13 
  -10   -18 
   15    27 
  -26    10 
   20    38 
   28    -6 
  -12   -44 
   30   -18 
   27     9 
   25   -43 
   10    38 
   39    -3 
  -21     9 
  -17     5 
  -26   -10 
   10   -28 
   14     4 
   19    -1 
  -29     5 
   46   -30 
  -30     2 
  -10   -12 
   18   -26 
  -30    42 
  -48     0 
  -45    -9 
   27   -45 
   -6    -4 
   10    18 
   12   -18 
   24   -30 
   42   -48 
  -12   -18 
   36   -40 
  -50    36 
  -10   -10 
   28    -2 
  -38    38 
   17     7 
  -11     5 
   37   -37 
   24    46 
  -40    18 
   22    30 
  -12   -22 
   -9    33 
  -45   -45 
   14   -16 
  -28   -40 
  -16    34 
   14   -14 
   20   -16 
  -56    -2 
   42     6 
  -15   -21 
  -44    40 
  -44   -38 
    5    -7 
   37    31 
  -13   -23 
  -50    50 
    6    -6 
   33     3 
  -30    38 
  -22    30 
  -51   -31 
   17    21 
  -33    57 
  -10   -30 
  -18    26 
   56    -2 
  -46     4 
   38   -14 
    7   -43 
  -42    52 
   20   -12 
  -58   -56 
   40    44 
   46    10 
  -25    23 
  -39    63 
  -30    30 
  -54   -48 
   12    42 
   -6   -36 
   36    -6 
  -52   -26 
  -26    20 
   -6    14 
   29   -33 
  -38   -18 
    0   -56 
   24    42 
   18    -6 
   15   -33 
    3    57 
   43   -29 
  -29   -29 
  -16    -6 
  -36    58 
   25   -23 
  -47     1 
  -23   -39 
  -15    23 
  -18   -42 
