4 0
25
   -1    -1    -1    -1 
    0     0     0     0 
    5     3     9     7 
    1     1     1     1 
    3 0     3 0     3 0     3 0 
   88    72    24     8 
  -79 68   -79 68   -79 68   -79 68 
    0 1     0 1     0 1     0 1 
  204 238   204 238   204 238   204 238 
    3 0     3 0     3 0     3 0 
  -11     9     3    -1 

    1     1    -1    -1 
   -1     1     1    -1 
    1     1     1     1 
   -1     1    -1     1 

   -1    -1     1     1 
    1     3    -3    -1 
    1    -1    -1     1 
    0     2    -2     0 
   -3     1    -1     3 
    2    -2     2    -2 
   -1    -1    -1    -1 
    0     0     0     0 
    1    -3     3    -1 
    3    -3    -3     3 
    7    -5     5    -7 
  -10     2     2   -10 
   -2     0     0     2 
  -10    -6    -6   -10 
   -1    -5     5     1 
    0   -12   -12     0 
  -10     0     0   -10 
   -6    -8     8     6 
  -10     8     8   -10 
   14    -2     2   -14 
   13    -7    -7    13 
    5     3    -3    -5 
   -7    -9     9     7 
   -4    -2     2     4 
    6    14    14     6 
