2 0
200
   -1     1 
    0    80 
    5     5 
    1     1 
    3 0     1 0 
  256    80 
   23 102    99 10 
    0 1     1 0 
  306 -68   187 119 
    3 0     2 1 
   32    20 
    0     0 
    0     0 

    1    -1 
   -1     1 
   -1     1 
    1     1 

   -1     1 
    1     1 
    1    -1 
    0     0 
   -3     3 
    2    -2 
    0     0 
   -1    -1 
   -2    -2 
   -9     9 
   10    10 
    2    -2 
   -5    -5 
   -7     7 
   -1     1 
    0     0 
    5     5 
    0     0 
   -1     1 
    8     8 
    4    -4 
    8    -8 
  -10    10 
   -4    -4 
    6    -6 
  -15    15 
    0     0 
   -6     6 
   -7    -7 
    9     9 
   -1     1 
    6    -6 
    2    -2 
    5    -5 
    0     0 
    9     9 
   11    11 
   12    12 
   -8    -8 
   -9     9 
   -8     8 
   -9    -9 
  -14    14 
    2     2 
   -2     2 
    2     2 
  -20    20 
  -22    22 
    4     4 
  -18    18 
  -28   -28 
   10   -10 
   18   -18 
  -15    15 
  -26    26 
   10    10 
   19    19 
   28   -28 
   -2    -2 
   12    12 
  -18   -18 
    6     6 
  -14    14 
   25    25 
  -17    17 
    0     0 
  -23   -23 
   30   -30 
   31    31 
   16    16 
  -27   -27 
  -21   -21 
    2     2 
  -37    37 
    0     0 
  -30    30 
  -26    26 
  -28   -28 
   18   -18 
   10    10 
   14   -14 
   -5    -5 
  -11   -11 
  -18    18 
   18   -18 
  -38    38 
   -4     4 
   12    12 
   12   -12 
   11   -11 
   23   -23 
  -10   -10 
  -14   -14 
  -27   -27 
  -34   -34 
  -27   -27 
    3    -3 
  -34    34 
  -36    36 
   -7    -7 
  -30    30 
   15   -15 
   39    39 
    6     6 
    3    -3 
  -35    35 
  -21   -21 
  -18   -18 
  -38   -38 
  -28    28 
   16    16 
   -9    -9 
   -6     6 
   12    12 
  -40    40 
    6     6 
   16   -16 
   -1    -1 
   40    40 
   14    14 
   -8    -8 
  -24    24 
  -18    18 
  -40   -40 
   27   -27 
  -24    24 
    6     6 
  -20    20 
    5     5 
   30    30 
   49   -49 
    2    -2 
  -21    21 
   54   -54 
   -8     8 
   24   -24 
  -18    18 
    2    -2 
   30    30 
  -42   -42 
   26   -26 
  -21   -21 
   35   -35 
   20    20 
   46    46 
  -16   -16 
   14    14 
  -24    24 
   31   -31 
   35    35 
  -28    28 
   53    53 
  -34    34 
  -33   -33 
    8     8 
   34   -34 
   30    30 
   32    32 
   -2     2 
  -16   -16 
  -13    13 
   43   -43 
   -5     5 
  -54   -54 
   12    12 
   26    26 
  -20    20 
  -16    16 
    2     2 
  -53   -53 
   32   -32 
  -30    30 
   11   -11 
    0     0 
   34   -34 
   30   -30 
    6     6 
  -14    14 
  -35   -35 
   -5     5 
  -12    12 
   35   -35 
   22    22 
  -66   -66 
   10    10 
  -33    33 
   18   -18 
  -12    12 
   43    43 
   57   -57 
   -5    -5 
   11   -11 
  -51   -51 
   42   -42 
  -62    62 
   16   -16 
   12    12 
  -23   -23 
   33   -33 
   26    26 
