5 4
25
   -1    -1    -1    -1    -1 
    0     0     0     0     0 
    5     5     3     3     2 
    1     1     1     1     1 
    4 1     4 1     4 1     4 1     4 5 
  576    32    48    16    32 
   74 99    74 99    74 99    74 99   124 -15 
    1 0     1 0     1 0     1 0     0 1 
 -150 420  -150 420  -150 420  -150 420   -60 -495 
    2 3     2 3     2 3     2 3     4 0 
  -33    -1    -9    -7    -2 

    1    -1     1     1     1 
   -1    -1    -1    -1    -1 
    1     1    -1    -1     1 
    1     1    -1    -1     1 
   -1     1    -1    -1    -1 

   -2    -2     0     0     1 
   -1     1    -1    -1    -1 
    1     1     1     1     1 
   -1    -1     1     1    -1 
    0     0    -4     4     6 
   -1    -1     1     1    -1 
    4    -2     0     0    -2 
    1    -1     1     1     1 
    0    -6     0    -8    -6 
   -4     2    -6     2   -10 
    2    -2    -4    -4     2 
    2     4   -10    -2     2 
   10     6     6     6    -2 
   10     0     6    -2    -2 
  -12    -2     2    -6     6 
    6     4    12   -12     6 
  -10     6    -6    10   -10 
  -10   -10    14    -2     2 
  -10    -6    -4   -12     2 
    6   -14   -10     6     6 
  -14    10     2   -14    10 
  -12    14     0    -8     6 
    6     0   -12     4    -6 
   12   -12   -16    -8    -6 
  -18     6    14    -2    -6 
