1 0
200
   -1 
    0 
    6 
    1 
    3 0 
   16 
  -17 -104 
    0 1 
 -312 52 
    3 0 
    2 
    0 
    0 

   -1 
   -1 
   -1 
   -1 

    0 
    0 
   -4 
   -2 
    1 
    1 
    2 
   -2 
    4 
   -6 
   -6 
    1 
   -8 
    6 
    4 
    6 
    8 
   -2 
    0 
   -2 
   10 
    6 
   10 
   10 
   -4 
    4 
    2 
  -18 
   10 
   -6 
    4 
   -6 
  -20 
   -6 
  -10 
   10 
   14 
    0 
    2 
   -6 
    2 
  -14 
    2 
    8 
   18 
   -6 
  -18 
   28 
  -24 
    8 
    6 
    2 
   -2 
   -6 
   -6 
    4 
   16 
   14 
    6 
    6 
   14 
  -18 
   14 
  -24 
  -20 
   -2 
   22 
   -2 
   -2 
   -8 
   14 
  -18 
  -10 
   26 
    8 
  -26 
  -36 
  -16 
   -2 
  -18 
   36 
  -28 
   14 
   22 
  -18 
  -28 
   28 
   14 
  -16 
  -14 
    8 
  -30 
   30 
   20 
   26 
  -30 
   14 
   -2 
   34 
   34 
  -30 
    2 
  -22 
   -6 
   -8 
  -38 
  -38 
  -42 
  -18 
  -22 
   26 
  -22 
  -26 
   40 
   10 
   14 
  -24 
    2 
   22 
  -30 
   26 
  -26 
   26 
    6 
  -30 
  -24 
  -46 
   50 
   10 
  -36 
   -2 
  -14 
  -54 
  -30 
   16 
  -10 
  -36 
   -6 
  -42 
   18 
  -36 
   -2 
   -2 
  -20 
   46 
  -26 
  -30 
  -34 
  -50 
  -38 
   14 
  -32 
   -6 
   -2 
   42 
  -42 
   40 
   28 
   46 
    4 
   42 
   10 
  -22 
  -18 
    2 
  -28 
   14 
  -10 
   10 
  -36 
  -22 
    2 
  -22 
   32 
    6 
   24 
  -30 
    8 
    6 
  -26 
  -14 
   30 
    6 
   12 
   46 
   -6 
  -16 
  -18 
   -2 
   -4 
  -14 
  -46 
    4 
    2 
   30 
  -24 
  -36 
  -14 
   38 
  -10 
