6 2
25
   -1     1    -1    -1     1    -1 
    0   108     0     0    20     0 
   12     9     9     9     5     9 
    1     1     1     1     1     1 
    1 4     1 0     1 4     4 5     1 0     4 5 
   16   108    24    24    20    24 
   61 -64   -63 -40    61 -64   114 -51   -63 -40    61 -64 
    1 0     0 1     1 0     1 0     0 1     1 0 
  310 -70  -120 190   310 -70   380 240  -120 190   310 -70 
    3 2     3 0     3 2     2 3     3 0     3 2 
    1    10    -2    -1    -2     2 

   -1    -1    -1    -1    -1    -1 
    1    -1     1    -1    -1     1 
    1     1     1     1     1    -1 
   -1    -1    -1     1    -1     1 

    0     0     0     0     0     0 
    0     0     0     0     0     0 
   -1    -1    -1    -1    -1     1 
   -2     1     1     1     5     1 
   -2    -1     4     5    -1    -1 
    6     2    -3    -4     2     0 
    4    -3    -3    -3    -7    -5 
    0     6     6    -6    -2     2 
    2     3    -2     9    -5    -3 
   -6    -6    -1     6     2    -6 
   -8     2    -3     2    10     2 
   -8     2     2   -10     2     2 
   10     6    -4     0   -10    12 
    2     3    -2    -9    -9     7 
   -2    -1   -11    11    -5    -5 
    8     3    -2    -3     7    -9 
   -6    -9     6     9    -1    -5 
   -2    -7    -2    -1     5    -5 
   -2   -10    -5   -10    14   -10 
  -12    11   -14    11    -1    -3 
  -14    -7    13    -7     9    -1 
  -18    12    -8    -6    12   -14 
    6     3    -7    -9    -5    -9 
    2    -7   -17   -19    17    11 
    6   -16    -6     8     8   -12 
