1 4
100
   -1 
    0 
    8 
    1 
    0 0 
    0 
  -33 22 
    1 0 
 -144 0 
    3 2 
  -10 

    1 
    1 

    0 
   -2 
   -2 
    0 
   -2 
   -2 
    6 
    6 
   -2 
   -2 
   -2 
   -2 
   -2 
   -2 
    2 
  -10 
  -10 
    6 
    6 
   -6 
   -6 
  -10 
  -10 
  -14 
  -14 
    6 
    6 
   14 
   14 
   -2 
   -2 
   -6 
  -18 
  -18 
  -18 
  -18 
  -10 
  -10 
    6 
    6 
  -10 
  -10 
   18 
   18 
   22 
   22 
  -10 
  -10 
    6 
    6 
  -14 
  -14 
   -2 
   -2 
  -18 
  -18 
   22 
   22 
    6 
    6 
    6 
    6 
   10 
   10 
  -18 
  -18 
    2 
    2 
  -26 
  -26 
   14 
   14 
  -22 
  -34 
  -34 
   30 
   30 
   22 
   22 
  -10 
  -10 
   10 
   10 
   38 
   38 
  -14 
  -14 
  -10 
  -10 
   26 
   26 
    6 
    6 
  -18 
  -18 
   30 
   30 
  -46 
   -2 
   -2 
