3 0
200
   -1    -1     1 
    0     0  2112 
    8    12    12 
    1     1     1 
    4 5     4 5     1 0 
 2816  1408  2112 
   12 -33   -27 48   -13 20 
    1 0    -1 1     0 1 
   80 -120    80 140    60 40 
    4 1     1 4     3 0 
  176    88   176 

    1    -1     1 
    1    -1    -1 
    1     1    -1 
    1     1    -1 

    0     0     0 
   -1     1     1 
   -1    -1     1 
    2    -2    -2 
   -6    -2     6 
   -1    -1     1 
    6    -2    -2 
   -6    -2     2 
    2    -6     2 
   -6   -10    -6 
   -2    -2    10 
   -6    10    -2 
   -2    -2     2 
    2     2     6 
    6   -10     2 
   -6    10   -10 
  -10   -10    -6 
   -6     2   -10 
    2    -2    14 
   -2   -10     6 
   10   -14   -14 
  -14    14     2 
   10    -6    10 
  -14   -10    18 
  -14     6     2 
  -10     6   -10 
   -2    14    14 
   -6    -6   -10 
    2    10    14 
  -10   -10   -18 
   -6     2     2 
   -6     6    10 
   18    -6    10 
    2    -6    -6 
   18     2   -18 
   10    10     6 
    2     2     6 
  -14   -22   -10 
   14   -18    -6 
   10     6   -18 
    2   -22    10 
    2    14    -6 
  -22     6   -14 
    2    14    -6 
    2    -6   -10 
   18    22    22 
  -14   -22     2 
    6     6   -18 
  -22    26    -6 
   -6    -2    -6 
    2   -18    22 
    6    -2    10 
    2    18    10 
    2    18   -22 
   18     2    14 
  -14   -14    14 
   10   -10    22 
  -10    22    -6 
  -18     6   -30 
  -22   -18   -18 
  -22    18    14 
   14    14    -6 
   10   -14   -22 
    6   -26    22 
  -18    30    10 
    2     2     6 
   34   -14    18 
  -34    30    14 
    6    -2   -18 
   10   -14   -22 
  -14     2   -14 
   14    14    30 
    2   -10   -30 
   10   -22     6 
    2    -6    14 
   -6    26     6 
   26    26   -26 
  -14     2   -34 
   30   -18    18 
   34    -2   -14 
  -30    -6    18 
  -26    22     2 
   10   -22     6 
    2   -18   -18 
   26    26   -26 
    2     6    34 
    2     2   -30 
    6   -34   -30 
  -30   -18   -18 
    2    34    18 
  -38   -22    10 
   30   -18   -18 
  -22    30   -14 
    6    14    -2 
    2   -30   -30 
   10   -22    10 
   -6   -30   -38 
   10    42   -26 
  -42   -10   -10 
   10   -10   -14 
   38    22    42 
   18   -30   -18 
   -6   -30   -10 
   18    34   -18 
  -42    38   -18 
  -14    18   -38 
  -46    -6   -30 
   42    -6    10 
  -10   -26   -38 
   38   -26    42 
   34    26     6 
   18    14   -26 
   10    30   -38 
   18   -18    18 
   46    14   -30 
   22   -18    42 
   34   -14     6 
   -6    -2    46 
   10   -22   -10 
  -38   -18    38 
   38    30   -42 
    2    30     2 
  -42     6   -30 
  -14   -46    22 
   34    50    -2 
    2   -14    -2 
  -42    38    46 
   -6   -38    10 
   -6     6    46 
   34   -46    38 
  -54    -2   -10 
   -2   -34     2 
  -46   -38    34 
  -38    42   -54 
   34   -38     2 
   26   -34   -22 
  -10    38    18 
   42    10    14 
   18    18   -10 
    2    30    22 
    2   -46   -30 
   42    50    10 
  -30    30    30 
   42    -6   -10 
  -14   -26    30 
    2    10    14 
  -10    22   -46 
   10    42    -2 
   10   -54     2 
   -6    42    34 
  -38    -6   -18 
   -6   -34    30 
   -6   -38    -2 
  -14   -30   -42 
   50    -2    46 
    6    14   -14 
  -38   -26   -22 
   26   -14    10 
   54    -2    38 
   -6    18    34 
   18     2    18 
   10    -6   -38 
  -38    10    10 
  -30    42    18 
  -42    14   -10 
  -26    38    -6 
   42    10   -26 
    2   -54    34 
    2   -26   -46 
   14     6    -6 
  -14    -6   -26 
   22    38   -42 
    2    38    26 
  -38    34   -14 
   54    38    30 
   42    -6   -38 
  -54    18    26 
   -6    42     2 
    6     6   -10 
   18    26   -50 
  -14    50   -50 
   -2    38   -14 
   -6   -14   -26 
   50     6   -54 
  -30    -2   -54 
   10    30    26 
   -6    34   -38 
   26    18    54 
  -62   -22    -2 
   54   -58    34 
   10   -46    22 
  -26   -42    -2 
  -22    58   -46 
  -54    -6   -42 
  -62   -38    62 
   42   -54    58 
  -22   -42    10 
  -38    34    62 
  -10   -42    26 
  -46   -46    54 
