2 0
200
   -1     1 
    0    84 
    4     3 
    1     1 
    4 1     1 0 
   40    84 
  -84 31   -37 157 
    1 0     0 -1 
 -315 -75  -120 -195 
    3 2     1 1 
   -1    84 

   -1     1 
   -1     1 
    1    -1 
    1     1 

   -1     0 
    1    -1 
    1    -1 
   -1     1 
   -5     2 
   -3    -6 
    6     6 
   -5     4 
   -7     6 
   -9     2 
    8    10 
    4     0 
   -2     6 
   10    -2 
   11    12 
   -2    -6 
   -5     6 
   10    10 
    8     0 
    6   -12 
  -16    -2 
  -18    -6 
    6    10 
    3    -2 
    8    14 
    0    12 
   -8   -16 
  -18     2 
   13    10 
   -8    -6 
   18     2 
   16     6 
   12   -10 
  -19     2 
  -23    10 
   10   -14 
   14   -12 
   16    -2 
  -15    -6 
  -21    14 
   10   -14 
   -8   -26 
   13    -2 
   -8     2 
   10     6 
   13    10 
  -25   -18 
   13    10 
   -6     4 
   -1    -1 
  -10    14 
  -18   -18 
  -15     0 
   -4    -6 
   -3   -10 
   25    26 
   16     8 
   -6     2 
   -8    18 
   21     6 
  -18    -6 
   -6    24 
    2     6 
  -17   -12 
  -32   -20 
    5    22 
   10    14 
  -23   -12 
  -10   -26 
   11    26 
   -2    24 
  -22   -14 
  -11   -34 
  -10    36 
  -15     2 
  -10     6 
  -21   -10 
   31   -22 
  -20    22 
   -2   -30 
  -27   -28 
  -32    -6 
   25   -36 
  -18    -8 
   27   -30 
  -37     8 
   38     2 
   16    34 
   -1    34 
  -38    22 
   -2   -14 
   -9   -18 
   18   -28 
   -6   -42 
   -6   -36 
   27    28 
   10    24 
   21    -8 
  -28    -2 
    3    10 
  -14    24 
  -12    30 
  -24     6 
    7    -6 
  -30   -10 
  -38    42 
    9    24 
  -36   -18 
  -48    34 
  -36    42 
   48     4 
   11   -42 
  -48    -6 
   23    38 
    2    10 
  -34    -6 
  -14   -46 
  -36    12 
   -3   -34 
  -17   -10 
    4    34 
  -26    26 
  -18     6 
  -28    38 
  -50     6 
   30     2 
   -5   -34 
   10    26 
    0   -24 
    2   -26 
   22    42 
   -7     2 
  -21    -4 
   21     8 
  -44   -30 
  -21    10 
   39   -14 
   -9    14 
   30    34 
  -23   -38 
    8   -22 
   16    50 
    4   -50 
    3   -22 
  -13    34 
   -2   -12 
   34   -10 
   14    26 
  -12     6 
  -47    30 
    4    30 
   36    28 
   28    14 
  -36    54 
  -20    -6 
   -1    18 
  -34   -34 
   -2   -42 
  -14     6 
   42   -54 
   44    -6 
  -47   -60 
   37    14 
    2    -2 
   31   -42 
   21   -34 
  -44    44 
  -43   -46 
   16    -2 
  -62   -24 
    0   -58 
   -5    58 
  -30   -54 
   -4   -34 
   22   -26 
    9    24 
   -3    40 
   54   -60 
  -14   -48 
  -13    46 
   56    -8 
  -34    50 
   -8    24 
  -12   -18 
  -13    24 
  -16    12 
   26   -32 
   61    -2 
   50    -4 
   10    38 
    0   -42 
   17   -28 
   34    50 
   42    34 
  -35    42 
   46    54 
   62     2 
  -39    40 
   47    36 
   24    28 
