4 0
200
   -1     1    -1     1 
    0     0     0    16 
    8     6     6     2 
    1     1     1     1 
    3 8     3 0     4 5     1 0 
   16    16    96    16 
   47 118    75 16    47 118    26 99 
    1 0     0 1     1 0     1 0 
  -96 448    48 -224   -96 448   -48 224 
    3 2     3 0     3 2     2 1 
    1     2    -7     4 
    0     0     0     0 
    0     0     0     0 

    1    -1     1     1 
   -1     1     1    -1 
   -1     1     1     1 

    0     0     0     0 
   -2     0     0     4 
    1    -1    -1     1 
    2    -4     4    -4 
   -2    -4     4     0 
    2    -2    -2     6 
    2    -8     0     0 
    2    -6    -6     2 
   -2    -6    -6     6 
    2    10    -6     2 
   -2    -2    -2     2 
   -2     4     4    -8 
   -6   -10     6     6 
    1    -1    -1    -1 
   -6   -10   -10    -2 
   -2     6     6    10 
   -6    -6    -6    10 
   10    -6    10     2 
  -14     2    10    -6 
    2    16     8     0 
   -6    -4    -4    -4 
   10   -10     6    14 
   -6   -12   -12   -12 
   10    16   -16     8 
  -14    -2   -10   -18 
  -10    -4   -12     0 
    2   -14    18    10 
  -18     2   -14    -2 
    2   -14    10   -14 
   -6    -6    -6     2 
  -14    -6    -6    -6 
   10     4    20     4 
  -14     2    18    -6 
  -22     2    18   -14 
   18   -10     6   -10 
   14     0     0   -12 
   14    24    -8   -12 
   10    -2    -2    14 
  -22   -18   -18    -2 
   -6    -2     6    14 
    6   -14   -14    14 
   -6     2   -14    10 
   18   -26   -10   -26 
    2     4    -4    -4 
   -6    26    -6    10 
   -6   -22    -6   -14 
   14   -14   -14   -10 
  -14    -2    -2   -10 
   10   -20    12    -4 
   -6   -10   -18    14 
  -14   -18   -10   -10 
    2    18   -22     2 
   18   -14    18     2 
   -6   -22    -6    18 
   18    18    -6   -30 
  -14   -14    18   -14 
   22     8    -8    20 
  -10    22   -26     2 
  -30     4    12     4 
   26    22   -18     6 
    2    -2     6   -26 
   22   -14   -30    -2 
  -14    10    26   -14 
  -22    22   -10     6 
  -18    24     0    28 
    2     2   -30    18 
  -14    -2    14    14 
   10   -18    14   -26 
  -26     4   -20    16 
   14    -6    10   -10 
   18     6     6    22 
   -6    14   -18   -26 
   10   -12   -28    20 
   10    26   -14    -6 
  -14   -30    34    10 
   10    10   -30    26 
  -30    18   -30    26 
  -10   -22   -38    14 
  -22    14    -2   -26 
   -6    28    12    20 
   10   -16     0   -24 
   10    10   -22    -6 
  -38   -18    14    14 
   22   -12     4   -16 
   34   -10   -26     6 
  -14   -14    26    10 
    2    -2   -34    -2 
   18    -6   -30    10 
   18     6    30   -10 
   -6    18     2    18 
   26   -38    26   -38 
  -10   -30    18   -10 
  -26    12    36    40 
    6    24     0   -12 
   42    26    -6   -14 
  -30   -30    18    42 
   26     6     6     6 
  -30    30   -34    30 
   -2    22   -26     2 
  -10    40    16   -12 
  -46    -2    30   -10 
  -18     0     0    12 
   26    -6    -6   -38 
   42   -10     6   -42 
   18    -2   -34    -2 
   34    14    14    46 
  -30    18   -30    18 
   18   -42     6   -42 
   18     8   -16    24 
   10   -34   -10   -10 
  -10    34    34    30 
   30    -4     4    -8 
   42    34    18    18 
   -6   -14    -6    18 
   34     0    24    24 
   18    18    -6    18 
   38   -22    42   -34 
  -38   -18    30   -42 
   46    18    34    38 
  -26   -28     4   -32 
   34    26    50   -14 
   -6    20   -28    28 
    6    28   -12   -32 
  -18    22     6    42 
   22     4   -12     8 
   22   -18   -18   -30 
   46   -32    -8    -4 
  -14     6   -26    22 
    2    10    34    26 
   18     6   -26   -18 
  -38   -14    10    42 
   30   -38   -38   -34 
    2    14    30    38 
  -30   -54    42   -14 
  -14    26   -22   -30 
  -14   -22   -22    34 
  -38   -46    18    42 
    6   -10   -42    18 
   10   -54    -6   -46 
  -30     2    18   -30 
  -30    -6    -6    18 
  -38     6     6    38 
  -42    16     0    28 
    6   -18    30    10 
  -34    48    16    -4 
  -10    46    -2   -30 
  -14    38    22     6 
  -46   -46    34   -22 
   50   -10     6   -34 
   42   -14   -30    18 
  -14    54    22    -2 
  -22   -50    22    38 
  -30   -30    18    18 
   34    26   -54   -38 
  -14    -4    36    36 
  -30    42   -30   -30 
  -30   -56    32    -8 
   42    14   -34    -2 
  -30    -6    -6   -22 
  -38   -18   -18   -18 
  -54    26    -6   -54 
   18    30   -18    38 
   18     6    38     6 
   58   -12   -12    -4 
   18   -30    -6   -54 
  -54   -30    34    26 
  -34   -10    22    10 
   18    -2   -34   -58 
    2    38    38   -26 
  -58    48   -24    36 
  -30    38    54   -10 
   14    34   -14    14 
   62   -16   -56   -28 
   26   -26   -10   -34 
  -22   -18   -10   -34 
   10   -54    -6     2 
  -54   -64     0     0 
  -54   -10   -42   -18 
  -14    14   -18    30 
    6    36   -44     8 
   10   -50   -50    -2 
  -50   -12    28     0 
  -14    38    22   -26 
   26    -6    18    42 
  -38    -2   -18    38 
   -6   -14    18    34 
   34   -10   -42    22 
  -38   -38   -38    18 
    2   -14   -38    -6 
  -54   -26   -10   -10 
   26   -22   -22   -38 
   66     2    50   -46 
  -62    -2   -34   -34 
  -10   -22   -54    46 
   14   -12   -12     0 
   26   -64    48    32 
  -14   -40    48    56 
   10   -22   -22   -30 
   34    22   -58   -10 
   30    38   -26   -14 
