4 2
200
   -1    -1    -1    -1 
    0     0     0     0 
   16    15     7    15 
    1     1     1     1 
    8 3     8 3     8 3     8 3 
   24    96   240    16 
   71 106    71 106    71 106    71 106 
    1 0     1 0     1 0     1 0 
    0 460     0 460     0 460     0 460 
    3 2     3 2     3 2     3 2 
   -1   -13   -13    -1 

   -1    -1    -1    -1 
    1     1     1    -1 
    1     1     1    -1 
   -1    -1    -1    -1 

    0     0     0     0 
   -1    -1    -1     1 
   -1    -1    -1     1 
   -6    -5     3    -5 
    6    -1    -3     1 
    6    -1    -3     1 
    7     0     4     0 
    7     0     4     0 
   -5     9     1    -7 
   -5     9     1    -7 
   -5     2    -8    -4 
   -5     2    -8    -4 
   -7    -9    11     3 
   -7    -9    11     3 
  -13     2   -10   -10 
    3    -6    -6    10 
    3    -6    -6    10 
   -8     2    -8     0 
   -8     2    -8     0 
   -2    -7     7    11 
   -2    -7     7    11 
  -12     0    -6    -6 
  -12     0    -6    -6 
    2     8     2    -2 
    2     8     2    -2 
    7    -6   -14    10 
    7    -6   -14    10 
  -10    20     2    10 
  -10    20     2    10 
    3    12    -6   -10 
    3    12    -6   -10 
   14    14   -22    -6 
    6   -12   -12   -12 
    6   -12   -12   -12 
  -24     6    -6   -22 
  -24     6    -6   -22 
  -23    -4    -2    22 
  -23    -4    -2    22 
    8     6    14    -2 
    8     6    14    -2 
  -16     2    20    16 
  -16     2    20    16 
   24   -19    -9   -13 
   24   -19    -9   -13 
  -10    21    23   -13 
  -10    21    23   -13 
    0     8    -6     2 
    0     8    -6     2 
   -4    -9    29   -15 
   -4    -9    29   -15 
  -10   -22    14   -14 
  -10   -22    14   -14 
   16     3   -11   -15 
   16     3   -11   -15 
  -15   -27   -27    21 
  -15   -27   -27    21 
   22   -31    31   -21 
   22   -31    31   -21 
   18   -12     6   -22 
   18   -12     6   -22 
    9    24     0     8 
    9    24     0     8 
    1    32    28   -28 
    1    32    28   -28 
  -12    18    -6    18 
  -12    18    -6    18 
   -6     8   -18   -26 
   -6     8   -18   -26 
  -25   -19     5   -27 
  -25   -19     5   -27 
  -24    -3     3   -25 
  -24    -3     3   -25 
  -34   -34   -22   -22 
  -18    26     6    -6 
  -18    26     6    -6 
   18     0    24    16 
   18     0    24    16 
   12    23    -3   -31 
   12    23    -3   -31 
  -14     6    10    14 
  -14     6    10    14 
   -3   -19    21    29 
   -3   -19    21    29 
  -26   -28   -14    30 
  -26   -28   -14    30 
  -29    14   -38    14 
  -29    14   -38    14 
   11     6   -34   -18 
   11     6   -34   -18 
   13   -28    16    28 
   13   -28    16    28 
   30    21   -15     9 
   30    21   -15     9 
  -30    -3   -39   -15 
  -30    -3   -39   -15 
   22    12     4    12 
   22    12     4    12 
    1     1     1     1 
   22    -7   -11   -35 
   22    -7   -11   -35 
    3   -24   -30   -38 
    3   -24   -30   -38 
   18   -42   -30    22 
   18   -42   -30    22 
    4   -43   -17   -37 
    4   -43   -17   -37 
   -4   -42   -22    18 
   -4   -42   -22    18 
   43     5   -35   -35 
   43     5   -35   -35 
   38   -16   -28   -32 
   38   -16   -28   -32 
  -15   -42   -36   -36 
  -15   -42   -36   -36 
    6    24   -18   -18 
    6    24   -18   -18 
  -14    -9   -23    -3 
  -14    -9   -23    -3 
  -30    14   -42   -10 
  -30    14   -42   -10 
   44    -1    29    -7 
   44    -1    29    -7 
  -27    42    18    10 
  -27    42    18    10 
  -32   -12    10    30 
  -32   -12    10    30 
    4    32    46    10 
    4    32    46    10 
   19   -40    28   -40 
   19   -40    28   -40 
   29   -34     8    28 
   29   -34     8    28 
   -3   -27    -3    45 
   -3   -27    -3    45 
  -24   -46   -18    50 
  -24   -46   -18    50 
  -10    24    50    42 
  -10    24    50    42 
  -27    -6   -48    48 
  -27    -6   -48    48 
  -17   -30    34   -30 
  -17   -30    34   -30 
   10   -30   -14    42 
   10   -30   -14    42 
   33     2   -18   -26 
   33     2   -18   -26 
   18    38    30    14 
   18    38    30    14 
    6    39    33    45 
    6    39    33    45 
   22    14   -14    26 
   22    14   -14    26 
  -48    48   -48    12 
  -48    48   -48    12 
   35    39   -37    27 
   35    39   -37    27 
  -54   -22   -12    48 
  -54   -22   -12    48 
   -8   -12    -8    -4 
   -8   -12    -8    -4 
   -6   -18    -6   -22 
   -6   -18    -6   -22 
  -61   -37   -61   -13 
   13    18   -32    52 
   13    18   -32    52 
   56   -10    26   -14 
   56   -10    26   -14 
  -20    14   -20    12 
  -20    14   -20    12 
   16    15   -47    21 
   16    15   -47    21 
  -39    53     9    -7 
  -39    53     9    -7 
  -37     8    32   -16 
  -37     8    32   -16 
  -32     0    22    42 
  -32     0    22    42 
  -25   -45    -1    31 
  -25   -45    -1    31 
  -10   -52    44   -56 
  -10   -52    44   -56 
  -14    41    43    47 
  -14    41    43    47 
   10   -30   -50   -42 
   10   -30   -50   -42 
  -26    48   -20    40 
  -26    48   -20    40 
   58   -34    34    18 
   58   -34    34    18 
    9    53    57     9 
    9    53    57     9 
  -34    -1    -7   -19 
  -34    -1    -7   -19 
   -7    -6    50    26 
   -7    -6    50    26 
  -51   -24    54   -34 
  -51   -24    54   -34 
    2   -22   -16    -4 
    2   -22   -16    -4 
   -2   -64    16    24 
