1 0
200
    1 
  208 
    4 
    1 
    1 0 
  208 
   17 30 
    0 1 
   90 -50 
    3 0 
   26 
    0 
    0 

   -1 
    1 
   -1 
   -1 

    0 
   -1 
    1 
    6 
   -2 
   -6 
   -6 
    2 
    2 
   10 
   -2 
   10 
    6 
   -2 
    6 
   10 
    1 
    6 
    2 
   14 
    2 
   -6 
   -6 
  -10 
  -10 
  -10 
  -14 
   -6 
    6 
   14 
    6 
   10 
  -18 
   18 
  -10 
   -2 
    2 
  -18 
    6 
   -6 
  -14 
   -2 
   -2 
  -14 
  -22 
  -18 
  -14 
   26 
   -6 
   -2 
  -18 
   14 
   18 
   22 
   18 
  -14 
    2 
   -2 
   22 
  -26 
  -22 
    6 
   14 
   -6 
   -2 
   18 
   10 
   14 
   10 
  -26 
  -26 
  -30 
  -30 
  -22 
  -10 
   30 
  -30 
   18 
   14 
   18 
    2 
  -26 
  -10 
  -26 
   10 
   26 
  -14 
    6 
  -10 
   38 
   26 
   30 
  -10 
  -10 
  -22 
   26 
   -6 
   -2 
  -14 
  -14 
  -18 
   18 
   22 
   22 
   14 
   -2 
   14 
  -18 
   30 
    6 
  -38 
  -42 
  -38 
    6 
   -2 
   -2 
   -6 
   14 
    6 
   38 
  -34 
   22 
  -18 
  -14 
  -38 
  -18 
   26 
  -18 
  -14 
   22 
    2 
   22 
  -30 
   42 
  -22 
  -14 
    6 
   -6 
  -30 
   30 
  -38 
   42 
   30 
  -38 
  -50 
   26 
   22 
   42 
   34 
   18 
   30 
   18 
   14 
   30 
    6 
   38 
   -2 
  -10 
    6 
  -18 
    6 
   22 
   18 
  -30 
  -18 
  -26 
   18 
   -6 
    2 
  -42 
   -6 
  -34 
  -22 
   26 
  -26 
  -38 
   10 
  -10 
  -42 
   26 
  -22 
  -26 
   26 
   14 
   -2 
  -66 
  -42 
   -2 
    2 
  -58 
  -26 
   -2 
   22 
  -14 
   18 
  -18 
   34 
  -18 
  -66 
  -46 
