1 0
200
   -1 
    0 
   12 
    1 
    1 4 
    8 
  -29 86 
    1 0 
 -260 200 
    3 2 
    2 

   -1 
   -1 
   -1 
   -1 

    0 
    1 
    1 
   -2 
   -4 
    2 
   -4 
    4 
    6 
    2 
   -6 
   -4 
   -6 
  -10 
   14 
   -6 
   -4 
   -6 
  -12 
    4 
   14 
    0 
   12 
   -8 
   -2 
  -12 
   10 
   -2 
  -10 
   -6 
   -6 
   -2 
  -10 
   -6 
   14 
    0 
  -14 
    2 
  -10 
    4 
   -2 
   18 
  -12 
    4 
  -10 
    6 
    6 
   20 
   14 
  -12 
  -10 
   -4 
    2 
    6 
  -18 
    1 
  -24 
   18 
   22 
  -12 
  -14 
    6 
  -26 
   14 
  -28 
   22 
  -22 
    2 
  -10 
   14 
  -10 
  -30 
  -16 
  -24 
   34 
   20 
  -22 
  -10 
   20 
   30 
   24 
  -22 
  -10 
  -16 
   -2 
   10 
    4 
  -22 
  -18 
   34 
  -30 
   22 
   30 
    2 
    2 
   -2 
  -42 
   -2 
  -38 
    2 
  -42 
   14 
   -2 
   -2 
   30 
  -10 
   10 
    6 
    8 
   10 
   38 
  -36 
    6 
  -28 
  -40 
   12 
   -2 
   14 
  -10 
   24 
  -10 
  -10 
  -30 
  -18 
   18 
    2 
   12 
   -6 
   10 
    2 
   26 
   34 
  -42 
    2 
   34 
   26 
   18 
   34 
  -30 
   56 
    6 
  -10 
    0 
  -30 
    4 
   34 
  -34 
  -22 
  -26 
  -18 
    6 
  -34 
   -2 
   14 
  -46 
    0 
  -30 
   54 
  -32 
  -14 
  -14 
  -26 
   26 
   -8 
   18 
   -8 
  -26 
   20 
   44 
   48 
   30 
  -50 
   44 
    4 
   38 
    0 
   18 
  -54 
  -10 
  -30 
   34 
    6 
  -26 
   12 
   50 
  -42 
   30 
  -26 
  -16 
   14 
   10 
  -66 
  -62 
  -10 
  -40 
   -6 
   -8 
  -30 
   22 
    2 
