2 0
25
   -1    -1 
    0     0 
   10     4 
    1     1 
    8 3     4 1 
   80   360 
  -87 -26   -87 -26 
    1 0     1 0 
 -210 -252  -210 -252 
    3 2     3 2 
   10   -10 

   -1    -1 
    1     1 
    1     1 
   -1    -1 

    1     1 
   -4     2 
    1     1 
   -1    -1 
   -1    -4 
    4    -5 
   -2     7 
   -2    -8 
   -5    -2 
    5     2 
    8     8 
   -2    10 
   -8    -8 
    2   -10 
   -1    -1 
   -6     3 
   -6    -9 
    1     1 
   12    15 
    4   -14 
   14    -1 
   -5     1 
    0   -18 
   -2     7 
  -12    -3 
