2 0
200
   -1     1 
    0   120 
    5     3 
    1     1 
    4 1     1 0 
    8   120 
    2 129   -50 91 
    1 0     1 0 
 -384 264  -192 132 
    2 3     2 1 
    1    30 
    0     0 
    0     0 

    1     1 
   -1     1 
    1     1 
   -1    -1 

    0     0 
    1     3 
    2     0 
    1    -1 
   -3    -1 
   -1    -1 
    3     7 
   -4     4 
   -3     5 
    1     1 
   -7    -3 
    1    -5 
    5    -3 
    7     1 
   -4     4 
   -4     4 
   -8     2 
    6     8 
   -5   -13 
    4    10 
   -2    -4 
  -10     2 
    3     9 
  -14    10 
    9    17 
  -12    12 
  -15    -5 
  -18    18 
    6   -16 
  -12    16 
  -10   -18 
  -15    -5 
    6    -6 
  -12    20 
   18    -4 
    6   -22 
    6   -20 
    3    13 
    0    -4 
    2   -12 
  -16    -2 
   -8    16 
   12    26 
   10    26 
   13    -9 
    6    -8 
   12    20 
   22    -6 
    7     1 
  -27    -9 
   17    25 
  -14    -8 
  -12    12 
    0    -8 
    3   -25 
   12   -12 
   26   -16 
  -28    26 
   24   -18 
  -10    30 
  -10    28 
   28   -24 
   23   -23 
   14    -6 
   -2    30 
   13    33 
   11   -11 
  -14   -18 
    4   -26 
    2   -26 
    2    24 
    3    -1 
    3   -15 
   14   -16 
   -6    22 
  -34     2 
   30   -10 
   26    34 
  -29    27 
  -28    10 
  -27     3 
   14    22 
  -12    34 
   34    22 
    8    36 
  -28   -20 
  -19     9 
    8     2 
   -8    -6 
  -20    34 
   -9   -19 
   -6   -18 
  -10     2 
   10   -20 
   21   -39 
  -18   -34 
    5   -15 
   -2    10 
  -32    16 
   30    22 
   -3    27 
  -38    36 
  -24   -22 
  -11   -21 
   37   -17 
    7     7 
    7    -1 
    8   -32 
   24    -4 
   25   -13 
   19   -29 
  -26    -2 
    1     5 
  -33     1 
  -42    26 
   23    -5 
  -10    -4 
   -3    29 
  -15    43 
   12   -24 
   26   -32 
  -24   -46 
    4    -6 
   33     3 
  -25    27 
   15   -49 
  -34   -10 
   19     5 
  -30   -20 
   32   -46 
   23    39 
   44   -42 
   31    -1 
  -16     6 
  -34    34 
  -24    32 
   34     6 
  -30    38 
   -6   -30 
    6   -42 
  -16    18 
   -9    39 
    6   -36 
    3    -9 
    2   -14 
   28   -16 
   34   -38 
  -29     5 
  -44     6 
    4    46 
  -23   -25 
  -46   -32 
   -2    48 
  -14    14 
  -56    24 
   25   -39 
   40   -14 
   -2     0 
  -45     9 
   -6   -44 
  -15    19 
   39    61 
  -33    29 
  -44   -20 
   46   -22 
   -8   -10 
    2   -14 
  -16    -6 
   25     3 
  -30   -58 
  -26   -26 
   -1    47 
   58    20 
  -47    21 
   22   -38 
   -2    18 
   24   -38 
   25    45 
  -21    41 
  -56   -10 
   -2   -56 
   43    11 
  -57    47 
  -18    16 
    7   -33 
  -54   -24 
   60    52 
   46   -28 
   -2   -22 
   38   -46 
  -29   -13 
   24    54 
  -32   -14 
  -38   -18 
  -62   -16 
   59     9 
  -21   -23 
   54   -10 
   40     2 
  -28   -22 
