2 0
200
   -1    -1 
    0     0 
    9    14 
    1     1 
    3 0     3 0 
   40    32 
   47 100    47 100 
    0 1     0 1 
  300 -140   300 -140 
    3 0     3 0 
   -5     4 

    1     1 
    1    -1 
    1    -1 
    1     1 

    0     0 
   -1     1 
   -1     1 
    1    -4 
   -5     2 
    1     4 
   -4     0 
    2    -4 
   -6     0 
  -10    -2 
    2     4 
    8    -6 
    9    -6 
    2     2 
   -9    -2 
    8    -2 
    8    -6 
   12     0 
   -1    -6 
   11   -10 
    1   -10 
  -16    -2 
   -3    16 
   -8    -8 
   19   -10 
   14    10 
   10     0 
    1     2 
    2   -18 
   -6   -10 
    3     2 
  -10    -2 
   -1    -1 
   -8    -2 
   15    14 
  -14   -18 
  -22    14 
   23     8 
  -10   -18 
    3   -14 
   19    22 
  -12    10 
  -12     4 
  -22     4 
    6     0 
   18    -2 
    0   -20 
  -10    18 
  -14   -10 
  -10   -24 
   -6    10 
   15   -24 
   27    26 
  -22    18 
  -31   -26 
   -7    10 
  -25    10 
   19   -12 
   12    -2 
    0     2 
  -30   -34 
  -21   -24 
  -22     6 
   -1    10 
   22    30 
    2    -6 
  -15    -2 
  -31     6 
   -3    14 
  -27    22 
  -36   -18 
   27    30 
  -18   -10 
  -16    18 
   -9    -8 
   15   -14 
  -24   -24 
   27     4 
  -12    14 
    4    18 
  -25    12 
    0     6 
   12    26 
  -14     6 
   26   -12 
  -14   -38 
  -11    -6 
  -21    -4 
   18   -12 
   26     2 
    5     2 
  -18   -10 
  -40   -22 
  -11     2 
  -18    -4 
   33     2 
   28   -30 
  -10   -18 
   10     8 
   29   -38 
  -28    -6 
   35    30 
   36     6 
  -42    26 
  -38    -2 
  -32     2 
    8    38 
  -18    -6 
  -13    12 
    2    38 
  -12    42 
    5     6 
    6   -18 
  -43    18 
  -14   -10 
   24    -6 
    6   -20 
   24   -42 
   50    40 
  -14   -14 
   26   -16 
  -26     2 
  -17    26 
  -12   -30 
   20     6 
  -15    -6 
   50    14 
  -18    -8 
  -11   -14 
   27   -20 
   16   -34 
   29   -48 
  -21    10 
  -45     6 
   -5   -40 
   14    30 
   18   -18 
    0    -6 
  -12   -14 
  -51    18 
   45     6 
    8   -30 
    3   -38 
  -12     4 
  -42    30 
   47     2 
   24   -46 
   40    38 
  -38    26 
  -46    42 
  -24   -42 
   56    22 
  -46   -50 
    9    30 
   34   -14 
   30    22 
   14   -20 
    0     8 
  -30   -34 
  -48   -16 
    1    38 
   54   -34 
  -28    26 
  -54    36 
  -32   -28 
   18    10 
   38   -48 
   -2    48 
    6     0 
  -26   -30 
   15    44 
  -19   -46 
   18    22 
  -44    32 
   -4   -44 
   34    54 
  -35    24 
   28    48 
  -28   -38 
   38    10 
   13   -10 
  -15   -10 
  -27     8 
    6    50 
    7    -6 
   43     6 
   39     2 
   47     8 
  -45    -2 
   10    34 
   25   -26 
    5    38 
  -16    -6 
  -29    -6 
  -15    14 
  -21   -18 
   -4     0 
  -46    -6 
  -40   -38 
   18    26 
