7 0
25
   -1    -1    -1     1     1    -1     1 
    0     0     0    56   -40     0   -24 
    9     8     7     7     5     3     3 
    3     1     1     1     1     1     1 
    3 0     3 0     3 0     1 0     1 0     3 0     1 0 
   24    16     8    56   -40     8   -24 
 -101 -48  -101 -48  -101 -48    74 -77    74 -77  -101 -48    74 -77 
    0 1     0 1     0 1     1 0     1 0     0 1     1 0 
 -144 304  -144 304  -144 304   224 -80   224 -80  -144 304   224 -80 
    3 0     3 0     3 0     2 1     2 1     3 0     2 1 
   -3     2     1    14   -10    -1    -6 

    1    -1    -1     1    -1     1    -1 
    1    -1     1     1     1    -1    -1 
    1     1    -1    -1     1    -1    -1 

    0     0     0     0     0     0     0 
   -3    -2    -1    -1     1     3     3 
    0     2     0     4     0     0     4 
   -5    -2    -5    -1    -1     1    -3 
   -1     1    -1    -1    -1     1     1 
   -5     6     1    -3     3    -1     3 
   -1    -1     1     1    -1     1     1 
    3     6     5    -7     3    -7    -3 
    0    -6    -4     8     0    -4     0 
    6    -2     2     6     6     2     6 
   -2     2     2     2     6     6   -10 
    7    -2     3    -5    -1     1     9 
   -3    -6     5    -3     5    -3     5 
    3   -10    -3     5     7    -5     3 
   14     6     2     2    -2    -2    14 
   -3    -6     1     5     9     1   -11 
   12    10    -4     0     4    -4    -8 
    1   -14     5     1     5   -11     1 
    1   -10     5     5     1     7     7 
  -16    10   -12   -12     8     4     4 
    2     6    10   -10     2   -14    -2 
  -15   -10     9    -3   -11   -13    15 
   12   -10     0     8     4    -8     0 
    8    10    -8   -16     0    -8   -16 
  -10    -2    -6    18    -2    -2   -10 
