1 0
200
    1 
   24 
    3 
    2 
    1 0 
   24 
  -45 162 
    0 -1 
 -117 -208 
    1 1 
   24 
    0 
    0 

   -1 
   -1 
   -1 

    0 
    3 
    0 
    1 
    1 
    1 
    3 
    0 
    9 
    6 
   11 
    2 
   -3 
    9 
   14 
    0 
    6 
   -1 
    8 
   -7 
    2 
    6 
  -15 
   17 
    8 
  -18 
    6 
    2 
    2 
   -6 
  -12 
   -4 
  -15 
   15 
  -18 
   -9 
   -4 
  -22 
   -6 
   15 
   -7 
    2 
  -22 
   -4 
   -3 
   -6 
   14 
   -4 
   -6 
  -24 
  -10 
  -19 
  -18 
  -30 
  -30 
   27 
  -19 
    8 
   30 
   12 
   18 
    9 
   17 
   -1 
   24 
   -6 
    1 
   14 
  -28 
  -28 
  -12 
  -24 
  -16 
   23 
   23 
   21 
   30 
  -34 
  -25 
  -18 
   36 
  -13 
   23 
   35 
   -1 
   11 
   -7 
  -21 
   30 
  -10 
    8 
   24 
   27 
  -30 
  -21 
  -42 
   12 
   26 
    2 
   20 
  -30 
   -6 
   -6 
   30 
   -7 
   38 
   -6 
    0 
  -19 
  -10 
  -16 
    2 
  -30 
  -18 
  -30 
  -39 
  -18 
   -6 
  -40 
   14 
   26 
  -10 
   48 
    6 
  -18 
   18 
   -1 
    8 
   -4 
   41 
   47 
   20 
   39 
   36 
   50 
    5 
  -42 
   15 
   24 
    0 
   15 
  -18 
    6 
   36 
  -16 
   56 
  -10 
   26 
  -30 
   15 
   50 
   -4 
  -51 
  -12 
   12 
   54 
  -16 
    2 
  -30 
  -33 
   -9 
   -6 
  -28 
   60 
  -45 
   44 
  -10 
  -52 
  -34 
   27 
  -54 
   50 
  -40 
  -10 
   62 
  -30 
   -6 
   45 
  -21 
   17 
   62 
   50 
  -13 
  -33 
  -15 
   18 
  -12 
   11 
  -52 
  -49 
   50 
   29 
  -52 
    0 
  -36 
  -42 
   54 
  -13 
   14 
  -28 
