1 0
200
   -1 
    0 
    9 
    1 
    3 0 
    8 
   97 -58 
    0 1 
 -174 -290 
    3 0 
    1 
    0 
    0 

   -1 
    1 
    1 
   -1 

    0 
   -3 
   -1 
    5 
    1 
   -3 
   -1 
    6 
   -1 
    1 
    6 
   -4 
  -10 
    0 
   -6 
    1 
    9 
   -2 
    4 
    2 
  -14 
   -6 
   10 
  -14 
    8 
  -10 
  -18 
   -9 
    1 
    6 
   14 
    1 
   -8 
   -8 
   23 
   -1 
   -8 
  -12 
   10 
   -2 
   -7 
  -25 
   16 
   16 
  -18 
   -6 
   -6 
  -16 
    7 
   21 
    5 
   -9 
   -9 
   -9 
  -30 
   18 
   -2 
   26 
  -21 
   15 
    6 
  -12 
  -29 
  -23 
    6 
   -2 
  -10 
   -2 
  -11 
    5 
   34 
   30 
   -2 
   13 
  -31 
   12 
  -16 
  -25 
   21 
  -21 
    9 
   28 
    0 
    8 
    8 
   16 
   14 
   10 
  -18 
   34 
  -14 
  -28 
  -26 
  -35 
   21 
   -1 
  -27 
  -18 
   10 
   32 
   -2 
  -14 
   -8 
   18 
  -22 
  -24 
   27 
  -21 
   16 
   -4 
   41 
  -23 
   36 
  -34 
   32 
   24 
  -34 
  -16 
   38 
   14 
   41 
   51 
  -12 
   46 
  -27 
   -3 
  -45 
   17 
   22 
   36 
    2 
  -26 
   14 
   26 
  -30 
  -34 
   14 
  -36 
   10 
   -4 
  -44 
  -10 
   -3 
  -13 
  -52 
  -54 
   -6 
   14 
  -41 
  -27 
  -13 
   53 
   24 
  -38 
   -6 
    6 
  -26 
   46 
   31 
  -51 
    9 
  -51 
   25 
  -11 
   29 
  -32 
  -52 
  -13 
   41 
  -34 
   12 
  -57 
   43 
  -14 
   -8 
  -30 
   38 
  -42 
  -48 
   38 
  -30 
  -34 
  -26 
   21 
  -15 
   29 
  -43 
   -2 
  -24 
   46 
    4 
  -13 
   21 
  -48 
   14 
    6 
  -58 
   44 
   36 
  -54 
