12 0
25
    1     1     1     1     1     1     1    -1    -1    -1     1     1 
  -80    56    28   -48   -64    48     0     0     0     0   -20    16 
   10     7     7     6     4     3     9     8     6     5     5     2 
    1     1     1     1     1     1     1     1     1     1     1     1 
    1 0     1 0     1 0     1 0     1 0     1 0     1 4     4 1     7 0     4 1     1 0     1 0 
  -80    56    28   -48   -64    48    16    16     8    56   -20    16 
   65 86    65 86    65 86    65 86    65 86    65 86    75 58    75 58    75 58    75 58    65 86    65 86 
    1 0     1 0     1 0     1 0     1 0     1 0     1 0     1 0     1 0     1 0     1 0     1 0 
 -108 216  -108 216  -108 216  -108 216  -108 216  -108 216   108 324   108 324   108 324   108 324  -108 216  -108 216 
    1 2     1 2     1 2     1 2     1 2     1 2     3 2     3 2     3 2     3 2     1 2     1 2 
  -20    14     7   -12   -16    12    -1    -2    -1    -1    -5     4 

    1     1     1    -1     1    -1    -1     1    -1     1     1     1 
    1     1     1     1     1     1    -1    -1    -1    -1    -1    -1 
   -1    -1    -1     1    -1     1    -1    -1     1    -1     1     1 

    0     0     0     0     0     0     0     0     0     0     0     0 
   -1    -1    -1    -1    -1    -1     1     1     1     1     1     1 
   -4    -1    -1     0     2     3    -3    -2     0     1     1     4 
    0     0     0     0     0     0     0     0     0     0     0     0 
    7     1     4     3     4    -6    -6     4     3     1     4     7 
    0    -6     3     1     6    -5    -5     6     1    -6     3     0 
    2    -1    -4    -2     5     4    -4    -5     2     1     4    -2 
   -3    -6    -3     6     0     3    -3     0    -6     6     3     3 
    5     2    -4     6    -1     6    -6     1    -6    -2     4    -5 
    9    -9    -6     8     0     8    -8     0    -8     9     6    -9 
   -5    -8    -8   -11     7    -8    -8     7   -11    -8    -8    -5 
   -6     6     3     3    -9     9     9    -9     3     6     3    -6 
   -5    -2   -11   -12    10    -3     3   -10    12     2    11     5 
   -6     9    -3     2    -3     5    -5     3    -2    -9     3     6 
    8   -10     2   -11   -10     4     4   -10   -11   -10     2     8 
   -3    12     6     4     9    10   -10    -9    -4   -12    -6     3 
    8     2    -1    -2   -13     1    -1    13     2    -2     1    -8 
    5   -10    -4     1    -7    -2    -2    -7     1   -10    -4     5 
   -6    -3    -6    13     0   -14   -14     0    13    -3    -6    -6 
    3    -6    -6     5    -6   -10   -10    -6     5    -6    -6     3 
   12    -6    12    11     3    -4    -4     3    11    -6    12    12 
   -2     1    10    -4    13   -10    10   -13     4    -1   -10     2 
   16    13    -2    -8    10    16   -16   -10     8   -13     2   -16 
    8    -1     2    -5   -10     4     4   -10    -5    -1     2     8 
    1    -8    13     9    10    15    15    10     9    -8    13     1 
