15 4
25
   -1    -1     1     1     1     1    -1    -1     1     1    -1    -1    -1     1     1 
    0     0    48  -640  -192    40     0     0  -392   -64     0     0     0   -48   144 
   16    16    12    16    12    10    18    16    14     8    12    20    18    12    12 
    1     1     1     1     1     1     1     1     1     1     1     1     1     1     1 
    7 0     5 4     1 0     1 0     1 0     1 0     5 4     5 4     1 0     1 0     7 0     5 4     5 4     1 0     1 0 
  224    32    48  -640  -192    40    64    48  -392   -64    96    64    32   -48   144 
   -9 -194    -9 -194    51 46    51 46    51 46    51 46    -9 -194    -9 -194    51 46    51 46    -9 -194    -9 -194    -9 -194    51 46    51 46 
    2 0     2 0     1 0     1 0     1 0     1 0     2 0     2 0     1 0     1 0     2 0     2 0     2 0     1 0     1 0 
  180 -300   180 -300    60 240    60 240    60 240    60 240   180 -300   180 -300    60 240    60 240   180 -300   180 -300   180 -300    60 240    60 240 
    3 2     3 2     3 2     3 2     3 2     3 2     3 2     3 2     3 2     3 2     3 2     3 2     3 2     3 2     3 2 
  -20     1     4   -28   -16     4    -1    -2   -16    -8    -2     2    -3    -4     8 

   -1     1    -1     1     1     1     1    -1     1     1     1     1    -1    -1     1 
    1     1     1     1     1     1    -1    -1    -1    -1    -1    -1    -1    -1    -1 
    1     1    -1    -1    -1    -1     1     1     1     1     1    -1    -1    -1    -1 
    1    -1     1    -1    -1    -1     1     1     1     1    -1     1     1    -1    -1 
   -1    -1    -1    -1    -1    -1    -1     1     1     1     1     1    -1    -1     1 

    0     0     0     0     0     0     0     0     0     0     0     0     0     0     0 
   -1    -1    -1    -1    -1    -1     1     1     1     1     1     1     1     1     1 
   -1    -1     1     1     1     1    -1    -1    -1    -1    -1     1     1     1     1 
   -1     1    -1     1     1     1    -1    -1    -1    -1     1    -1    -1     1     1 
   -2    -2     2    -2     2     4    -4    -2     0     6     2    -6    -4     2     2 
   -4     2     2     4     2    -2    -4    -2     6    -6    -4     0    -4    -2     2 
    6     2    -2    -2     2     4     0     2     8     2    -6     2     4     6     6 
    1     1     1     1     1     1     1    -1    -1    -1    -1    -1     1     1    -1 
    0    -6     2    -8    10     4    -2    -2     4    10     4    -8   -10     2    -2 
   -4    -2     6     0     6    -6     2    -6    10    -2     4     4     6    -2    -2 
   -4     6     2     4    10    -8     2    -2    -4     2    -4     8   -10     2     2 
    8    10    -2     4    -2    10    -6     2     2   -10    -4    -4    10    -2     2 
    0    -6     6   -12    -6     6     2    -2    10    10    -4     4    -6    -6     2 
    6    -2     2   -10    -6     2    12    -6   -10     2    -2   -10     8    -6    10 
   -2    -6    -2    -2    -6    10     4    14     6     6   -10     6    -8     2     2 
   10    -6    10     6    14    12    12     6     8   -10    10   -10     4    -6    -2 
  -10    10   -10   -10     6     2    12    10     6    -6     2    -6    -4   -10   -10 
  -10     2     2    -2    10    -2   -10    -6     2     2     6    14     2     6     6 
  -10   -14    -6     6     6     0     2     2     0    -6    -2     6    -6    10    -2 
    2     6    14   -10    10   -10   -16   -10     6     6    -2    -6    -4    10   -14 
   12   -14   -14     4    -6   -14     2     2    10    -2     0     4   -14    10    -6 
    6    10     6   -14     2     4    -2     6    -4    14   -14   -10     6    14    10 
    2   -14   -18     6     2    12   -10    14   -12   -18     6    -6     6    -2    -6 
   14   -14   -18    10     2    16    -2    -2    -4    14    18    14     6    14    18 
    0    -6    10    16   -14    -2   -14     2   -10   -10    12     8    10    -6    -6 
