2 0
200
    1     1 
   32    96 
    8     8 
    1     1 
    1 0     1 0 
   32    96 
  -20 -109   -20 -109 
    1 0     1 0 
   68 -238    68 -238 
    2 1     2 1 
    8    24 

   -1    -1 
   -1     1 
    1     1 
   -1     1 

    0     0 
   -2    -2 
    2     2 
    4     4 
   -2     4 
   -2     4 
    1    -1 
   -1    -1 
    2     2 
    0    -6 
    6    -2 
    4    -2 
  -10    -6 
   -6     2 
   -6     8 
    2    10 
    1    -1 
   10    14 
   -4     6 
    6     2 
   14   -14 
   12    -8 
   12     8 
   10   -10 
    0   -14 
    2    12 
    8     0 
  -12    -2 
   -2    14 
  -14    -2 
    0     2 
   18     0 
  -16    16 
    2   -12 
    2   -10 
   10     6 
  -14    18 
   14     2 
    2     2 
    6     6 
    8   -18 
   -6    22 
   -8   -26 
   -2    18 
  -12    18 
    2    10 
   20    20 
    4    -4 
    6    14 
    0    18 
   26   -14 
    2     2 
  -18   -16 
   12    12 
    0    30 
    6    22 
   10    18 
   32    18 
    6    18 
   10    10 
   26   -10 
   30     6 
   24   -34 
  -26   -22 
   30     6 
  -10    18 
  -22    26 
  -32    22 
  -10     2 
   22   -22 
   14    18 
   14    10 
   30    10 
   -8    16 
   34    -4 
   30    24 
  -36    36 
   18   -18 
   12    30 
   14   -30 
   38   -30 
   22     6 
   -2   -10 
  -22   -28 
  -32    24 
    6    32 
  -38   -24 
  -30   -34 
   18     6 
    8    28 
  -34    -8 
   18   -14 
  -30   -38 
   30   -18 
  -38    -2 
   22   -38 
   38    26 
    4    -4 
   32   -10 
  -10    -2 
   22     4 
    0   -16 
   30    38 
  -26   -10 
    0   -32 
  -32   -16 
   14   -34 
   -6    22 
  -42    10 
  -28   -42 
  -26   -10 
  -26    14 
   38   -18 
   10   -18 
    8    -6 
  -34    46 
   -6   -34 
  -14     2 
   14    22 
   22    -2 
   -6   -10 
   44    34 
  -12   -38 
   30    50 
   24    24 
  -34   -20 
   50   -46 
   -2   -42 
   14    14 
   10    46 
    2   -40 
   50   -48 
  -32    -8 
  -34    36 
   44    32 
   26   -20 
  -30     0 
   32   -52 
  -14    14 
   -2   -26 
   18    22 
  -54    30 
  -50     6 
   10   -38 
  -50   -30 
   54    34 
   18   -26 
   -8    -2 
  -42   -46 
  -22   -30 
   -8   -50 
  -26    -2 
   24   -10 
   50   -38 
   50   -30 
   10   -30 
  -58    38 
   58    -2 
   18     6 
  -46    10 
  -32   -24 
  -44    16 
   52    28 
   18    -2 
   10   -42 
  -38    10 
  -42    -2 
   20   -14 
    2   -34 
  -42     6 
   10    -6 
   -2    44 
   12    32 
  -38   -60 
   44     8 
   -2   -22 
    2    50 
  -50    50 
  -58    54 
  -28    44 
    4    52 
   -2    26 
  -34    46 
   38    18 
   42    -6 
  -30    20 
  -14    20 
   38   -38 
   -2   -58 
  -50    22 
  -10   -50 
  -32     6 
   46    -6 
   28    -4 
    8    44 
  -20    54 
  -42    -6 
  -38   -58 
   58    14 
   -6    42 
