2 0
200
    1    -1 
   40     0 
   10    16 
    1     1 
    1 0     5 8 
   40    64 
   21 136    21 136 
    1 0     1 0 
 -210 450  -210 450 
    3 2     3 2 
    5    -2 

   -1    -1 
    1    -1 
   -1     1 
    1    -1 
   -1    -1 

    1     1 
   -1     1 
    1    -1 
   -1     1 
    4    -2 
    0    -2 
   -2    -2 
   -6    -6 
    4    -2 
    4    -6 
   10     2 
   12    10 
   -4    -2 
    2    10 
  -14     2 
   10     6 
   -6   -10 
   -2    -6 
   10    14 
  -12    -6 
    0    -6 
   -6    14 
    4    -6 
   16     2 
    6     6 
    0   -14 
  -10   -10 
   10   -10 
   -2   -18 
   -6   -14 
    6    -6 
   -6     2 
   -6    18 
    1     1 
   -6    10 
   18   -10 
   -4   -14 
   -4    -2 
   22   -18 
   14   -18 
   10    22 
  -22    22 
    2    26 
  -14   -10 
   10   -18 
  -18     6 
   22     6 
   22   -22 
  -22    -6 
    6   -14 
   18    26 
    2   -14 
   -6   -18 
   18     2 
  -10   -18 
    6   -14 
   -8     2 
  -16   -18 
   20    26 
    4    10 
    6   -14 
  -30   -30 
  -12   -34 
   20   -30 
   -2    -2 
  -10   -18 
   28    14 
  -20   -14 
    2    14 
   34    22 
  -18    30 
   18   -14 
   26   -30 
    4    18 
   26   -22 
    4   -34 
   26   -14 
  -34   -10 
   28   -26 
  -30     6 
   28    -6 
   14    38 
   30    -2 
   -2    22 
  -10    -2 
   16   -38 
   -8     2 
   34   -22 
  -30   -14 
   28    10 
   14   -14 
   40    30 
   10     6 
    0    -6 
  -22   -18 
  -28   -30 
  -26    10 
    2   -26 
   14    30 
   -6     2 
  -30   -10 
   18    38 
   18    34 
   40   -34 
  -18    34 
  -24   -10 
  -14    30 
  -26     2 
   -2    10 
   22   -22 
    8     6 
   38    38 
   38   -38 
   22    18 
   48     2 
   20   -30 
  -10     6 
   42   -18 
  -22    14 
   18    -2 
    4    10 
   22    -6 
   -2     6 
  -14    38 
   42   -50 
  -16   -42 
  -10    42 
   30   -10 
  -32   -14 
   20     6 
   28    -6 
   50   -22 
   10    -6 
  -22    42 
   30   -22 
   -2   -42 
   -6    38 
    2   -10 
  -42   -34 
  -18    30 
    4    50 
   -6    42 
    8   -18 
  -18    18 
   54   -34 
   10     6 
  -18    22 
   14    46 
    6     2 
  -26     2 
  -50     2 
  -38    22 
   42   -22 
  -30    -6 
  -52    50 
  -40    50 
  -38   -26 
  -26   -14 
   -4   -14 
    2   -18 
   42    42 
  -30    -2 
   10    10 
  -34    58 
    2   -42 
  -52   -10 
    2   -18 
  -46   -10 
  -46    30 
  -50    22 
    6   -10 
  -22    14 
  -22   -10 
   14    26 
  -30    62 
   50    30 
  -36   -38 
   -4    54 
  -20   -22 
   26    30 
   14    10 
   -4    30 
  -28     6 
   -6    -6 
  -22    42 
  -50   -10 
  -26    38 
   48    -2 
  -32    -6 
  -30    10 
   14    14 
   50     2 
    4    38 
   34    42 
  -42    46 
  -66    34 
   -6     2 
   22    62 
   22   -10 
   10   -18 
