5 0
200
   -1    -1    -1    -1    -1 
    0     0     0     0     0 
    6     6     6     6     3 
    1     1     1     1     1 
    1 4     1 4     1 4     1 4     1 4 
   24    48    48   392    24 
  147 130   147 130   147 130   147 130   147 130 
    2 0     2 0     2 0     2 0     2 0 
   90 342    90 342    90 342    90 342    90 342 
    3 2     3 2     3 2     3 2     3 2 
    4     3     1    12     2 
    0     0     0     0     0 
    0     0     0     0     0 

   -1    -1    -1    -1    -1 
    1     1     1     1     1 
   -1    -1    -1    -1    -1 

    0     0     0     0     0 
    0     0     0     0     3 
   -4    -2     2     4     2 
    0     0     0     0     0 
   -6    -4     0    -6    -6 
    2    -6     2     2    -1 
    0     6     6     0    -3 
    4    -6    -2    -4     4 
    8     4    -4    -8     5 
    4    10    -2    -4    -8 
   -2     0     4    -2    -8 
    6    10    -6     6    -6 
    8    -6     2    -8   -10 
  -12     6    -6    12     6 
  -14     2   -14   -14    -5 
  -12    10     6    12     0 
    0     4   -12     0    -9 
  -10    -8    -4   -10     8 
   -2    10   -14    -2     1 
    6     6     6     6    -6 
    6    -6    -6     6     9 
    4   -10    10    -4   -14 
    0   -14    18     0    -6 
   -2    -6   -14    -2   -14 
   -2    10   -14    -2    16 
    4    18    -2    -4    10 
   12    14    -6   -12     6 
   -6   -16    12    -6     0 
   10   -12    -8    10   -20 
  -12    -6   -18    12    -6 
   16   -18    -2   -16    13 
   10   -10    -2    10    -8 
   12   -18    -6   -12     6 
  -12    -6   -18    12    -6 
    0    -4    12     0    -6 
   12     6    18   -12    12 
    6    16   -12     6    12 
  -10    -4     8   -10   -10 
   20    18    14   -20    20 
   16     0    16   -16     7 
   18    16    12    18   -24 
  -14     4    -8   -14    10 
    2    14    14     2    -7 
    1     1     1     1     1 
    0    -8    24     0    -6 
    0   -12   -12     0     3 
  -22    26     2   -22   -13 
   10   -14   -14    10    -5 
  -28     6   -22    28    -4 
   -8    18    10     8    19 
  -18    26   -30   -18     0 
   14   -30   -22    14    20 
   -8     6    -2     8    -5 
    8    14   -10    -8   -25 
   20    -6    14   -20   -10 
  -16   -24     8    16    -1 
  -30   -32    12   -30   -12 
   18     4   -24    18    12 
   32     2     2   -32    -7 
   -4    10   -10     4    20 
   24   -16   -24   -24     9 
  -32     0   -32    32    10 
  -22   -14     2   -22    29 
  -22     6    14   -22    -4 
   -4    22     2     4    32 
  -12    -6   -18    12    -6 
  -18    14   -18   -18   -33 
   30   -14    18    30    -9 
  -18    22    30   -18    27 
  -26    -8    28   -26    10 
    4    14   -14    -4    10 
   24    14     6   -24    15 
   26   -10    14    26    20 
   -2   -24   -20    -2   -20 
  -10     2    26   -10   -22 
    8   -20    20    -8   -34 
    8   -16     8    -8     5 
   -2   -34    -2    -2     7 
  -10   -20     8   -10    26 
  -24   -10    30    24     3 
   28   -18    10   -28   -32 
   22   -10    22    22   -32 
  -10    30    14   -10   -40 
  -30   -32   -36   -30     0 
   10    26    34    10    22 
  -14   -14    34   -14   -20 
  -14     2   -14   -14   -38 
    8    38    14    -8   -34 
    8    22   -34    -8    14 
   22     6   -26    22    13 
   38   -18    14    38   -16 
   -4   -18   -22     4   -28 
  -12   -38     6    12    12 
  -28    -6    14    28    -4 
   40    36    28   -40    25 
   36    10    30   -36   -12 
  -24   -14    -6    24   -45 
    2   -14     2     2    41 
  -22   -40   -28   -22     8 
   18    10    -6    18   -18 
    8    24   -16    -8    17 
  -12    -6    30    12   -12 
  -20    -6   -26    20    46 
   16    26    10   -16   -47 
    2   -30     2     2   -16 
    2     2     2     2   -22 
    8   -10   -34    -8    23 
  -16     6   -10    16     5 
   10     6    22    10    43 
   10    22    -2    10    22 
    6   -30   -30     6     9 
  -18    24   -36   -18    36 
  -32   -30    34    32    13 
  -36    -6     6    36    30 
   28    30    10   -28   -14 
   12    30    42   -12   -18 
   28   -34   -14   -28   -14 
  -48   -32    48    48   -30 
  -10   -38    26   -10    41 
   -2   -40    28    -2    46 
  -30     2    18   -30    -6 
  -30   -26     6   -30     6 
    0     0   -48     0     3 
    8    24    32    -8   -10 
  -24   -24     0    24   -27 
  -12   -22     6    12    48 
  -46    -4    32   -46     8 
  -14     8     4   -14    -8 
   26   -36    32    26   -34 
  -14   -38    34   -14   -17 
  -46    20     8   -46    14 
  -22   -34   -10   -22    17 
   24    10   -30   -24    42 
  -20   -22   -26    20    40 
  -14    30    -2   -14    10 
  -14   -14    34   -14    37 
   24    32   -24   -24    -6 
    8   -12    -4    -8   -19 
  -32    12    28    32   -14 
    8   -12    -4    -8    38 
  -16   -30    50    16    26 
  -20    30   -38    20     4 
  -24     8     0    24   -18 
   -8   -36    52     8    10 
   10   -24    52    10     4 
    2   -42    14     2   -10 
  -26     6    46   -26    10 
   38   -26   -10    38    23 
   12   -34    42   -12   -48 
   12   -54     6   -12    30 
   -2    -2    22    -2   -17 
   38    48   -28    38   -40 
  -28    14   -46    28    14 
   36   -18    18   -36    24 
   20    30   -46   -20   -10 
    4    -6   -50    -4    34 
   26   -34   -58    26    -4 
  -38   -10    46   -38   -26 
  -16    24     8    16    11 
    8   -24    32    -8     5 
  -36    26     6    36   -48 
  -36   -38     6    36   -18 
    2    46    14     2   -19 
   -8    22   -50     8   -17 
   24   -10   -18   -24    15 
   38     2   -46    38     5 
   22    -2    -2    22   -17 
   46     2    58    46   -50 
  -50    14    46   -50   -41 
  -52     6   -22    52    -4 
   12    14   -30   -12    36 
  -26    -4   -56   -26    22 
  -42   -12    48   -42    48 
  -26   -26   -26   -26    10 
   22   -42   -26    22   -11 
  -52    42   -10    52   -10 
   12   -18    42   -12    42 
  -56    32    40    56    22 
  -48   -16   -48    48   -33 
  -50   -46    10   -50    25 
  -42     8   -36   -42   -48 
  -22    10    50   -22     2 
   -6    30   -42    -6   -15 
  -48    -6    42    48    21 
   60   -54   -42   -60   -18 
   52   -46    46   -52     4 
   36    18   -18   -36   -18 
  -54   -24   -60   -54     6 
  -14    50    34   -14    -5 
   22    22   -26    22    31 
  -26   -18    46   -26   -20 
  -18   -34    30   -18    54 
  -34   -38     2   -34    20 
  -36    30    -6    36   -60 
  -28   -22   -10    28   -22 
  -12     6    42    12   -60 
  -56    18   -38    56   -50 
  -14   -54    58   -14     4 
   50   -30    50    50   -22 
    2    54    14     2   -31 
