4 0
25
   -1    -1     1     1 
    0     0   -16    16 
    6     6     4     2 
    1     1     1     1 
    3 0     1 4     1 0     1 0 
   32    16   -16    16 
  -37 112    95 -26    90 67    90 67 
    0 1     1 0     1 0     1 0 
  336 112   336 112   112 224   112 224 
    3 0     3 2     2 1     2 1 
    4    -1    -4     4 

    1    -1    -1    -1 
    1    -1    -1     1 
    1     1    -1     1 

    0     0     0     0 
    0     0     2     4 
   -1     1     1    -1 
   -2    -2     2     2 
    4    -4    -6     4 
    6     2    -2    -2 
   -4     0     6     0 
    0    -4     6     0 
   -2    -2    10    -2 
   -2     6     2     6 
    2    10     2     2 
   10    -6    -6    -2 
   -6    10    -6     2 
    6    -2     2    -2 
   -1    -1     1    -1 
  -10     6     2     6 
   -6     2    10     2 
  -10    -6     6   -10 
   12     4   -14     8 
  -16     4    14    -4 
   -8    -4   -10    16 
    8    12     6   -16 
  -12   -16    14     4 
   -8   -12     6     0 
   12   -16   -10    -8 
