1 7
200
   -1 
    0 
    2 
    1 
    3 0 
   16 
   92 75 
    0 1 
  225 -275 
    3 0 
   -2 
    0 
    0 

    1 
    1 
    1 

    1 
    0 
    0 
   -5 
    1 
    4 
    2 
   -1 
    1 
   -6 
   -6 
    7 
    2 
    0 
   -5 
    6 
  -14 
   11 
    2 
   -7 
   14 
    5 
  -12 
   14 
  -13 
   -9 
   -1 
  -16 
   14 
    9 
    1 
   -4 
  -21 
  -14 
    0 
    7 
   18 
   10 
  -12 
    6 
   10 
  -15 
   17 
   26 
    6 
   -8 
   -8 
   23 
  -18 
    0 
  -29 
   -8 
  -28 
   20 
   14 
  -17 
   14 
   23 
  -30 
  -12 
   11 
   -6 
  -12 
   10 
   -2 
   -3 
   -8 
   14 
   -2 
   26 
   -1 
  -31 
   30 
  -22 
   16 
   20 
   13 
   21 
   -7 
   16 
  -27 
  -30 
  -28 
  -11 
   -2 
  -14 
   -6 
    8 
  -24 
   -2 
   -6 
   21 
  -24 
  -34 
    6 
  -21 
   -1 
  -12 
    4 
   26 
  -19 
  -30 
   -5 
  -13 
  -47 
  -11 
   -6 
   18 
   40 
  -30 
  -38 
   -4 
   28 
   20 
  -10 
  -18 
  -24 
  -21 
   40 
   29 
    0 
  -44 
  -38 
  -21 
  -38 
   -6 
   10 
   14 
  -13 
   -7 
   22 
   -4 
   18 
  -15 
  -37 
  -26 
  -24 
  -26 
  -45 
   19 
  -16 
  -24 
   -1 
   15 
  -56 
  -38 
   47 
    2 
   -7 
  -38 
   50 
  -50 
   12 
  -17 
    6 
   60 
   -8 
  -52 
  -10 
  -42 
  -39 
   18 
  -13 
  -20 
   19 
   24 
   14 
   10 
  -28 
  -42 
   -9 
   28 
    2 
  -16 
   -1 
   26 
  -37 
   50 
  -30 
  -35 
  -24 
   -2 
   33 
   35 
   38 
   24 
   45 
   30 
   22 
   55 
   32 
  -26 
  -21 
    4 
  -38 
   40 
   58 
    0 
  -15 
   58 
