1 0
200
    1 
  -16 
    4 
    1 
    1 0 
  -16 
   33 175 
    0 -1 
 -208 -143 
    1 1 
  -16 
    0 
    0 

    1 
    1 
   -1 

   -1 
    2 
    0 
    2 
    0 
   -1 
    4 
   -2 
    1 
    6 
    2 
   -8 
   10 
    4 
    0 
    0 
   12 
    6 
    8 
   -6 
  -14 
   10 
   12 
   10 
   -4 
  -14 
   -4 
   -2 
   20 
   10 
   -4 
  -18 
    6 
   18 
    6 
  -14 
   18 
   -6 
   -8 
    8 
   -2 
    6 
  -10 
   14 
  -18 
  -12 
    6 
  -26 
    6 
   -6 
  -10 
  -10 
    2 
   14 
   30 
   -2 
   28 
   -8 
    6 
   30 
  -30 
    6 
   22 
   30 
    2 
  -16 
   12 
    2 
  -10 
  -10 
   16 
  -10 
  -14 
   10 
  -18 
   26 
   18 
   -4 
   18 
  -10 
  -18 
   -6 
  -22 
   -2 
  -10 
  -34 
    2 
  -18 
   34 
   -8 
   18 
   30 
  -28 
   -6 
  -18 
   22 
  -30 
   -2 
   10 
   26 
   10 
  -24 
   38 
   30 
   38 
   20 
   34 
   12 
   -6 
   28 
   42 
   -4 
  -10 
  -16 
  -10 
  -16 
   18 
  -26 
  -46 
   -2 
    8 
   20 
   38 
   48 
   50 
   18 
  -14 
  -46 
   30 
   30 
   20 
  -26 
   22 
  -12 
  -14 
   14 
   46 
  -36 
  -38 
  -10 
   26 
  -24 
  -34 
  -18 
   -8 
   26 
   34 
  -52 
   42 
  -42 
  -22 
  -22 
   30 
  -14 
  -48 
  -18 
  -46 
  -14 
   30 
  -28 
   42 
   50 
   18 
   28 
  -42 
   62 
  -48 
  -40 
   46 
   56 
  -26 
   30 
   28 
  -32 
   46 
    6 
   -2 
    0 
  -30 
   34 
   22 
   -2 
    6 
  -60 
    2 
   50 
   10 
   54 
   10 
  -10 
  -16 
   20 
  -16 
  -34 
   10 
  -18 
    6 
   30 
  -10 
   38 
