1 0
100
    1 
  -64 
    8 
    2 
    1 0 
  -64 
   29 -22 
    1 0 
   72 36 
    1 2 
  -16 

    1 
   -1 
    1 

    0 
    1 
   -2 
    0 
   -2 
    6 
   -2 
    6 
   -2 
    6 
   -2 
    6 
  -10 
    6 
    2 
    6 
   -2 
  -10 
    6 
   -6 
   -6 
   14 
   14 
    2 
  -14 
   -2 
  -10 
   14 
   -2 
   14 
    6 
   10 
    6 
   14 
   14 
  -10 
   14 
   22 
  -10 
   -2 
   14 
   -2 
    2 
    2 
  -10 
   14 
   -2 
   -2 
  -10 
  -18 
    2 
    2 
    6 
  -18 
    6 
  -18 
  -18 
    6 
  -26 
  -10 
  -18 
    6 
   -6 
   10 
    6 
   14 
   18 
  -30 
   14 
   -2 
    6 
  -34 
   -6 
    6 
   14 
  -10 
   14 
   -2 
  -26 
  -18 
  -18 
   10 
   10 
    6 
   38 
    2 
  -30 
  -26 
  -42 
  -38 
   -6 
   22 
   14 
    6 
  -34 
   30 
  -18 
  -14 
   38 
   22 
