2 0
200
   -1    -1 
    0     0 
    6     4 
    1     1 
    3 8     8 5 
 3408  2272 
  199 26   199 26 
    2 0     2 0 
  272 238   272 238 
    3 2     3 2 
  142   -71 
    0     0 
    0     0 

    1    -1 
   -1    -1 
   -1    -1 
    1    -1 

   -1     1 
    0     2 
    1     0 
    2    -2 
    1    -4 
    2    -4 
    1     1 
    1     1 
    0     8 
   -2     2 
   -3     2 
    8    -8 
   -8     6 
    5     2 
   -6   -14 
  -13    12 
   -4     0 
   -6   -12 
    0    12 
    0    -2 
   -4   -10 
   18   -10 
   -9   -10 
   -8   -14 
   -1     2 
  -10    14 
    2    16 
   12   -10 
   12   -10 
  -13    10 
   -1     1 
    2   -10 
  -17   -18 
   -6     6 
   -6    14 
  -21    -6 
  -22   -12 
  -14    -4 
  -19    10 
   22    26 
   -2    10 
  -15   -20 
    6   -26 
  -16     2 
   12   -22 
  -21    12 
  -11   -18 
   13   -16 
   19    -6 
  -10   -10 
    9   -10 
   14   -10 
    0     2 
   20     6 
   32    12 
   21    10 
   25    16 
  -31   -24 
   18   -18 
   -6     6 
    9     2 
  -14   -20 
   10    -6 
    8   -14 
  -27    -2 
   14    10 
  -22    34 
   11   -18 
  -11    10 
  -19   -20 
  -18    -6 
   30     2 
   -9   -10 
   -6   -26 
   30    24 
    9     4 
  -12   -12 
   29    14 
   20   -20 
   25    30 
  -14   -10 
    0   -34 
   -5     2 
  -26     6 
   25    34 
  -19    -2 
   12   -22 
   41     2 
  -35    18 
  -10   -26 
   -2    22 
  -36    -6 
  -35     6 
   -2    -2 
   26     6 
   27    -2 
  -32   -18 
  -22    26 
  -25    16 
    2    34 
  -28   -12 
   13    24 
   15   -10 
  -13    26 
  -31    26 
    4    18 
  -39   -34 
   39   -14 
  -20    22 
   10   -10 
  -14    10 
   20   -20 
  -14    22 
   21    -6 
   24   -30 
  -40    10 
   30   -28 
  -23    12 
   14    28 
  -11   -22 
  -11   -14 
    7   -22 
   28   -40 
   36   -12 
    4    18 
   10    40 
  -34    10 
   30    46 
  -16   -16 
   18     2 
  -51   -40 
  -50    38 
   45   -26 
    6    38 
  -14    10 
    4   -38 
   12   -10 
    7    26 
    8   -10 
   -2     4 
   39    54 
    0     2 
   46   -40 
    6   -28 
   16   -56 
  -16   -26 
   30    50 
   46    46 
   12    22 
   42    38 
   52    -6 
  -17   -28 
   -9    -2 
   18    10 
  -10   -30 
  -29   -30 
  -23    14 
   28    34 
    1    30 
   30     0 
   17     6 
   11   -50 
  -28    34 
   28   -10 
   15   -46 
   22    42 
   53   -40 
   14   -46 
   -2    -2 
   -7    -4 
  -26    16 
  -49   -34 
  -46    22 
   45    -6 
  -45   -42 
    2    -6 
  -26    58 
   -8    18 
   60   -58 
  -20   -34 
  -11    10 
   -6   -50 
  -26    60 
  -28   -58 
  -47   -34 
   22    -6 
  -30   -52 
   27     8 
  -19   -56 
  -22    22 
   46   -26 
   34     2 
    0     6 
   37    14 
    8    -6 
   21     6 
  -24   -42 
   19    66 
   43   -34 
  -32   -36 
