2 16
25
   -1     1 
    0     0 
    4     8 
    1     1 
    4 5     4 1 
   16    16 
 -139 -28  -139 -28 
    1 0     1 0 
 -362 -362  -362 -362 
    3 2     3 2 
    1    -1 

    1    -1 
    1    -1 
    1    -1 

   -1     1 
    2    -2 
    2    -2 
   -5    -5 
    4    -4 
    4    -4 
   -6     2 
   -6     2 
    4    -8 
    4    -8 
  -12     0 
  -12     0 
    4     0 
    4     0 
    2     2 
    6    -6 
    6    -6 
    5    -1 
    5    -1 
  -15    -7 
  -15    -7 
   16     0 
   16     0 
  -10   -14 
  -10   -14 
