3 0
200
    1     1     1 
    0   -16   -16 
    8     4     4 
    1     1     1 
    5 8     1 0     1 0 
   16   -16   -16 
 -113 86    58 99    58 99 
    1 0     1 0     1 0 
 -512 32    16 256    16 256 
    3 2     2 1     2 1 
   -1    -4    -4 

    1     1     1 
   -1    -1    -1 

    0     0     0 
   -2     2     2 
    0    -2     0 
   -2     2     4 
   -2    -6    -2 
   -6     2     2 
   -6     2     4 
    2     2     4 
   -8     6     0 
    0     6     6 
   -6    10     2 
    4     6    10 
    6    10     2 
   -2     2    10 
   10     2     6 
   -2     2   -10 
  -12   -10    10 
   -8     6     4 
   -8   -10     2 
  -10     2    16 
   -2   -14    12 
  -10    -6   -10 
   -6    -6    10 
   10     2    -8 
  -10   -14    10 
   -2     2   -10 
   -8    14   -12 
   20    -2    -4 
    6    -6   -18 
  -14    18   -18 
  -10     2     6 
  -10    10   -14 
   14    18     6 
    6     2   -14 
    6    18   -18 
   -8   -18    -2 
   -8    22     2 
   16   -10   -20 
   20    -2   -16 
  -12    14    18 
  -22    -6   -14 
    8    14     6 
   14   -14   -18 
  -18   -14    14 
  -14    -6    10 
   -6    -6   -22 
  -22    -6   -30 
   -8    -2    22 
  -26    10     6 
   14    18   -20 
  -18     2    22 
  -14    18    -2 
   18     2    18 
    1     1     1 
   22    -6    -6 
  -16   -26     0 
   24   -18    -6 
   -2     2   -10 
    6    10    -6 
    6     2    -8 
   10    -6    22 
  -26   -30   -10 
   14   -14   -10 
    6    26   -26 
    2    18   -18 
   26   -14    26 
    2    18   -34 
   18     2    14 
   14    26    30 
  -10    26    -2 
    6   -14   -30 
   -6   -30     6 
    6     2     4 
  -32    -2    -6 
  -16    14    -4 
   22   -14     6 
   12     6   -24 
   28    14   -28 
    8    38   -34 
  -14   -14    38 
  -14    18    -6 
   -6    26    10 
  -26     2   -22 
  -16   -18   -34 
   14   -30    22 
  -38     2   -24 
  -14     2   -40 
    2   -30     8 
  -30     2    18 
  -18    18   -10 
  -18    18    18 
    0   -26   -32 
  -34    -6    26 
  -20   -18    -6 
   30   -22    22 
  -26    18    30 
  -10    10    26 
  -26    34   -34 
   38    10     6 
    4    30   -22 
   22    42   -26 
   44    -2   -38 
   -2   -30    14 
   38    -6    38 
  -30     2    46 
  -10    18   -14 
    2    34    18 
  -14    34   -14 
   34   -22    14 
    6   -30    12 
  -24    14    32 
    8   -34   -10 
   34    26    30 
    6    18    48 
    2   -30    24 
    2     2    30 
  -48     6     0 
  -24     6    -2 
   28    22    12 
   50    42    22 
   18    34    22 
  -10    50    26 
  -10   -14    -6 
   44     6    -8 
   32   -26   -14 
    4    14   -48 
  -28    38    18 
  -44   -10    48 
   24    22    22 
   38    10    22 
   12   -26    22 
    6     2   -26 
    6    18   -38 
    6    10   -22 
   50    34    40 
  -22     2     0 
   -8    -2    50 
  -28   -10    48 
  -48   -42    12 
    0     6   -38 
   18    26   -30 
   30   -14    -6 
  -30    42    10 
  -26   -30    38 
  -42    26    14 
   50   -14     2 
  -28   -42    26 
   26   -22   -14 
   42    -6   -18 
  -26    18     6 
   20    30     4 
   18    34   -34 
   -6     2    -2 
   34    18    26 
  -30   -30    12 
   -6     2   -16 
  -54    10   -14 
  -42   -14    20 
    2    50   -18 
   24   -10   -40 
  -30   -22   -42 
   22    34    10 
    2     2    14 
  -10   -30     2 
  -38   -30    12 
  -16   -50   -14 
   40    46   -28 
  -38    34   -12 
    2   -14    42 
  -34   -14   -62 
  -34    34   -42 
  -28   -50    20 
   34    50    14 
  -26    18    40 
   26    10    18 
  -58   -30   -16 
  -18   -30    48 
    2    -6   -30 
  -40    30    10 
  -52   -34   -22 
  -18    -6     6 
   -6    -6   -22 
    8    14    16 
   42    10   -22 
    6   -62   -28 
   18    42    42 
  -46    26   -22 
   28   -34    32 
  -20    14     2 
   38    42   -22 
  -50   -30    14 
  -26    18   -14 
   42    34    38 
   54    42    14 
  -54    50    -2 
  -38    42    26 
   26   -54    10 
   26   -62    18 
   50    34   -30 
  -30    34    34 
