2 0
25
    1    -1 
    0     0 
    9     6 
    1     1 
    3 0     7 0 
   16    16 
  -73 44  -142 -7 
    0 1     1 0 
  132 220  -264 -440 
    3 0     2 3 
    2    -3 

   -1    -1 
   -1    -1 
   -1     1 

    0     0 
   -3     0 
   -1     2 
    1    -1 
   -2     2 
   -4    -1 
    1     1 
   -2    -7 
   -6    -8 
   -8     8 
   -5     7 
   -3     6 
   -2     0 
   -2    -1 
    2    -2 
  -14    -1 
  -14    -4 
    2     6 
  -10   -12 
    6    10 
   -4    -4 
   -3     2 
    9     7 
    5    -4 
   -9    -1 
