2 0
25
   -1     1 
    0    16 
    3     1 
    1     1 
    5 4     1 0 
 1568    16 
  201 16  -112 142 
    2 0     0 -1 
  285 225   -30 -255 
    3 2     1 1 
    7    16 

   -1    -1 
    1    -1 
   -1    -1 
    1     1 

    0     2 
    1     1 
   -1     1 
    1     1 
    2    -2 
    2    -2 
   -6     2 
   -3     5 
   -9     7 
   -6    -2 
   -7    -7 
    2     2 
   12    -8 
    3     7 
   -1    -5 
   12    -4 
    6    14 
    8    -8 
  -10    10 
   -7    13 
    2    -2 
    0     0 
    6     6 
    8     8 
   -1    11 
