11 0
200
   -1    -1    -1     1    -1    -1     1    -1    -1    -1    -1 
    0     0     0    96     0     0    36     0     0     0     0 
   14    13    13    12    12     9     9    13    12    12     9 
    1     1     1     1     1     1     1     1     1     1     1 
    4 1     4 1     4 1     1 0     4 1     4 1     1 0     1 4     4 1     4 1     4 1 
   88    80   176    96   128    16    36    64    64     8    16 
   31 96    31 96    31 96   -83 -150    31 96    31 96   -83 -150    31 96    31 96    31 96    31 96 
    1 0     1 0     1 0     1 1     1 0     1 0     1 1     1 0     1 0     1 0     1 0 
 -100 350  -100 350  -100 350  -350 -100  -100 350  -100 350  -350 -100  -100 350  -100 350  -100 350  -100 350 
    3 2     3 2     3 2     3 0     3 2     3 2     3 0     3 2     3 2     3 2     3 2 
    6     1     7    24    -3    -1     9     5    -1     4     1 

    1     1     1     1     1     1     1    -1    -1    -1    -1 
    1     1     1     1    -1    -1     1    -1     1     1     1 
   -1     1     1     1     1     1     1    -1     1     1     1 
   -1     1     1    -1    -1    -1    -1    -1    -1    -1    -1 

   -1    -1    -1    -1    -1    -1    -1     1     1     1     1 
    0     0     0     0     0     0     0     0     0     0     0 
    0     0     0     0     0     0     0     0     0     0     0 
   -4    -3    -3    -2    -2     1     1    -3    -2    -2     1 
   -1     2     5     1     6    -1     4    -2    -2     1    -5 
    5    -6     0     7     2     0    -5     6    -2     1    -2 
    5     3     0    -3     2     0     0    -3    -6     3     6 
    0     7     4     6    -4     0     0    -7     0    -6    -6 
   -1     2   -10     9     4    -6    -6     2     0    -9     6 
   -2     4    -8    -6     4     8     3     4     6    -6     6 
    3    -4    -1     1     6     3    -2     4    10     7    -5 
    3    -4    -4     1    -4     8    -2     4    -2     1    -2 
   -9    -9     0     3    -2    -4     6    -9     6     3     0 
   12     1     7     0     0    -3    -3     1    -6     0    -3 
  -10     6    -6     8   -12   -10     5     6   -10     8   -10 
  -10     2     5     0     0    -5     0    -2    12   -12    -9 
    1    -1    -1     1     1     1     1     1     1     1     1 
    5    -6   -12    11   -14     0   -10    -6     8     5     8 
   -6   -10     8    14    -6     4    -1   -10     2   -10   -10 
   -6     7    13    10    10    -1   -11    -7     4   -14     1 
    6     1    -2    -8    -8   -14    16    -1     4     4    -8 
  -13   -15     6    -9   -14     2   -18   -15     0     9    -6 
   -1     9     9    -9     6    -1     9     9     0   -15     3 
  -14    10   -17    -2    -2    -9     1   -10    10   -14     1 
  -10   -14    19    10   -10   -15    10    14    -8    10     7 
   19    14    -7   -15   -10   -11    -6    14    -6     9    -9 
  -18   -14     7    18   -12    -3    12   -14     0     6    15 
   -8   -12    -9     2   -18     7     2   -12   -10   -10   -19 
    2     0    15     2   -18    17     2     0   -10   -10    -1 
   -6    -5    16    -6    -6     4    -6     5   -18    18   -12 
    2     3     0     0   -10    12    12    -3   -18    12    12 
  -16    -5   -14    -4     6    -6    14    -5   -10    20   -16 
    8    21   -12    -6    -6   -12   -12   -21    -6     6    12 
    4    -9     9     0    10   -11   -21     9     6   -12    -9 
   15   -16     2    -3   -18   -10    15   -16   -24     3    18 
   -4     4   -14    -6    14     6     6     4     6     6    18 
   -6    22   -17     4    14    -1     4   -22   -14     4   -17 
   14    24   -18   -14     6    14     4   -24    -2    -2    -2 
   -9    -6   -21    21   -14    -9     6     6    18   -21   -21 
  -16   -12   -15     0   -10     9    24    12   -18   -12     9 
   -5    22    -5    -7     8   -15    20    22    20   -25    -1 
    7   -20     7     5    10   -13     2   -20   -22   -19    -7 
   -3     5   -10    25    10    22   -23    -5    -2     7   -14 
    2    -1    14    22    22     2    22     1    22   -14    16 
   22    -8    13   -12   -12    27   -18     8   -12   -12    15 
   -8   -18    18    -6    -6   -18    27    18    -6    18   -24 
   -6   -14   -23   -22   -12    19    14   -14    -4    14    -7 
  -18    20   -10    14     4   -18   -13    20    14   -22    14 
    8     6    24    -6    24     8    18    -6   -24   -30    18 
  -14    14   -22    12   -18     6    -9   -14    12   -12     6 
   15   -27   -12    23     8     0   -10   -27    -4    -7    14 
  -19    -7    14    17   -28     6    26    -7     8    -1   -22 
   13   -18     3   -27   -12   -27     3    18    30    -3   -21 
   -1    14     2   -21    -6   -26    -6   -14   -18     3     0 
    9     6    12     3    18    24     9     6   -30    27     6 
  -22    10    10     6   -14    18    18    10    18    18     6 
  -18    -8    19    -8    22   -13    -8     8    10    -8     7 
   17    -4    -1    19   -26    27    -8     4    -2   -11   -17 
   24    22    13     6     6   -31    -6    22    30     6   -27 
    4    10   -17     6     6    19    -6    10     6    -6    -9 
    2    -8   -11   -12    -2    -3    12     8   -18   -24   -27 
  -22    12   -12    -6    -6   -12     3   -12    12    30   -18 
   28   -14   -20    16   -14   -12    28    14   -26    -8    10 
   -6     6   -27   -14     6   -31    19    -6    10   -26    19 
  -19   -16   -22    15    10     6     6    16   -30   -33   -30 
   10   -12    12   -18   -18     0    15    12   -30    -6    24 
  -19    -7   -19    13    28   -29   -14     7   -14    13   -23 
   19    31    28    19   -26    24     4   -31   -14    -5   -32 
    0    10    16    14   -16    20   -10    10   -34     2    14 
   16   -20    -2   -16   -26    26   -19   -20    14    -4     2 
    6     2     8   -36   -26    -4     6    -2     6   -12   -18 
    0   -18   -21    -6    34    15    15    18   -30     6     9 
  -22   -15     9   -22    -2   -17    -7   -15    32    14    23 
  -10     4    22    10     0    10    -5    -4   -26    10    -8 
   32   -14     4     4    14   -28   -23    14     4     4    34 
  -10    36    -9    36   -14    25    30    36   -30   -24   -21 
   12   -12   -33   -24    26   -33    12   -12   -18     0     9 
   37    12   -36   -29   -14    12     7   -12    22   -11    22 
    2    -8     4   -20   -30   -28     7     8    -2    -8   -20 
    3   -21     3    -9   -14   -27    33   -21    12     9     9 
   14   -19   -10   -12    18    -6    24   -19    30   -12   -18 
  -11    19    10   -19     6   -26    14    19     2   -19    14 
   19    -1   -28    -1    14     4    14    -1   -10   -25    14 
   20    10    10     8   -22   -10   -10    10   -10   -28   -10 
  -12    -8    -5    -4     6     3     8    -8    14     8    29 
   -2   -17    16    34    -6    28    -2    17   -38   -26    16 
   -2    23   -16    -2     8     8    -2   -23    -8    34    16 
  -27     9    18     9    24    -2    18     9    12    15    -6 
   -6   -31    20    18    28    24   -36   -31    12     6    30 
   38    13    16    10   -10   -32    28   -13   -14   -38    -2 
    1     7    10     1   -24     6     1    -7    -2   -23    22 
   26   -30   -12     0    30    -4    21   -30   -18    12     6 
   19    26   -19   -27    18     9    -6    26   -18    21    15 
  -27     8   -34     3    38    -2   -12     8   -18   -21   -30 
  -17    38    35   -15    20    33   -12    38   -24    -9    15 
  -35    -7    26   -15    30    10    45    -7     6     9   -18 
  -33   -39   -27   -45    10    -3   -18   -39   -18     3   -27 
   -5   -38    10   -37    18    10   -10   -38     2   -13   -40 
   -9   -38     1    17    32   -29   -34   -38    20    23   -43 
   20   -38    28   -34    16     0   -25   -38     2    38   -22 
   -8   -24    18    18    -2    42   -18    24    24    18     6 
   -2   -24   -12   -30    20    28   -27    24     6    -6   -30 
  -32   -35   -35    24    24    23   -42   -35     6   -12   -45 
   39   -17    16    -9     6     4    -6   -17    42    15    18 
  -29     7   -44     7     2   -24    16    -7   -38     7     4 
  -20   -25    20   -32   -22     0   -20    25    -2    28    -2 
  -24   -41    10    -6    -6     6    36    41    -6    -6   -24 
   37    39    -6    21   -34    42   -18   -39     6   -27    24 
   -2     3    18   -10    40   -22     8     3   -28     2     8 
  -14    -3    33   -46   -26    21   -19    -3   -34   -10    -7 
   -2    -4   -22   -14   -14    -2    -2     4    22    -2    10 
   22   -36     6    16    26    22     7    36    -2    16   -20 
   -8    26   -22    42    -8   -18    12   -26    24    -6    -6 
    4    -6   -27   -36   -26    -1    -6     6    24   -12   -15 
  -40   -50   -26     0    30   -10   -15   -50   -18    24   -30 
    9   -38    46   -15    40    -6    -6   -38    24    -9    30 
  -21    48   -18   -15    10   -46    -6   -48   -42    -9   -36 
   15    10    -5    -3    42   -15    30   -10    18    45   -27 
  -11   -24   -30   -13   -38    34    14   -24   -40     5    32 
   22    14    14    38   -42    42    32    14    38    14   -10 
   42    34    22     4    14   -38    37   -34    -8   -32   -26 
  -31    26    29   -11   -26   -11    19   -26    34    19    31 
  -40    12    -6     6    26    10   -30   -12   -30    42    30 
  -23     2    -4   -21    -6    12    -3    -2    30   -27     0 
  -27    -8   -50    15   -30    38    18    -8     6    15     6 
  -33   -18   -18   -15   -10   -18   -18   -18    12    15     6 
   24   -34   -40    32   -48   -16    -1   -34     2   -28     8 
   -8    -6    -6    38    -2   -18    17    -6   -10    14   -10 
  -10    32    32   -14    36     0    -5   -32    10    34    34 
  -13    14    23    49    34   -13    22   -14    22    31    31 
   -6    -2   -35    28    -2   -11    34     2    -2   -32   -11 
  -34    50    20    34   -26   -24   -29   -50    16    -2    22 
   22   -33   -18     0   -10   -18    42   -33   -30    48    48 
   42   -39    -9    30   -30     7    -3   -39     6     6    -9 
  -10    -1    35   -10   -50     5    50    -1   -40   -22    41 
  -40    49   -44     8    38     0    50    49   -22    -4    14 
  -18   -48    27    18    18   -23   -18    48    54    18   -15 
   28    -6    -3   -42    48     3    18     6    24    -6   -21 
   16    12    -3    18   -32   -29   -24   -12   -24   -42   -21 
   42    12    54    30   -30    42    12   -12    30     6    18 
   21    10     1    33   -42   -39    -9    10    54     9    21 
    6     6   -36    48    -2    56    36     6    -6    12   -18 
  -24    24   -33    36   -54     1   -24    24    18    12    51 
  -42    46   -35     6   -14    13    48    46   -18   -42    -9 
  -16    10     1   -10   -30    39   -16    10    26     2   -31 
   26   -40    14   -40    30   -34    56   -40   -34   -40    38 
   10    44    -7    10    10    35    10   -44   -26    10   -29 
  -24   -12   -42   -50   -40   -14    46    12   -56    22    34 
  -33    23   -37     3    48    -3    -3   -23   -42     3   -45 
  -34   -21     3   -48    42   -49     6    21    54   -12     9 
  -10     6   -45    10    50    15   -50    -6   -50    -2    -5 
    7   -30   -18     1    16     2   -23    30    34    49   -38 
  -30    14   -46    -6    -6    30     0    14    18    -6   -30 
  -42   -42   -15    12    12     3   -27   -42    54   -12   -33 
  -38    42   -12    30   -60    12    12    42   -12   -30     6 
   35    14    38   -21   -36   -30   -60    14     0    45    54 
  -56    -1   -46    10   -10   -26   -11     1    16    22    34 
   17    -5   -38   -47    38    42     7     5    34     7   -14 
   19   -30   -33    33    58   -61    24   -30   -18     9    -3 
    0   -48   -60    42   -18   -60   -30   -48     6    42   -54 
   31   -39    30    15    30   -54    36    39   -54    -9   -12 
   34    41    14    36     6    34   -36   -41     6   -12   -36 
  -16    42   -42   -10    30    14    44    42    50   -22   -40 
   -4    39     6   -12     8   -34   -24   -39   -12    24   -18 
    0    21    15    18   -42   -35   -15   -21   -48    -6   -33 
  -47   -16    47   -53    22    53    28    16    22   -29   -47 
   37    18   -12   -17   -22    52   -53   -18   -26     1    -8 
   53    51   -42    41    26    58    -7    51   -28    47   -46 
  -46    41    14   -16    -6    34   -16    41   -34   -16   -16 
  -15    -6    15    -9   -14   -35    30     6   -54    -9    45 
  -41   -18    -6    -3   -58    14    -6    18    42    51   -36 
  -32    38    38    14    14   -42    23    38   -10   -46    14 
  -10   -40    50   -22     8   -30    50   -40   -10   -10   -58 
   24   -35   -20    40   -20   -56   -26    35   -44   -20    -8 
   22    -1   -10    34   -46   -38    37     1     4    46    58 
   10    19    58    42   -18   -30   -30    19    18     6     0 
   10    31    46   -30   -30    30   -30    31    30   -30    30 
   48   -46   -28   -12    -2   -32   -27   -46    30   -48   -30 
   18    30   -33    -6    54   -37    18    30   -42    42    -3 
   37    20   -52    35   -50   -28    17    20    50    35     8 
   30     2   -25    44    14    55   -10     2   -10   -64   -19 
  -25   -22    59   -59     6    25    40    22    58   -11   -59 
   16    28   -14   -14   -64   -34   -14   -28    16    58    58 
  -42     7   -14    42    42    -2   -27    -7   -12    66    66 
  -19    23    53    33    58   -19   -54   -23   -42    15     3 
  -17   -30    -9   -39     6     3   -42   -30   -30   -15   -27 
   30     0    -6    12     2    30    30     0    42    24   -54 
   16    20   -34   -26    54   -34   -29   -20    16    34   -56 
   42    -2    34    -8   -38   -38    52     2    -2    16   -38 
  -52    41     5   -64   -44   -57   -22    41   -22   -52    23 
  -10    13   -17    -4   -44    45    50    13    14   -40   -55 
   43   -25   -16    31   -14   -52    -2    25    34   -17   -20 
    2    -1   -22    28   -42   -38   -38     1   -14   -56    34 
   28   -32   -23    36   -34   -47   -42   -32    30     0    15 
  -30    24   -18   -30    30    50    30    24    -6   -30     6 
   39    -6    66    39    -6    -6    -6     6    54   -15    -6 
   54   -46   -22    30    10   -66    -6    46     6    18    36 
  -22   -39   -60   -22    -2    28    68   -39    14    50    68 
    2     3    15   -40    20    37   -13     3    50   -40   -31 
   46    10   -14    -2    28   -34    46   -10   -56    10   -14 
