5 8
25
   -1     1    -1    -1    -1 
    0    40     0     0     0 
    8     5     9     7     5 
    1     1     1     1     1 
    4 1     1 0     4 5     4 1     4 1 
   32    40   128    32     8 
 -185 -82    73 -90  -185 -82  -185 -82  -185 -82 
    2 0     1 0     2 0     2 0     2 0 
 -196 -308   252 56  -196 -308  -196 -308  -196 -308 
    3 2     1 2     3 2     3 2     3 2 
   -2    10     2     2    -1 

    1    -1     1     1     1 
    1     1    -1    -1    -1 
    1     1     1    -1     1 
    1     1    -1     1    -1 

    0     0     0     0     0 
   -1    -1     1     1     1 
   -2     1    -3    -1     1 
   -2     1    -1     1     1 
   -6     4     4     0     2 
    2    -3     3    -1    -3 
    2    -6    -2    -2    -8 
   -1    -1    -1     1    -1 
   10    -6    -2     2     6 
    6     9     9    -3     7 
   -2     3   -11     7    -7 
  -10    -3    -3    -7    -1 
    6     2   -10     6    -4 
  -10    10    -6    -2     6 
   -1    -1     1    -1     1 
    6    -3     1    -3    11 
    6     8     0     0     4 
   -6    12     8     0    -8 
   -2     5    13     7   -11 
    6     7     9     9     5 
   14     3    -1    -7   -11 
    6     1    -9    -9    -9 
  -10   -18     2    10   -10 
   -2   -14    -6    -2   -10 
   -6     8     0   -12    -8 
