4 0
200
    1    -1    -1    -1 
   80     0     0     0 
   10     6     6     4 
    1     1     1     1 
    1 0     4 1     4 1     3 8 
   80    48    32    16 
  -16 -115   139 -38   139 -38   139 -38 
    1 0     1 0     1 0     1 0 
   82 -246   492 164   492 164   492 164 
    2 1     3 2     3 2     3 2 
   20    -7     2    -2 

    1     1    -1    -1 
   -1     1    -1    -1 
    1     1     1    -1 
    1     1     1    -1 

    0     0     0     0 
   -4     0     0     2 
    1    -1     1     1 
    4     4    -2    -2 
    4     0     2    -2 
    2    -6    -4    -2 
    4    -4    -2     2 
    2     2     8    -2 
    2     6    -2    -2 
    6     6     2     2 
   10   -10     6    -2 
   -8    -4    -8     2 
   -1    -1    -1     1 
   -1    -1    -1     1 
   -6     2   -12     2 
   -2    -6     6   -10 
   14     6     6    -6 
   -2   -10   -10    -2 
   14    14     2     6 
  -16    16     2   -10 
   12     4    10    14 
    6     6   -12    -2 
    8     0    -6    10 
   -4    12     2    -6 
    6     6    -8    -2 
    4   -16     2     6 
  -18   -10    -8   -10 
   10   -18    -6   -18 
   -2   -18    -2    10 
   14     6    -4    -6 
    6     6     0    -6 
    4    -4    10    14 
   10    18   -14    -6 
   10    -6     2    18 
   -6   -22     0   -18 
    0    20    18   -10 
    8   -12    14     6 
    2    18     8    14 
  -14   -14   -18   -18 
   10   -14   -22    14 
   10    -2     2   -10 
    6    22   -22    10 
   22   -18   -16     6 
  -16   -24    22    10 
  -26     6    -6    22 
    6   -18    26   -18 
  -22    22    -6     6 
  -22    10    -2     2 
   -8    16    -2   -14 
  -18   -26     4   -10 
  -10    22    10   -14 
   10   -14   -26    10 
   -6    -6     6   -14 
   18    -6     2   -14 
  -26    14    -6   -18 
   -2    14     6   -18 
  -28     0    -8   -22 
   26   -18   -14    -2 
  -16     0   -10    -6 
  -26     6    24    -2 
   10     2   -30     2 
   26    14    18     6 
  -22     2    14    -6 
   14    14   -18   -14 
  -16   -20   -30    30 
  -34    -2    -8   -26 
   -6   -22    -8   -14 
  -14   -22    12   -14 
  -32    20    12   -14 
   22   -22   -10    -2 
   -6    -6    36   -14 
   -6    18   -32   -14 
  -28   -20    18    -2 
    6    14   -10    22 
    6   -34   -22   -10 
   38   -18    30    -2 
    6   -18    -2   -26 
  -22   -26    -2    14 
   34   -14    -2    -6 
    4   -28   -10     6 
    0    32    26    30 
  -10    22     0   -14 
   18   -14    20   -22 
  -20   -24    10    38 
   10    -6     4    14 
   -6    10     2    34 
  -26   -26   -18    -6 
  -30    -6     6    42 
    6   -18   -14    18 
   -6   -38   -34   -22 
  -22    10    34   -14 
  -18   -22    10    -2 
  -32   -28    -8    10 
    8    12    -6    -2 
    6    30   -36    -2 
  -14    10    14    42 
  -26   -26    30   -30 
   -2    30   -18   -30 
   18    38   -38    22 
  -44     8    16   -38 
    2    -6    12    -2 
    8   -12     2    30 
  -18   -34   -20   -30 
   18     2   -32    -6 
  -34    -2    -2    10 
  -10   -26   -30   -14 
   26   -22   -26     2 
   30   -34    38   -14 
  -20    -4    10   -38 
  -34    38   -12   -10 
   14   -46   -34   -26 
   -8    44    -4   -22 
    2   -14    -2     2 
  -30   -38   -18    18 
  -12    44    18    10 
   42    26   -32    22 
  -22     6   -30    46 
   -6    -6    30    -6 
   22    18   -30   -26 
   40   -12     8    10 
   -6   -14    16   -26 
   32    16    26   -14 
   48    -4     8    42 
   42   -10   -50   -18 
   -8   -20    -8    -6 
   10   -26    22    38 
   32    20   -22   -26 
   -6   -22    -4     6 
   14   -10    -2    22 
  -46   -22   -46    46 
   -2     6   -34   -22 
  -30   -18   -34   -42 
   10     2    16    -6 
  -34    38   -52    18 
    2   -22    18   -14 
  -14    26    26    18 
    6     6   -18   -46 
  -42    -6    26    38 
   30    54   -30    -2 
  -26   -42    -6    30 
  -30    -6   -46   -54 
  -50    30   -14    18 
   12     8   -24   -22 
   18   -10    10   -18 
   36    16    36    26 
  -14    -2    14   -10 
  -14     2    38     6 
  -42    14   -18    22 
  -30   -22    -8   -38 
   46    14     8    18 
   50    42     6   -50 
  -22    42    54    22 
    2   -30    18    18 
   -6   -54    18    18 
   24   -48    34    10 
  -38   -30    36   -50 
   52   -28    42     2 
   22    14    12    -2 
    6     6    18   -10 
  -14   -30   -34   -50 
  -26     6   -48   -30 
   -6   -30   -24    58 
  -26    38   -10     2 
  -48   -32   -18     2 
   58   -14   -48     6 
   22   -26    14   -22 
  -18   -38   -22   -58 
   38    46   -10    10 
   38    22   -50    -6 
   16    12     6    14 
   42   -54   -12    30 
   38    10    38    46 
   28   -56    48   -30 
  -34   -42    42    26 
   46     6   -54    10 
  -54    58   -52     6 
  -12    28    42    50 
  -14   -22    -6   -26 
  -54    26    42    22 
   20   -40    26    -2 
  -46    50   -12   -18 
   44    16   -26    14 
   10   -38   -24    30 
  -22   -14   -54   -22 
   30   -26   -50   -14 
  -42   -10    30    30 
  -54   -22    46   -10 
   30    54   -46    -2 
  -18   -18     2   -50 
  -18   -50    34   -38 
  -22    10    58    42 
  -30    34    14     2 
   14    46    10    66 
   62    -6    18   -18 
   -8    36     0   -14 
  -32    24   -18    30 
   32     0   -38   -18 
   50    -6   -46     2 
  -18    30    30   -14 
  -50    34    50    46 
