1 0
200
   -1 
    0 
    4 
    1 
    7 8 
   32 
   29 98 
    1 0 
 -110 352 
    3 2 
   -4 

    1 
    1 
    1 

   -1 
    2 
   -2 
   -2 
    2 
   -2 
    6 
    6 
    6 
   -6 
  -10 
   -6 
   -2 
    2 
    2 
   -2 
    2 
   -6 
   10 
   -2 
    6 
    6 
  -14 
    2 
   -2 
   -6 
   14 
    6 
  -14 
   -6 
  -14 
   -1 
   -6 
   -6 
  -10 
   18 
   -6 
   -2 
   -6 
   -6 
   22 
  -22 
  -26 
   -2 
  -14 
    2 
    6 
   14 
   -2 
  -26 
   14 
   -2 
    2 
   18 
    2 
  -18 
   10 
   18 
  -18 
   -1 
   -6 
  -34 
   10 
   18 
   22 
   30 
  -30 
  -22 
   26 
  -18 
   34 
  -14 
  -18 
   -6 
   10 
   -2 
  -10 
  -18 
   30 
   14 
   -6 
   38 
    6 
  -18 
   22 
   34 
   -2 
    6 
  -38 
  -22 
  -26 
   -6 
   34 
   18 
  -26 
   10 
   10 
   10 
  -10 
   18 
  -30 
  -14 
  -18 
  -10 
  -14 
   18 
  -26 
   -2 
   22 
   -2 
  -34 
   -6 
  -34 
   10 
    6 
  -26 
  -18 
  -34 
   -2 
   22 
  -18 
   46 
  -14 
  -30 
   18 
  -18 
   18 
   22 
  -14 
   -6 
  -42 
  -10 
   50 
    6 
   22 
   -2 
  -42 
   38 
   30 
   -6 
  -50 
   38 
  -54 
    6 
   22 
   30 
  -22 
  -14 
   50 
   34 
   14 
  -38 
   34 
    2 
    6 
  -10 
  -34 
  -26 
   18 
  -54 
  -14 
   46 
    2 
   38 
  -54 
  -38 
   46 
  -50 
  -34 
  -14 
    6 
  -42 
   38 
  -10 
  -42 
   -6 
  -18 
  -26 
  -10 
  -14 
   50 
   34 
  -34 
    6 
   46 
  -46 
   22 
  -54 
  -30 
   -2 
  -10 
    2 
  -62 
  -18 
   -2 
  -18 
   14 
   50 
  -26 
   22 
