3 4
25
   -1    -1    -1 
    0     0     0 
    4     2     2 
    1     1     1 
    1 4     1 4     1 4 
   16    16    48 
   88 117    88 117    88 117 
    0 1     0 1     0 1 
  468 -351   468 -351   468 -351 
    4 0     4 0     4 0 
    2    -2    -6 

   -1     1     1 
    1     1     1 
    1    -1     1 
   -1    -1     1 

   -1     1     1 
    1    -1    -1 
    0     2     4 
    0     0     0 
   -1     1    -1 
    1     1    -1 
    2    -2     6 
    0     6     0 
   -2     2   -10 
    2     2    -6 
    6   -10     2 
   -8    -2    -8 
   -2   -10     6 
   10     6    -2 
  -10     2   -10 
    0   -14   -12 
    2    10    -2 
    4     6   -12 
   -8   -10     8 
    6    -6   -10 
   -4   -14    16 
    6   -10    18 
    0   -18     0 
  -14   -14    -2 
  -10   -14   -18 
