1 0
200
   -1 
    0 
    4 
    1 
    3 8 
  144 
  -99 106 
    1 0 
 -510 120 
    3 2 
    3 

    1 
   -1 
   -1 
    1 

   -1 
    0 
    1 
    1 
   -4 
    4 
   -2 
   -2 
    0 
   -2 
    2 
    4 
   -2 
   -6 
   -6 
   10 
   -6 
   -1 
   -2 
    8 
    4 
    2 
  -16 
  -12 
   12 
   10 
   -8 
   -6 
   -6 
  -14 
    2 
   10 
   -6 
   18 
   12 
   12 
   -2 
  -20 
   14 
    6 
   -6 
  -22 
   -6 
    4 
   22 
    2 
   10 
  -22 
    6 
   14 
  -14 
    2 
    2 
   -6 
    0 
  -12 
  -18 
  -20 
   26 
  -12 
    6 
  -10 
  -32 
    2 
  -18 
  -18 
   14 
   -4 
   18 
   10 
   14 
   22 
  -10 
   30 
   12 
  -16 
  -14 
    2 
   -8 
  -24 
  -30 
   14 
  -10 
  -18 
   10 
    6 
  -28 
  -12 
    4 
  -22 
  -12 
  -26 
   18 
    4 
  -18 
    8 
  -18 
   18 
   18 
   -2 
   18 
  -38 
  -20 
   36 
   44 
   -2 
   18 
    2 
  -10 
    2 
  -38 
   46 
  -34 
  -26 
  -12 
   30 
  -30 
   18 
  -22 
  -14 
  -10 
    0 
  -18 
  -30 
    2 
    0 
  -10 
  -22 
  -24 
   -8 
   26 
   18 
   12 
   -6 
  -26 
  -18 
   26 
   26 
   18 
  -22 
   16 
    8 
   -6 
  -32 
   18 
  -14 
   -2 
  -22 
  -42 
   42 
    2 
  -24 
  -20 
   40 
   38 
   -6 
  -26 
  -22 
   -4 
  -30 
    6 
  -22 
   50 
  -22 
  -34 
   -4 
   46 
  -50 
   26 
   50 
   30 
   30 
  -42 
  -56 
   36 
  -46 
   -6 
  -36 
  -30 
   42 
   30 
  -34 
  -10 
   26 
   22 
    8 
  -30 
    2 
   22 
   58 
  -66 
   38 
   36 
  -60 
  -32 
  -58 
   26 
   -2 
   50 
   -4 
