7 7
25
    1    -1     1     1    -1    -1    -1 
    0     0   -48     0     0     0     0 
    9     9     8     7     7     5     3 
    1     1     1     1     1     1     1 
    7 0     4 1     1 0     7 0     4 1     4 1     4 1 
  256     8   -48    64    32    32    32 
  -57 -86   -57 -86   112 37   -57 -86   -57 -86   -57 -86   -57 -86 
    1 0     1 0     1 0     1 0     1 0     1 0     1 0 
    0 -372     0 -372   186 186     0 -372     0 -372     0 -372     0 -372 
    3 2     3 2     2 1     3 2     3 2     3 2     3 2 
    5    -1   -12     1     1     3    -5 

   -1     1    -1    -1     1     1     1 
   -1    -1    -1    -1    -1    -1    -1 
   -1    -1    -1    -1    -1    -1    -1 

    0     0     0     0     0     0     0 
   -3    -3    -2    -1    -1     1     3 
   -3    -3    -2    -1    -1     1     3 
    1     1     1     1     1     1     1 
    0     1    -2    -6    -2     4    -2 
    0     1    -2    -6    -2     4    -2 
   -4     1     6     0     0    -4    -8 
   -4     1     6     0     0    -4    -8 
   -2    -4    10     0    -4    -6    -4 
   -2    -4    10     0    -4    -6    -4 
   -2     2    -2    -8     4    -6    -4 
   -2     2    -2    -8     4    -6    -4 
   -1     6    10   -11     5     3     9 
   -1     6    10   -11     5     3     9 
  -13   -10   -14   -13    -5    -5    11 
  -12     6     2     4     4     4   -12 
  -12     6     2     4     4     4   -12 
    0    -7     6    -8     0    -8     8 
    0    -7     6    -8     0    -8     8 
    2    -6     2    -4     8    -2     0 
    2    -6     2    -4     8    -2     0 
  -14     6   -10    10    10    -6    -6 
  -14     6   -10    10    10    -6    -6 
   -7   -19     2     1    17    -7    17 
   -7   -19     2     1    17    -7    17 
