1 0
200
   -1 
    0 
    9 
    1 
    1 4 
    8 
   91 186 
    2 0 
  -50 370 
    3 2 
    1 

   -1 
   -1 
    1 
    1 
    1 

    0 
    1 
   -1 
    1 
   -1 
   -4 
   -1 
   -6 
   -3 
    6 
    2 
   11 
    9 
   -1 
    5 
    0 
   -9 
   -4 
   -7 
    5 
    8 
    0 
   -9 
    5 
  -13 
  -12 
    3 
  -10 
  -10 
   18 
   18 
    2 
   -6 
   -3 
  -12 
   -3 
    2 
    5 
  -18 
    0 
  -10 
    2 
  -13 
    5 
  -24 
   21 
   20 
  -13 
  -21 
  -21 
   -1 
  -16 
   27 
   24 
  -15 
   -6 
  -28 
    5 
   12 
   18 
   -6 
   12 
    8 
    2 
    9 
  -27 
    2 
    8 
    5 
  -13 
   18 
   21 
    2 
  -22 
   14 
   -6 
   21 
   32 
  -34 
    6 
  -30 
   20 
   32 
  -10 
  -37 
   -7 
    5 
  -27 
   36 
  -22 
   38 
   18 
   33 
  -30 
  -24 
  -18 
  -24 
   -4 
   14 
    2 
    0 
  -18 
  -24 
   12 
   17 
  -22 
    9 
  -36 
    8 
  -22 
    2 
   44 
   18 
  -18 
  -18 
  -18 
    3 
  -30 
  -25 
  -31 
  -46 
  -28 
  -33 
   12 
    0 
   12 
  -31 
    5 
  -46 
   11 
    8 
  -10 
    3 
  -45 
  -28 
  -10 
   -6 
    3 
  -18 
  -45 
  -30 
  -27 
   24 
   18 
  -25 
  -49 
   35 
    8 
  -42 
   -3 
  -34 
  -31 
   42 
   -9 
   -6 
  -54 
   -7 
   -4 
   -3 
    0 
   36 
  -42 
  -58 
   45 
    0 
  -43 
  -43 
   62 
  -19 
    6 
   36 
  -10 
   50 
   23 
   14 
  -36 
   -6 
   30 
  -24 
    2 
  -10 
  -22 
  -31 
   18 
    6 
   51 
   63 
   50 
  -25 
   17 
   47 
   14 
   32 
  -12 
   60 
    6 
  -45 
  -10 
   14 
  -28 
