6 5
25
   -1     1    -1    -1     1    -1 
    0   -72     0     0   -48     0 
   10     9     8     7     6     3 
    1     1     1     1     1     1 
    1 4     1 0     1 4     4 1     1 0     4 1 
   32   -72    16    80   -48    16 
   50 201    58 103    87 118    87 118    58 103    87 118 
    2 0     1 0     1 0     1 0     1 0     1 0 
 -252 276    12 264    24 528    24 528    12 264    24 528 
    2 3     2 1     3 2     3 2     2 1     3 2 
    2   -18     2     5   -12     1 

    1     1     1     1     1     1 
   -1     1     1     1     1    -1 
   -1    -1     1    -1    -1    -1 
    1     1     1    -1     1     1 

    0     0     0     0     0     0 
   -4    -3    -2    -1     0     3 
    1    -1    -1    -1    -1     1 
    1     1    -1     1     1     1 
    0     1     4     3     4    -5 
    2     3     2     1    -6     1 
   -2    -1     6    -3     2    -1 
    2    -3     0    -7     6    -7 
   -6     9    -2     3     6    -9 
    0     2     0     8     8    -6 
   -4    11   -10     3    -4     5 
   -2    -2     6    -2    -2    10 
   10     9    -6     9     6    -3 
    2    10     0    -8    -2     6 
   -2     2     4   -10     2    -6 
   -2     2    -6    -4     2     6 
   -6   -11     6     9    -2    -1 
  -12     6     4     0     0     6 
    0    10   -14     2    -8    10 
   -6     9    14    -3    -6   -15 
  -10   -16    -4     0     2    -4 
   18    -4   -14    -8    14   -16 
   10     6   -10    -8     6   -10 
    2     1   -14    -5   -14    -3 
   -1    -1    -1     1    -1    -1 
