3 0
25
    1    -1     1 
  -72     0  -384 
   18    16    16 
    1     1     1 
    1 0     1 4     1 0 
  -72    16  -384 
   -9 -104   -88 -23    -9 -104 
    1 0     1 0     1 0 
  180 -330  -330 -180   180 -330 
    3 2     4 1     3 2 
   -1     1   -22 

    1    -1    -1 
    1     1    -1 
   -1    -1    -1 
   -1     1    -1 
   -1     1    -1 

   -1     1     1 
   -1    -1     1 
    1     1     1 
    1    -1     1 
   -4    -2    -2 
    2     4     2 
   -6     6     2 
    6    -4     6 
    6    -6     6 
   -6    -6     6 
  -10    -6    -2 
    2    -2     6 
    6    -8    -2 
    0    -6    -6 
  -10    -2    -6 
   12     4    -6 
   12     0    -6 
   14   -14     6 
    8    14   -10 
  -10    14    10 
   14   -16     6 
    6    -8     6 
   -6    -4    -2 
    2    16    14 
    2    -2   -14 
