5 0
200
   -1    -1    -1    -1     1 
    0     0     0     0    16 
   10     8     6     4     2 
    1     1     1     1     1 
    1 4     1 4     1 4     1 4     1 0 
  128    72    32     8    16 
  -97 38   -97 38   -97 38   -97 38  -102 -61 
    1 0     1 0     1 0     1 0     1 0 
 -368 -80  -368 -80  -368 -80  -368 -80  -144 -224 
    3 2     3 2     3 2     3 2     2 1 
   -5    -1    -1    -1     4 

    1    -1     1     1     1 
    1    -1     1     1    -1 

    0     0     0     0     0 
   -4    -2     0     2     4 
   -1     3     3     1     1 
    3    -1    -5    -1    -1 
    4    -4     4     4     4 
    2    -4    -2     4     6 
    3     3     3    -5    -1 
    6     0    -6    -4     2 
    1     1    -3     3    -1 
    9     1    -3     3    -5 
  -10    -4    10    -8     6 
    3     7     7     5     1 
  -10    -8    -6    -8     6 
   -6     0     6    -4     6 
   -1    -9    -1    -9    -1 
    6    14     6    -6     2 
    0    10   -12    -6    12 
   -7     5    13    -1    -9 
  -10     8   -14    -4     6 
   -6   -14     2   -14   -14 
   -4    10     8   -14    12 
  -15    -3   -15   -11    -3 
   -5    -9     3    15     7 
    5   -11     5     5   -15 
   -6     8   -10    16     2 
    0     8     0     4    -4 
  -14    18    -6    14    -2 
    9    -7   -11     3    15 
   -2     2    -2    -2    10 
    9    17   -15     9   -15 
   -9    -1    15    -1    -1 
    4    16    -4    -4    -8 
  -10   -10   -18   -18    -2 
  -12     0    12   -12    -8 
  -19   -19   -15    15    11 
    4   -16    12   -20   -16 
  -22   -14   -14   -10   -10 
   -7   -11    13    23    -1 
  -14   -14    -6    -2   -18 
  -11    13     9    -9    15 
    6    14    -2    10   -14 
    0     8    16    -4     4 
    8     4   -16   -16     4 
  -14    -4   -10    12   -22 
  -10     8    18    12   -18 
    6    18     6   -18    -6 
   15    -9    -5     5   -15 
  -22   -14   -14   -10   -10 
  -25     3    -9   -21   -13 
  -24    -6    12    30    -4 
   -3   -23   -19    -7    17 
   17   -15    -7    17   -11 
   -3   -27    -3    -3    21 
    6     2   -18   -26   -14 
  -17   -25   -21   -11    21 
  -24   -10   -12   -26   -20 
   -1     1    -1    -1     1 
    2     2    10    14    22 
   12    22     0     2     0 
   12     4    12    -4    20 
   23    27   -21    17   -11 
   13   -27     9    31   -13 
    0   -28     8    -8    -4 
  -28    -6   -16    10   -28 
   26     2    -6   -10    -2 
    3   -33    15    13    -3 
    7    -5    -1   -13    23 
   20   -14   -16    22    24 
  -31   -15   -11     3    19 
   14    -2    22   -10   -10 
    9     9   -15     1     9 
   19   -21     3    27    -5 
    7    -5    -1    11     3 
  -31    17   -11    19     3 
  -10   -26    -2    14   -18 
  -22   -30   -30    22   -18 
   -6   -14   -30   -30    10 
  -38    32    -2     4   -14 
   20   -38    16   -34   -20 
  -22   -18    18   -10   -38 
   10    -6   -30    18    10 
    6    -8   -22   -28   -22 
   30    22    14   -10    -2 
   15    -5    19    17    13 
   22   -38    22   -26    -6 
    2    -8   -34     8   -14 
  -26   -14   -34   -14    22 
  -26    -6    30   -30   -18 
    6     6    30     6   -34 
  -29    -1    35    -1    -5 
   26    32   -10     4    22 
    4    -2    24    30     0 
   34    -2    18   -14    22 
   -9    -9     3    37   -43 
    2    -2    18    26    14 
   29   -35   -27   -19   -27 
   24     6   -12     2   -12 
   33    21    17   -27    33 
  -16    18     4   -30    20 
  -16    -2   -20     2    32 
   18   -22    -6   -30    -6 
   24    16   -24    24     8 
   -6   -26    -6    30   -22 
   20    10     0   -34    24 
  -22    18   -22   -42   -26 
   14    10   -10    38    18 
    6    14     6   -30    -6 
   14    14   -18    22    22 
    6    28   -46     0   -30 
  -14    22    26   -10    26 
  -43   -15   -23   -21    11 
    5    29    49     7    31 
   30     4    42    36   -10 
  -46   -18    42     6     2 
   31   -41   -33    23    -5 
  -14   -46    18    34   -30 
   -6   -38   -30    38    30 
    6    10     6    34    14 
   28   -12    28     4     4 
   26   -10   -38    26    30 
   -8     6    20   -10    32 
  -30    -2   -46    22    34 
  -25    23    27    37    -3 
  -17    15    27   -11   -15 
   15   -25   -45    21   -27 
  -39    29    -3    47    -9 
   17    25    13    43     3 
  -38   -30    34   -42   -10 
  -22     2   -14    22    14 
  -11    37   -23    23   -13 
  -19   -15   -23    27    47 
    3   -49     7   -43   -35 
  -34    16   -30   -40   -18 
   36   -12    36   -40    40 
  -17     7   -25   -17    51 
   -5   -29   -13   -37    -1 
   21    13   -39    -1    47 
  -54    14    -6   -42    26 
   -8    14   -12    18     8 
   54     0   -30    12    22 
    9   -35     9    45   -39 
  -43   -11   -51   -35    -3 
  -18    42    30    42    30 
   -6    -4   -42   -24   -38 
   -9   -13   -29   -31    13 
   -4    48     4   -16    -4 
  -23   -35   -11    39    11 
   45   -31     1    35   -13 
  -28    18     0    18   -44 
   39    31    15   -33    23 
   27    19    31   -23   -11 
   42   -28    22   -20    14 
   36     2     0    30     8 
  -41    15    15    15    23 
   22   -34     6   -30   -22 
  -18   -46    30    50     6 
   23    51   -49    27    -5 
  -35    -7   -19    -7   -47 
   -9    39   -45    29    -3 
   24    28   -48   -20    48 
  -34     2   -42    46   -30 
  -12    24    12   -16    36 
  -48     6    44    30     8 
  -42   -26   -42    14    30 
   10    50   -54    30    38 
   -7   -11   -35    23   -29 
   -4    32   -44    40   -44 
    6    22    38    46   -34 
   20    44   -28    -4   -36 
   21   -23   -15    51    39 
   42   -22    18    -6    18 
   19    59   -41   -55     5 
   53     1    49    11    55 
   10   -14    50    34    42 
   45    13    53    29   -23 
   18   -18    42   -46    -2 
   42   -40   -42   -24   -30 
   47    43    27    33   -63 
   17   -31    -3    -5   -45 
    1    25   -35    35    -5 
   10    46    10   -14   -10 
   11    -1    31    53    25 
   12   -54    40    22    12 
   -6    42    42   -10    -2 
   62   -42     6     6   -10 
  -32   -12    24    -4     0 
   -4   -42     0    -6    60 
  -14   -32   -26    16     6 
  -32   -56   -32   -16   -56 
  -46   -62     2    26    58 
   10   -24   -10   -36    22 
   -1   -21    23    27    31 
  -62    44   -10   -40   -18 
   -6   -20     6   -36     6 
   10   -46    18   -42    14 
   40     6    36   -54   -20 
   18   -24   -18   -24   -14 
   -4    46    32    38    20 
  -51   -47     5   -23     5 
   30    14    46    34    34 
