2 0
200
   -1     1 
    0    24 
    9     3 
    1     1 
    4 1     1 0 
    8    24 
  147 22   -32 115 
    1 0     1 0 
  396 360  -180 198 
    3 2     2 1 
   -4     6 
    0     0 
    0     0 

   -1    -1 
    1     1 
   -1    -1 
    1    -1 

    0     0 
   -3     3 
   -3     3 
    0     0 
    1     1 
   -4    -4 
   -3     3 
   -1     1 
   -3     3 
    0     0 
   -4    -4 
    8     8 
    9    -9 
   -6     6 
   -1    -1 
   -9     9 
    6    -6 
   -1    -1 
    8     8 
  -10   -10 
    2     2 
   15   -15 
    6    -6 
    8     8 
  -16   -16 
  -12    12 
   12   -12 
    5     5 
    2     2 
   -6     6 
  -15    15 
   17    17 
    9    -9 
    0     0 
  -12    12 
  -15    15 
   23    23 
   17    17 
   12   -12 
   -6     6 
    2     2 
    2     2 
   23    23 
    5     5 
  -18    18 
    6    -6 
   17    17 
  -10   -10 
  -18    18 
   18   -18 
   -1    -1 
   11    11 
  -15    15 
   -3     3 
    0     0 
   30   -30 
   17    17 
   32    32 
    6    -6 
  -15    15 
  -21    21 
  -18    18 
  -28   -28 
  -19   -19 
  -18    18 
   -6     6 
  -22   -22 
   32    32 
   17    17 
   20    20 
   -9     9 
  -12    12 
    2     2 
   -4    -4 
   20    20 
   39   -39 
   -6     6 
   -1    -1 
   11    11 
  -21    21 
   30   -30 
  -31   -31 
  -34   -34 
   -4    -4 
   11    11 
  -16   -16 
   14    14 
  -15    15 
   27   -27 
  -10   -10 
  -28   -28 
    6    -6 
   27   -27 
   24   -24 
    3    -3 
  -12    12 
   39   -39 
  -10   -10 
  -25   -25 
   -7    -7 
   -6     6 
   -6     6 
    0     0 
    0     0 
    8     8 
   23    23 
  -18    18 
  -33    33 
  -10   -10 
  -34   -34 
  -10   -10 
   26    26 
   36   -36 
  -18    18 
   39   -39 
    6    -6 
   24   -24 
    3    -3 
   -4    -4 
    5     5 
  -34   -34 
    2     2 
   27   -27 
    6    -6 
  -15    15 
   21   -21 
  -46   -46 
    2     2 
  -13   -13 
  -34   -34 
   17    17 
  -43   -43 
   30   -30 
   -6     6 
  -43   -43 
  -40   -40 
   33   -33 
  -36    36 
   18   -18 
   54   -54 
   -6     6 
  -48    48 
  -24    24 
   42   -42 
  -10   -10 
   -4    -4 
  -16   -16 
   44    44 
   48   -48 
  -27    27 
   32    32 
   56    56 
   18   -18 
   -3     3 
   -6     6 
   36   -36 
  -25   -25 
  -43   -43 
    0     0 
   30   -30 
   45   -45 
   -6     6 
   38    38 
   51   -51 
   12   -12 
    5     5 
   26    26 
  -58   -58 
  -10   -10 
  -48    48 
   -6     6 
  -58   -58 
    2     2 
   59    59 
   38    38 
  -30    30 
   -6     6 
  -27    27 
  -39    39 
    8     8 
  -52   -52 
   44    44 
  -22   -22 
   42   -42 
   48   -48 
   18   -18 
  -33    33 
  -58   -58 
  -34   -34 
   50    50 
  -49   -49 
  -52   -52 
  -37   -37 
  -45    45 
    0     0 
  -48    48 
   -6     6 
  -46   -46 
  -31   -31 
   14    14 
