6 0
100
   -1    -1    -1    -1     1     1 
    0     0     0     0  -384  -192 
   16    16    12    16    16     8 
    1     1     1     1     1     1 
    4 1     4 1     1 4     4 1     1 0     1 0 
   96    96    96    96  -384  -192 
   -9 46    -9 46    -9 46    -9 46    -9 46    -9 46 
    1 0     1 0     1 0     1 0     1 0     1 0 
 -120 120  -120 120  -120 120  -120 120  -120 120  -120 120 
    3 2     3 2     3 2     3 2     3 2     3 2 
  -18    -6    -6    -6   -18   -30 

    1     1    -1    -1     1     1 
    1     1     1    -1    -1    -1 
    1     1    -1     1    -1    -1 
    1     1     1     1    -1    -1 

    0     0     0     0     0     0 
   -1    -1    -1     1     1     1 
   -1    -1     1    -1     1     1 
   -1    -1    -1    -1     1     1 
   -2    -2     2    -2    -2     6 
   -2    -2    -2     2     6    -2 
   -2     6    -2    -6     2     2 
    6    -2    -6    -2     2     2 
    6    -2   -10    -6     6    -2 
   -2     6    -6   -10    -2     6 
   -2   -10    -2    10     6   -10 
  -10    -2    10    -2   -10     6 
  -10     6    -6     2    -6    -6 
    6   -10     2    -6    -6    -6 
    6     6     6     6    10    10 
  -14    -6    -6    -2     6    -2 
   -6   -14    -2    -6    -2     6 
  -14    10     2     2    -2   -10 
   10   -14     2     2   -10    -2 
  -14    10   -10   -10     2    -6 
   10   -14   -10   -10    -6     2 
   -6    -6   -10   -10     2   -14 
   -6    -6   -10   -10   -14     2 
    2    10   -10    14   -14    10 
   10     2    14   -10    10   -14 
   -2   -10    -6     6   -10    14 
  -10    -2     6    -6    14   -10 
   10     2     2   -14    14   -10 
    2    10   -14     2   -10    14 
   14   -18     6   -14     2    -6 
  -18    14   -14     6    -6     2 
   -6    -6    -6    -6    10    10 
  -18   -18    10    14     2    -6 
  -18   -18    14    10    -6     2 
   -6    10    14    18    22     6 
   10    -6    18    14     6    22 
  -10    -2     2    -2    -2    -2 
   -2   -10    -2     2    -2    -2 
   -6    -6    14   -14   -18   -18 
   -6    -6   -14    14   -18   -18 
   22   -26   -10    -2     6    22 
  -26    22    -2   -10    22     6 
    2    10    22   -26    18    -6 
   10     2   -26    22    -6    18 
   -6    18   -14    22     6   -18 
   18    -6    22   -14   -18     6 
    6     6     6    22   -10     6 
    6     6    22     6     6   -10 
   14   -10   -14   -10    -6    -6 
  -10    14   -10   -14    -6    -6 
  -10   -10    -2    14   -14    18 
  -10   -10    14    -2    18   -14 
  -18   -18    18     6   -22    18 
  -18   -18     6    18    18   -22 
   18     2    18   -10    -2   -18 
    2    18   -10    18   -18    -2 
    6   -18   -30   -10    22   -10 
  -18     6   -10   -30   -10    22 
   22   -26   -18     6    26    26 
  -26    22     6   -18    26    26 
   -6    -6    10   -26     6    22 
   -6    -6   -26    10    22     6 
  -14    34     2    10   -22    10 
   34   -14    10     2    10   -22 
   -6   -14    22    18    22    -2 
  -14    -6    18    22    -2    22 
   26    10    26     2     2     2 
   10    26     2    26     2     2 
   -2    14   -26    -2    -2   -34 
   14    -2    -2   -26   -34    -2 
   30   -18   -14    14   -22   -14 
  -18    30    14   -14   -14   -22 
   26    26    10    10    10    10 
  -10    14     2    14    38    22 
   14   -10    14     2    22    38 
   -6    -6   -30    30   -26     6 
   -6    -6    30   -30     6   -26 
  -18    30     6    18    22    30 
   30   -18    18     6    30    22 
   -6    -6   -26    22   -38    -6 
   -6    -6    22   -26    -6   -38 
   -2    14    22   -26   -30   -14 
   14    -2   -26    22   -14   -30 
    2   -22   -22     2   -34     6 
  -22     2     2   -22     6   -34 
   34    26   -34    14    10   -30 
   26    34    14   -34   -30    10 
   14   -18   -26    30     2   -30 
  -18    14    30   -26   -30     2 
  -22    10   -22   -38    42    10 
   10   -22   -38   -22    10    42 
   14   -26   -42    18   -10   -18 
  -26    14    18   -42   -18   -10 
   14     6   -38     6    30   -42 
    6    14     6   -38   -42    30 
  -22    -6    18   -38    10   -38 
   -6   -22   -38    18   -38    10 
    6     6   -26   -26   -22   -22 
   30    30    -2     6    30   -34 
   30    30     6    -2   -34    30 
