2 0
200
    1    -1 
    0     0 
   14     8 
    1     1 
    3 0     8 3 
   16    32 
   -3 -90  -209 -34 
    0 1     2 0 
 -270 10  -280 -260 
    3 0     3 2 
    2    -3 
    0     0 
    0     0 

   -1     1 
   -1    -1 
   -1     1 
    1    -1 

    0     0 
    1     1 
    0     0 
   -4     2 
   -5    -2 
   -5     6 
   -4    -6 
   -8     2 
   -9    -2 
    0    -6 
   -5    -2 
    6   -10 
   -5    -2 
   -5    -2 
    1   -10 
   -8     6 
  -10    10 
   -5    -2 
   14    -2 
  -14    -2 
   -1     1 
   13    -6 
    7    -6 
    2     2 
   16   -14 
    9   -18 
    0    -6 
   -6    14 
  -14    -2 
    1   -10 
    3    18 
   -8   -14 
  -16     2 
   18     6 
    3   -10 
  -21    -2 
  -18    22 
   11   -18 
  -16    -6 
   -1     6 
   -8     2 
    2   -22 
   19     2 
  -13    22 
   -5   -10 
  -11   -10 
   -8   -14 
   13    30 
  -21    -6 
    6   -18 
    0   -14 
   23     6 
   25   -30 
    2    26 
    4   -18 
    0    -2 
  -16   -10 
  -14    -6 
  -30     2 
    9    30 
   11   -18 
    6    18 
  -16    -6 
    0    26 
  -32   -22 
   -6    -2 
   22   -14 
  -28    18 
   22    18 
   26   -22 
   21    18 
   -2    34 
  -15    -6 
  -22   -10 
  -26   -22 
  -37     6 
  -10    30 
   19     6 
   34    18 
  -22   -22 
   28   -22 
  -14   -10 
   40   -22 
  -20    22 
   17    30 
   -6   -22 
    6    10 
  -10     6 
  -34   -14 
  -22   -14 
    6    -6 
   21   -10 
  -22    14 
   26    18 
  -12    26 
   14    -6 
   -3    10 
    2   -22 
    6   -38 
  -38    30 
  -14    42 
  -11    14 
  -18   -34 
    8    10 
   16   -38 
   -2    10 
    1   -46 
  -26    -6 
  -22    30 
  -34   -30 
  -17     6 
  -14   -10 
   23    42 
  -33     6 
  -15    30 
  -30    -2 
  -38   -18 
  -24   -38 
  -40   -10 
  -10   -10 
  -41    38 
  -34    26 
   18   -18 
  -33   -42 
   16    30 
   10   -26 
   28    10 
  -37   -26 
  -41    22 
  -36   -54 
   47    38 
  -26   -14 
   21    -6 
   16     2 
  -10    42 
   23    18 
   36    34 
   48     6 
   -6    30 
  -46    -2 
  -30    50 
  -14   -54 
   24   -10 
   48    22 
   26    -2 
  -35   -10 
  -42    10 
   17    38 
   30   -46 
    3    14 
   27    14 
   -2    14 
   30   -46 
   26    22 
   -6    42 
   42    30 
  -10    50 
   41   -38 
   10    50 
    4   -30 
  -34    34 
   38    -6 
    4    10 
  -13   -30 
  -33    22 
   17    46 
   -2    38 
    2    34 
    4   -22 
  -33   -42 
  -24   -42 
    5   -18 
   -7    14 
   54    -6 
   19    22 
   14    42 
  -44   -30 
  -42    42 
    6    54 
    8   -50 
    5   -42 
   25   -26 
  -36   -26 
  -62    30 
   -8    10 
   46   -26 
   60    50 
  -26    -6 
   64    -2 
   34   -38 
  -19   -10 
  -54     6 
   29    18 
    6    30 
  -63   -18 
   48   -46 
   21    14 
  -67   -42 
  -20   -22 
   14    -2 
