16 6
25
    1     1    -1     1    -1    -1    -1    -1     1     1    -1    -1    -1    -1    -1     1 
  -56     0     0   -24     0     0     0     0    48    48     0     0     0     0     0  -192 
   14    12     8     6    14    14    14    12    12    12    10     8     8     8     8     6 
    1     1     1     1     1     1     1     1     1     1     1     1     1     1     1     1 
    1 0     4 1     3 0     1 0     7 0     3 0     7 0     3 0     1 0     1 0     3 0     3 0     3 0     3 0     3 0     1 0 
  -56    64     8   -24   192    24    32    24    48    48    16    24     8    32    32  -192 
 -113 60    51 -94  -113 60  -113 60    51 -94  -113 60    51 -94  -113 60  -113 60  -113 60  -113 60  -113 60  -113 60  -113 60  -113 60  -113 60 
    0 1     1 0     0 1     0 1     1 0     0 1     1 0     0 1     0 1     0 1     0 1     0 1     0 1     0 1     0 1     0 1 
  180 340   340 -180   180 340   180 340   340 -180   180 340   340 -180   180 340   180 340   180 340   180 340   180 340   180 340   180 340   180 340   180 340 
    3 0     3 2     3 0     3 0     3 2     3 0     3 2     3 0     3 0     3 0     3 0     3 0     3 0     3 0     3 0     3 0 
   -7    -3     1    -3    -3    -3     1     3     6     6     2     3     1     4     4   -24 

    1     1     1    -1     1     1     1     1     1    -1    -1     1     1     1     1    -1 
    1     1    -1    -1     1     1    -1    -1     1     1     1    -1     1     1    -1     1 
    1     1     1     1    -1    -1    -1    -1    -1    -1    -1    -1    -1    -1    -1    -1 
   -1    -1    -1    -1    -1    -1     1     1     1    -1     1     1    -1    -1     1    -1 

    0     0     0     0     0     0     0     0     0     0     0     0     0     0     0     0 
    0     0     0     0     0     0     0     0     0     0     0     0     0     0     0     0 
   -1    -1    -1    -1     1     1     1     1     1     1     1     1     1     1     1     1 
   -4    -2     2     4    -4    -4    -4    -2    -2    -2     0     2     2     2     2     4 
    4    -6    -2     2    -2    -2     0     2     2     6     0    -6    -2     4     4     6 
    2    -2    -2    -3    -4     5    -2    -3     2    -5    -6     1    -1    -4    -4     4 
    0    -6    -8    -1     0     3     2     3    -2    -3     0    -5    -3    -6     0     0 
   -6    -2     0    -5     0    -3    -4     3    -2    -3     6     3    -3     0    -2     0 
    6    -2     6    -3     6     9    10     1     6     9     6     5    -3    -6   -10     6 
    0   -10     0    10     6    -6    -6     4    -6     4    -8    -8     0     0     2    -2 
   10    -6    -6     2    -2    -2    -2     8    -2    -8   -10     4     4    10    -6    -2 
    1     1     1     1     1     1    -1    -1    -1     1    -1    -1     1     1    -1     1 
    6     6     6     5     6    -9     2    -3     2    -3    -6     5    -3    -6    10     6 
   -6   -10    10     7    -6    -3     6    -5    10     3    -2     3     3     6    -2    -6 
    4   -10    -2    -2    -2    10     8   -10   -10     2     4     6    10    -8    -4   -10 
   -6     6     2    -6    12    -6    10   -10    10    10    -6   -10    -6   -12     0     4 
    6    -6     6    -4    -6   -12    -6   -12    -2    12    10   -12    12    -6    -2    -6 
  -14   -14    12     4     4     4     0   -12    -2    -8    10     4    -8    -8    -6     4 
   -2     2    -6     1    -2     7   -10   -11    14    13     2     1     1    -2     6    -2 
   -4     2     0    -3   -16    -7     6    -7    -2    -9     4    -7    -1    14   -12     0 
   -2     6     2   -14    -2    -2   -10    14    14    -2     6   -10    -2    -2    10    -2 
    6    -6     6     3     6     3   -14    -1    -6    -9   -10    15    -9   -18   -10     6 
   18    -6    -6    16   -12     0    -6    -6    -6    14   -18   -18    -6     0    -8    -4 
   -2    14   -10     2    10    -2   -14     8    -2    12     6   -12    -8    10    -2    -6 
    2     2    -6    10     2     2    14    16   -14    -4    10    12     8     2   -18     2 
