3 2
25
    1     1     1 
   60    48   -44 
    5    12    11 
    1     1     1 
    1 0     1 0     1 0 
   60    48   -44 
  -43 -80   -43 -80   -43 -80 
    0 1     0 1     0 1 
 -240 130  -240 130  -240 130 
    3 0     3 0     3 0 
    4     6    -4 

   -1    -1    -1 
    1    -1     1 
    1    -1    -1 
    1     1    -1 

    0     0     0 
    0     0     0 
   -1     1     1 
    5    -2    -1 
    0     2     0 
    2    -2     2 
    2     6    -2 
    3     4     3 
   -8     6    -4 
   -2     6     2 
   -3     0     9 
   -8     6     4 
    9     2     3 
    8     6    -8 
   -8    10     4 
    6    -2     6 
   -5    -4    -1 
    8    -2     8 
   12     6     0 
  -14     4    -2 
    0    10    12 
    9    10     9 
  -12     6     0 
   -2     0    -2 
    7     8   -11 
