1 0
200
    1 
    8 
    1 
    1 
    1 0 
    8 
  -16 192 
    0 -1 
 -176 -209 
    1 1 
    8 

   -1 
    1 

    2 
   -3 
    3 
    1 
   -4 
    4 
    0 
    8 
   -2 
   -6 
   11 
   11 
    0 
   -6 
  -10 
    2 
    6 
   10 
    8 
  -16 
    4 
    5 
   -9 
    3 
    7 
    0 
   18 
    4 
  -12 
   19 
    3 
    1 
  -19 
   -3 
    8 
  -18 
   17 
    9 
    6 
   18 
   19 
   -3 
   -4 
   12 
   -8 
    0 
    9 
  -19 
    6 
  -20 
   10 
  -14 
   -2 
   18 
   10 
   10 
   26 
   28 
  -24 
    6 
    6 
  -18 
  -15 
  -31 
    5 
   27 
    8 
  -22 
  -24 
   22 
   27 
   21 
   -2 
    4 
   24 
  -19 
  -13 
    2 
   18 
   22 
   -2 
  -24 
  -32 
  -22 
   22 
  -19 
  -13 
    7 
   33 
   -2 
   -8 
    0 
    6 
  -21 
    5 
   11 
    5 
   -3 
   14 
   42 
   -8 
  -42 
  -10 
   34 
  -25 
   21 
  -24 
   34 
  -14 
  -26 
   30 
   34 
    6 
   -1 
   11 
   25 
   -1 
   23 
   -5 
   39 
   48 
   -2 
   38 
  -42 
   14 
    8 
  -19 
  -25 
   48 
   14 
   38 
    2 
  -16 
  -12 
  -24 
    8 
   -6 
   30 
  -33 
  -51 
   30 
  -30 
   -6 
   46 
  -31 
  -53 
   20 
   10 
  -18 
  -14 
   50 
  -58 
   -7 
  -37 
    6 
   50 
  -28 
   50 
  -10 
  -42 
   50 
  -46 
  -57 
  -33 
   -3 
   60 
   18 
  -10 
  -30 
  -21 
  -29 
   14 
  -22 
   -2 
  -26 
    3 
    9 
  -19 
   -9 
  -52 
  -12 
   31 
   25 
  -50 
   64 
  -42 
  -54 
   16 
   -2 
  -10 
  -64 
   41 
   -7 
   18 
  -34 
    7 
  -17 
   52 
   58 
  -53 
