1 0
200
    1 
   -8 
    2 
    1 
    1 0 
   -8 
 -112 157 
    0 -1 
  -45 -270 
    1 1 
   -8 
    0 
    0 

    1 
    1 
    1 
   -1 

    1 
   -1 
   -1 
    0 
    6 
   -2 
    6 
   -2 
    2 
   10 
    6 
    1 
    6 
  -10 
   10 
   -6 
   -6 
   14 
   -2 
    2 
   -6 
    6 
    6 
  -14 
    2 
   18 
   18 
   -2 
  -18 
    6 
   -2 
   -6 
    6 
  -18 
   -6 
   -6 
   -2 
  -10 
   -6 
  -14 
   -2 
  -18 
   18 
    2 
   -6 
   18 
    6 
  -10 
    6 
  -18 
   18 
  -22 
   14 
    6 
   18 
  -14 
    6 
   30 
   14 
    6 
   26 
   -6 
   10 
   -6 
   26 
    2 
    2 
   -6 
  -26 
   22 
  -18 
   14 
   -6 
  -10 
   14 
   -6 
   -6 
   -2 
   -2 
   14 
  -18 
   10 
  -30 
    6 
    6 
   -6 
    2 
  -18 
    6 
   26 
   26 
  -38 
    2 
  -30 
   34 
  -10 
   22 
  -14 
    6 
   -2 
   -6 
    2 
  -26 
   30 
   -6 
   18 
   14 
   30 
    2 
    2 
  -26 
   38 
   22 
  -10 
    6 
  -26 
   18 
  -30 
   38 
  -10 
    2 
   34 
   18 
  -38 
    2 
    2 
   14 
  -42 
   -2 
   -2 
   22 
  -10 
    6 
   38 
    2 
  -14 
  -14 
   26 
    2 
  -38 
   22 
  -10 
  -54 
   10 
   30 
   -2 
    6 
  -42 
   54 
  -58 
   38 
   46 
   54 
  -26 
  -18 
  -18 
   18 
   26 
   -6 
  -54 
   38 
  -58 
   50 
   30 
   30 
   38 
   38 
   34 
  -14 
   26 
  -54 
   -2 
  -10 
   -6 
   26 
   54 
  -26 
  -46 
  -14 
  -50 
   14 
  -34 
  -10 
  -42 
    6 
   42 
   10 
   46 
  -50 
  -22 
   66 
   10 
  -46 
  -30 
  -30 
  -26 
  -50 
   34 
   58 
   30 
