2 2
100
    1    -1 
 7600     0 
   10     6 
    1     1 
    1 0     3 0 
 7600  1520 
  -37 10    23 34 
    1 0     0 1 
  -85 -17   102 -68 
    2 1     3 0 
 1900   190 

    1     1 
   -1    -1 
    1    -1 
    1     1 

   -1    -1 
   -4     0 
    0     0 
    2    -2 
    1     1 
   -2     2 
   -1     1 
   -1    -1 
    0    -6 
    8     0 
  -12     2 
    0     2 
  -10    -6 
   10   -12 
   14   -10 
   10    -6 
    2     6 
   -8     8 
   -8   -10 
   -2    -4 
    2     2 
    6    18 
   -2    -6 
   -6     8 
  -10   -10 
    6     6 
   14     6 
    4   -10 
   16    14 
   14   -12 
  -10     0 
   10     2 
  -22    -6 
   10    -6 
    6    -6 
   14    18 
   22    14 
   14    14 
   12     0 
    4     6 
   16   -22 
   16    20 
  -14   -16 
   -2   -10 
    8   -18 
    4    18 
   10     2 
   10     2 
  -18   -24 
  -10   -12 
  -18    14 
   26    -4 
   18   -18 
    2   -18 
   16   -12 
   24     6 
    8   -22 
  -16     8 
  -10   -18 
    6    -6 
  -18     6 
   14    -6 
   10     8 
  -30    32 
   -4    12 
   24   -24 
    6    -4 
    6    20 
   10     2 
   34   -22 
   30    -6 
    6   -30 
   -6   -10 
   14   -34 
  -26   -10 
   18    -6 
   18    30 
    8    20 
  -12    -4 
  -38    36 
    6    -6 
  -10    26 
  -18   -22 
  -10    14 
  -34   -10 
   30   -10 
  -34   -34 
   34   -36 
   30   -30 
  -26   -10 
  -42    26 
   18    18 
    2    18 
  -34   -18 
  -18    30 
    2     0 
   -6     0 
   14    26 
    0   -34 
  -36     2 
