1 0
200
    1 
   48 
    4 
    1 
    1 0 
   48 
  122 17 
    1 0 
   87 261 
    1 2 
   12 
    0 
    0 

   -1 
   -1 
    1 
   -1 
    1 

    1 
    1 
    2 
   -1 
    6 
    6 
   -2 
    4 
    1 
   -1 
   -2 
    2 
    2 
   10 
    2 
   10 
    0 
  -10 
   -2 
    8 
   14 
  -14 
  -10 
   -6 
   -8 
  -12 
    2 
  -16 
   18 
  -18 
   -6 
   -6 
    2 
  -12 
  -22 
  -16 
  -22 
   -2 
   -6 
   18 
    2 
    6 
  -14 
   14 
  -24 
   -6 
   -8 
   10 
    6 
   16 
    0 
   -8 
    8 
  -22 
    2 
  -28 
  -20 
   22 
  -10 
   30 
    6 
   14 
  -34 
    8 
   -6 
  -18 
   -8 
    6 
   24 
  -30 
  -24 
    6 
    6 
  -22 
   16 
   10 
   -6 
   26 
  -22 
   20 
   -4 
  -18 
   32 
  -28 
   10 
   30 
    2 
    0 
  -30 
   28 
   26 
   -2 
  -12 
  -10 
    6 
   -6 
  -10 
    2 
  -34 
  -18 
    6 
  -18 
   18 
   38 
    2 
   -2 
   16 
   42 
   -2 
  -46 
   -6 
    6 
  -10 
   -6 
  -40 
  -42 
   22 
   14 
  -38 
   18 
   14 
  -24 
  -34 
   -6 
    4 
    2 
   32 
   10 
  -42 
   46 
   34 
  -42 
   18 
   34 
   34 
   -8 
   -2 
   42 
   -2 
    6 
   26 
    0 
   44 
  -14 
   34 
   -6 
  -54 
  -22 
  -16 
  -38 
   18 
  -44 
   58 
  -18 
    6 
    6 
   34 
  -22 
   30 
   16 
   30 
   54 
   20 
   18 
   54 
    8 
   -4 
   38 
   14 
   14 
  -42 
  -26 
   50 
   26 
   58 
   58 
   54 
  -14 
  -42 
  -42 
    0 
  -34 
   10 
   42 
  -42 
  -34 
  -36 
   14 
  -38 
   16 
  -46 
   26 
   26 
  -14 
   50 
   54 
  -28 
   20 
   46 
   26 
