1 2
200
    1 
    0 
    4 
    1 
    7 0 
  224 
   23 -65 
    0 1 
 -260 -91 
    4 0 
   28 
    0 
    0 

   -1 
    1 
    1 

   -1 
   -2 
   -2 
    2 
    1 
   -1 
    3 
   -8 
   -5 
  -10 
    1 
    4 
   -2 
    0 
   -6 
   -8 
    0 
   -7 
   -2 
   -4 
   -7 
   16 
   -4 
  -13 
  -18 
   -8 
   12 
    4 
  -11 
   -9 
  -14 
  -17 
  -19 
    5 
    6 
  -10 
   -3 
    0 
   21 
    0 
   -6 
  -20 
   16 
    4 
   19 
  -15 
   16 
   -6 
  -24 
    3 
   22 
    1 
  -27 
   20 
   -2 
  -27 
  -19 
    8 
    8 
   33 
   -8 
  -18 
  -19 
   30 
   12 
   -5 
  -20 
  -18 
    0 
  -20 
  -11 
   12 
   -4 
  -13 
   24 
    7 
   26 
  -10 
   -8 
   17 
   16 
  -14 
  -18 
  -10 
    9 
    5 
   -6 
   -1 
   14 
   28 
  -30 
   27 
  -10 
  -36 
   35 
   -3 
  -10 
  -17 
    7 
   11 
   19 
   -6 
   -6 
   42 
   38 
   15 
  -36 
    6 
  -10 
  -31 
   16 
   20 
   18 
   14 
  -35 
  -30 
  -36 
  -26 
  -18 
  -25 
    6 
   -8 
  -48 
  -48 
   12 
    6 
  -24 
    3 
   19 
   -2 
  -48 
    8 
   42 
   21 
   26 
   -9 
  -45 
    6 
  -38 
  -25 
  -22 
   12 
    0 
  -36 
   49 
   -4 
  -39 
    2 
  -32 
   48 
   14 
  -13 
   54 
  -33 
   12 
  -21 
  -13 
  -29 
  -44 
  -27 
   -6 
  -33 
   22 
  -38 
    3 
  -22 
   22 
   41 
   23 
  -27 
   23 
  -38 
  -58 
  -62 
  -42 
  -38 
   53 
    9 
   22 
   34 
  -17 
   -6 
    0 
   43 
  -58 
   -2 
  -18 
  -19 
  -58 
   26 
   53 
    0 
   16 
  -14 
   37 
   58 
   -2 
   13 
    2 
   48 
