7 11
25
   -1    -1     1    -1    -1     1     1 
    0     0    40     0     0   -16     8 
   10     7     5     5     4     4     2 
    1     1     1     1     1     1     1 
    4 1     4 1     1 0     4 1     4 1     1 0     1 0 
    8     8    40    40    16   -16     8 
 -105 -26  -214 33   -50 -113  -105 -26  -105 -26   -50 -113   -50 -113 
    1 0     2 0     1 0     1 0     1 0     1 0     1 0 
 -264 -288  -264 -288    12 -276  -264 -288  -264 -288    12 -276    12 -276 
    3 2     2 3     2 1     3 2     3 2     2 1     2 1 
   -1     1    10    -4    -3    -4     2 

    1    -1     1    -1     1     1    -1 
    1    -1    -1    -1     1    -1     1 
   -1    -1     1     1     1    -1     1 
   -1    -1     1     1     1    -1     1 

    0     0     0     0     0     0     0 
   -4    -1     1     1     2     2     4 
   -1     1     1     1    -1     1    -1 
    1     1    -1    -1    -1     1    -1 
    2    -1    -5    -1    -2    -2     2 
   -6     4     4     4     6    -6     4 
   -4     1     3     7    -2    -6    -2 
    6    -2     2    -6     2     2    -6 
   -6    -9    -5     3     2     6     6 
    0    -6    10    -6    -6    -6     0 
    2   -10    -6    -6   -10     2     0 
   -6     1     7     3    -6     6     6 
   -2     6    10    -6    -2     6    12 
   10     4     0     0     6    -6     6 
  -10    -8     8    -8     2    10    -2 
    1     1    -1    -1    -1     1    -1 
   -4     3    -1    -1     2    -6    -4 
    6    13    11    -1    -6   -10    14 
    8    10     6   -10    -2    14     2 
  -12     4     8     8    -6    -2     8 
    0   -16     4    -4    -6     6   -16 
    0   -11    -3     1   -10   -14    -2 
    0     3    -5    -1     6    -6     2 
    4    12   -16    -8     2    14    -8 
    2    -7     3     3    14     2     6 
