1 0
200
   -1 
    0 
    5 
    1 
    5 4 
   80 
 -141 60 
    1 0 
 -544 -102 
    3 2 
  -34 
    0 
    0 

    1 
    1 
    1 
    1 

   -2 
   -1 
    2 
    2 
   -4 
    6 
   -1 
   -1 
    2 
   -2 
   -4 
   -2 
    2 
   10 
    4 
   -1 
    0 
    0 
   -4 
   10 
  -14 
    2 
  -10 
   16 
   -2 
    2 
    6 
    0 
  -12 
  -18 
  -14 
    6 
  -12 
  -22 
  -10 
  -14 
  -10 
  -18 
  -14 
  -14 
    2 
   -6 
  -12 
  -26 
   -6 
   -8 
  -14 
   -6 
    8 
    6 
  -22 
   16 
    2 
    6 
   14 
   32 
  -10 
   24 
   32 
  -12 
    6 
   -6 
   16 
    6 
   20 
  -18 
    8 
  -30 
   30 
  -10 
   -2 
   18 
   34 
  -22 
   -2 
  -26 
   24 
    2 
    4 
  -18 
  -14 
    4 
  -28 
  -26 
    8 
  -30 
    4 
    6 
    4 
  -10 
   38 
   -2 
   34 
   -6 
   -2 
  -14 
   38 
   26 
   30 
   14 
   14 
   18 
    0 
   30 
  -46 
  -38 
  -12 
   -6 
   12 
  -40 
   38 
   42 
    2 
   22 
    0 
  -24 
  -38 
  -26 
   -2 
   14 
   -6 
  -10 
  -28 
   18 
  -24 
  -50 
   22 
  -26 
  -14 
  -20 
  -26 
   44 
  -38 
  -22 
  -10 
    2 
   18 
   14 
   26 
   12 
    6 
  -38 
  -42 
   -6 
  -24 
   30 
  -16 
  -18 
   32 
   54 
  -10 
   14 
   48 
    0 
  -46 
  -40 
  -26 
  -36 
  -14 
   30 
  -58 
   26 
   -2 
   52 
    6 
   10 
  -18 
   58 
   38 
  -30 
  -42 
  -30 
   18 
   14 
  -14 
  -18 
   42 
    2 
   58 
  -18 
   38 
  -66 
   26 
   10 
   28 
   30 
   10 
  -24 
   18 
   -4 
   34 
  -62 
  -16 
   10 
   -2 
    0 
   54 
  -26 
   30 
  -38 
