3 0
25
    1    -1    -1 
 9536     0     0 
    8     8    16 
    1     1     1 
    1 0     7 0     7 0 
 9536  7152 11920 
  -83 40   211 -54   211 -54 
    0 1     2 0     2 0 
  120 250   370 130   370 130 
    3 0     3 2     3 2 
 1192   298   298 

   -1    -1    -1 
    1     1    -1 
   -1    -1     1 
   -1     1     1 

    0     0     0 
   -1    -1     1 
    1     1    -1 
    2     2    -6 
   -6     4    -4 
   -6    -2     6 
    4    -6    -8 
   -2     0    -4 
    2    -6     6 
   -2     2     2 
   -2     4     0 
   10    -6    -2 
    2    -6     6 
    2    -6    -6 
  -12    -4    10 
   -2     6    10 
    6    -4     0 
   -8    -4    10 
   -2   -10     2 
   -6    10     2 
   10    16     8 
   -6    -2     6 
   14    18    14 
  -14     6    -2 
    0     6   -16 
