1 0
200
   -1 
    0 
   12 
    1 
    3 0 
    8 
   17 -130 
    0 1 
 -390 -50 
    3 0 
   -1 

   -1 
   -1 
    1 
    1 

    0 
    1 
   -1 
   -2 
    5 
    2 
   -3 
    3 
   -6 
   -3 
  -10 
   -4 
    6 
    3 
  -10 
   -9 
    6 
    5 
   -1 
   -7 
    2 
    6 
   15 
    8 
    8 
    9 
  -18 
    8 
   -7 
    6 
   -6 
  -10 
  -18 
   12 
  -18 
  -18 
   -7 
  -22 
    0 
   -6 
   -7 
  -13 
  -10 
   14 
    9 
   -3 
   20 
    5 
  -15 
   -6 
   -4 
  -28 
    6 
    6 
  -21 
   18 
   14 
  -16 
    6 
    3 
   -6 
  -18 
  -13 
   29 
   30 
    6 
  -22 
    2 
  -10 
   26 
  -24 
  -21 
   32 
   -7 
   11 
   33 
    3 
    8 
   29 
   30 
  -21 
   14 
   11 
  -22 
  -22 
  -16 
   26 
   -9 
   30 
  -22 
  -10 
    0 
    6 
    6 
    6 
  -45 
   -6 
   20 
  -10 
  -25 
  -12 
  -12 
  -36 
   15 
  -34 
  -28 
   30 
  -24 
    8 
  -10 
   26 
   38 
  -27 
  -18 
   -6 
  -15 
   -6 
   -9 
   14 
   38 
  -16 
   38 
  -36 
   24 
   36 
  -33 
  -10 
   20 
   23 
   41 
   35 
  -25 
   -9 
   -6 
  -13 
  -49 
   -1 
   -9 
    0 
   24 
  -18 
  -54 
   21 
   42 
   50 
  -22 
  -34 
   17 
  -51 
  -45 
  -10 
  -22 
   33 
  -18 
   39 
  -15 
   -7 
  -52 
  -15 
   48 
  -15 
  -12 
  -22 
  -33 
   30 
   14 
   17 
  -34 
   35 
  -24 
   -6 
  -58 
   32 
   17 
   -1 
   57 
   45 
   -6 
  -42 
  -46 
  -28 
   -4 
   29 
  -33 
  -57 
   24 
   18 
  -52 
   38 
  -58 
   14 
   20 
   38 
   63 
  -30 
   33 
    6 
  -34 
   14 
   44 
