3 0
200
    1     1     1 
    0    48     0 
    6     6     8 
    1     1     1 
    4 1     1 0     4 1 
   16    48    16 
   27 -62   -23 122    27 -62 
    1 0     1 0     1 0 
  169 -221  -169 221   169 -221 
    4 1     2 1     4 1 
    2    12     2 
    0     0     0 
    0     0     0 

    1     1    -1 
   -1    -1    -1 
   -1    -1    -1 
   -1    -1     1 

   -1    -1     1 
    0     0    -2 
   -3     0    -3 
   -2     1    -4 
    1     1     1 
    1     1     1 
   -3    -6    -1 
   -3     0    -5 
    0     6   -10 
   -6     9    -6 
   -7     2    -5 
    2     2   -10 
   -9     0    -5 
    0    -3     0 
    2    -4     4 
  -12    -6    14 
   -9     6    -9 
  -10     8    -4 
  -13   -10    -1 
   -4     2   -10 
  -10    11   -10 
    6    -9     6 
   12     0   -12 
  -13    -1   -13 
    5    17    -1 
    9     6   -15 
   -9    15     7 
    5     2    -1 
  -13    -7    15 
  -12    12    14 
   15    -3   -11 
   -4   -13    10 
  -12   -15    -6 
    3   -18     9 
   18     6    10 
    0     6    -6 
  -10     5   -14 
   -4    14   -14 
   18   -18     0 
   -3    24    21 
    2     2   -22 
   -7     2   -13 
    8    -4   -14 
  -10    -4     8 
   -6    12    -6 
   18    -6   -22 
    1     1    -1 
  -13   -13   -11 
  -27    -6    13 
    9     6     9 
   26    26   -14 
  -10    26   -14 
   12     0     2 
    3    -3     3 
   -6   -12    -2 
   27    21   -27 
  -10     8    26 
   26   -10    12 
    6    18     0 
   -6     6    -6 
   -9    -3    27 
    0    -9    28 
   14    26    -8 
  -10    -1    -6 
  -27    18   -17 
  -15   -30     9 
  -19   -13   -17 
  -13   -22    17 
  -22   -10    -2 
   -1   -10    -5 
   21    12    -1 
    0    15    18 
  -16     2   -10 
   -1    14     1 
  -34    -4    24 
   30    -6     0 
   30    36   -12 
    2    20    -2 
    8     2     4 
  -12    18   -10 
  -12    18     0 
  -25    -4   -17 
  -10    32    14 
   29   -37    -9 
  -34    17   -24 
  -10   -16   -34 
    2   -34    18 
   18    15   -30 
    9   -15    15 
   23   -28   -27 
   11     8   -21 
   15   -18    17 
  -12    -6    10 
   -6     9   -10 
    0   -15   -28 
   -3     6    11 
   12   -12     6 
  -10    44   -20 
   20    38     4 
    2    29   -38 
  -12    15   -22 
   30   -39    -6 
   12     0    34 
  -18   -18    26 
    2    11   -28 
   -7     2   -29 
   15   -30   -25 
   21     0    15 
  -37   -10    -3 
  -28    -1    16 
  -16    11    36 
  -10    20   -44 
   -9   -15   -33 
   -6    33    -2 
  -30     3     2 
  -18    18    36 
  -39    -6    11 
    3    24   -35 
   35   -22   -13 
   14    32    40 
    5    26    11 
  -25    26    21 
  -30     6   -30 
  -15    42   -15 
   15   -24   -19 
   42   -24    24 
  -10    -1   -46 
   -7    26    13 
  -34   -22     8 
  -46    -4    34 
  -34    11    22 
   38    -7    -6 
   27    -6    11 
  -12    15   -20 
    5   -22    -1 
   41    50    49 
  -18    -6    42 
   15    36    -9 
   18   -48    42 
   12    42    -6 
   21    15   -49 
  -12    54    34 
   -6   -24    14 
  -30    -6   -42 
  -16   -43    48 
   -4    20   -24 
   44    44    22 
  -52    35    16 
   30    54    38 
  -12    48   -48 
  -40    23    10 
   32    -4     8 
  -30   -12     0 
  -51    21    17 
   27   -45    49 
   36   -36     0 
   47   -52    -5 
    2   -25   -40 
   24   -48    38 
  -18   -36    18 
  -36     6   -48 
  -24    54    50 
  -16     8   -22 
  -42    12    12 
   30    42    -2 
  -16   -37   -58 
  -31   -37    29 
  -46    38   -20 
  -13   -34    47 
   42   -18    18 
  -12    42   -48 
  -58    32   -22 
  -31   -31    13 
   35   -10    -3 
  -64    44   -40 
  -42    12    30 
  -54    51   -60 
    3   -12   -25 
   27   -15   -15 
  -16   -10    64 
   -7    17    35 
   14    32   -50 
  -13   -13   -25 
   18    24     0 
  -36    42    36 
  -30   -18   -34 
  -42   -12    20 
   29    47     7 
   47   -16    -7 
   56   -22   -36 
  -10    50     8 
  -49    38     1 
   14   -52    34 
    0    42    -6 
   33    21    21 
   63   -36    39 
    9   -24    65 
   26   -67    50 
   32   -13   -24 
   11   -19   -51 
