7 20
25
    1     1     1    -1    -1     1     1 
 -320     0     0     0     0    64   -24 
   10     8     6     6     6     4     3 
    1     1     1     1     1     1     1 
    1 0     4 1     4 1     4 5     4 5     1 0     1 0 
 -320    16    16    16    32    64   -24 
   40 -119   -15 76   -58 -35   183 -122   183 -122    40 -119    40 -119 
    1 0     1 0     1 0     2 0     2 0     1 0     1 0 
  198 -198  -198 198  -198 -198   396 0   396 0   198 -198   198 -198 
    2 1     3 2     4 1     3 2     3 2     2 1     2 1 
  -80     4     2     6     3    16    -6 

    1     1     1    -1    -1     1     1 
    1     1     1     1     1     1     1 
   -1    -1    -1    -1    -1    -1    -1 

    0     0     0     0     0     0     0 
   -4    -2     0     0     0     2     3 
   -4    -2     0     0     0     2     3 
    0     0     0     0     0     0     0 
    0     2    -6    -6     0     6     0 
    0     2    -6    -6     0     6     0 
    6    -6    -6     6     2    -6     6 
    6    -6    -6     6     2    -6     6 
   -6    -2     2    -2     6     6     8 
   -6    -2     2    -2     6     6     8 
    6   -10     2     2    -2     6    -1 
    6   -10     2     2    -2     6    -1 
   10    -6   -10    10    -2    10    -4 
   10    -6   -10    10    -2    10    -4 
  -10   -14   -10   -10   -10     2   -10 
   12     6     4    -4     8    -6    -2 
   12     6     4    -4     8    -6    -2 
    4     2    -2    -2    -4    -2     4 
    4     2    -2    -2    -4    -2     4 
    2   -14    -2    -2    -6     2    16 
    2   -14    -2    -2    -6     2    16 
    6   -10     0     0   -10     6   -15 
    6   -10     0     0   -10     6   -15 
   14   -14     2     2    -2     2    -7 
   14   -14     2     2    -2     2    -7 
