3 0
25
   -1     1    -1 
    0 13248     0 
    8     6     4 
    1     1     1 
    4 5     1 0     8 5 
172224 13248  8832 
  -45 100   -29 -122   -45 100 
    1 0     1 0     1 0 
 -336 210    63 -273  -336 210 
    3 2     2 1     3 2 
 -276  3312   276 

   -1    -1    -1 
    1     1     1 
    1     1    -1 
   -1     1     1 

    1     1     1 
   -2     0     2 
    0     2    -2 
   -1    -1    -1 
    4     6     0 
    2     0     6 
    6     6    -6 
   -2     6     2 
   -6     2     4 
    2    -2    -6 
    2    -2     8 
    2    -6    -6 
    8     0    -2 
   -8     8   -10 
   -1    -1     1 
    2    -2    -6 
  -10    -6     6 
  -10     4   -12 
   -8    -6   -10 
   -8     8    -2 
  -12   -12   -10 
    1    -1    -1 
  -10    10    -6 
   16    -4    -2 
  -16    12     2 
