2 2
25
   -1     1 
    0  -120 
   10    10 
    1     1 
    3 0     1 0 
   24  -120 
   97 -90    97 -90 
    0 1     0 1 
 -270 -290  -270 -290 
    3 0     3 0 
   -3   -15 

   -1    -1 
    1    -1 
    1     1 
   -1    -1 

    0     0 
   -1     1 
    0     0 
    0     0 
    6     4 
    2     3 
   -6    -1 
   -2     0 
    8     1 
   -2     8 
   -4    10 
    6     2 
    0    10 
   -6     6 
   -6     1 
   -6    -7 
   12    11 
   -2    -6 
  -14     2 
   -4    -4 
  -10     8 
   14   -16 
   -6     2 
    2    18 
  -12   -16 
