5 14
200
    1    -1     1     1     1 
    0     0    96   320    32 
    8     6     6     4     2 
    5     1     1     5     1 
    4 1     1 4     1 0     1 0     1 0 
   80    64    96   320    32 
   75 22  -105 -194   -50 115   -50 115   -50 115 
    1 0     2 0     1 0     1 0     1 0 
  180 216    36 -396  -216 180  -216 180  -216 180 
    3 2     3 2     2 1     2 1     2 1 
  -20     2    24    80     8 
    0     0     0     0     0 
    0     0     0     0     0 

    1     1    -1     1     1 
    1     1     1     1     1 
   -1     1     1    -1    -1 

    0     0     0     0     0 
   -2     0     0     2     4 
   -3    -3     1     3     0 
    0     0     0     0     0 
   -4     0     0    -4     2 
    1     5     5     1    -2 
   -7     3     3     7     2 
    2    -4     4    -2    -4 
    4     4     4    -4    10 
   -4    -8     8     4    -4 
   -2     4    -4    -2    -2 
   -2     0    -8    -2    10 
  -10    -6     2    10     2 
    0    -6     2     0     6 
   10   -12     4    10    10 
  -11     9     5    11     4 
   -9    13    -3     9     6 
    1    -1    -1     1     1 
  -13    13     1   -13   -10 
  -14   -10     6   -14    -2 
   11    13     1    11   -10 
   -9   -11    -3     9    -6 
  -16     8    16    16     8 
  -13     1    -3   -13    14 
   -3    -5     7    -3     6 
    0    -8     0     0     0 
    0    16     0     0     6 
   -5     3    -5    -5   -14 
   10   -12     4    10   -14 
    6    -4   -12    -6     6 
    4    -6     2    -4   -14 
   -3     3    15    -3    18 
   -7     5     1     7     8 
  -13    -9    19    13     8 
   14    20   -12   -14     2 
  -14   -10     6    14    -2 
   -7    -5    -9    -7   -10 
    3     7     7     3    -6 
   -6   -22    10     6     0 
   -9    17    -7     9    18 
   18   -16     0    18    18 
   18    -2     6    18   -18 
    4     2   -22     4   -14 
  -11    11    -1   -11   -14 
    2     2    18    -2    20 
    8     6   -10    -8   -16 
   10    20    -4    10   -14 
   10    -6    26    10    10 
    1   -21   -21    -1    22 
  -26    16     8    26     4 
  -17    -7   -11   -17   -26 
  -17    -7     5   -17    -2 
  -27   -27    -7    27   -24 
  -18    18    18    18     0 
    1   -29     3    -1    22 
   24    10   -14   -24     6 
  -13   -19     9   -13     2 
  -23    -3     5   -23    22 
    5     7    15    -5    14 
  -20     4   -20    20    16 
   -9     5   -19     9    18 
   24   -30    -6   -24     6 
  -16   -10    14   -16   -22 
   -1    31    -1    -1   -10 
   12   -18     6   -12    24 
   -2    14    30     2   -32 
  -33    11   -13   -33   -30 
  -18    10    -6   -18   -18 
  -30   -26   -10   -30     6 
   35    -9    23    35    14 
    6     6     6    -6    24 
    9    -3    17    -9   -36 
   12     2   -22    12    30 
   29   -17   -37    29   -10 
   34     2   -14    34   -14 
   -9    -3   -19     9   -30 
    9   -15     5    -9    12 
  -32     8    24   -32    22 
   -2    22    30    -2   -14 
  -10     6    38    10   -16 
  -30   -10   -26    30   -18 
  -10   -30    10   -10   -10 
   -5    19     3    -5    22 
  -22   -20    28   -22   -10 
   28   -20   -20    28    34 
  -36    -4     4   -36    30 
  -26   -30    34   -26   -14 
  -14    16    40    14    40 
  -36     2   -30    36     0 
    7     7   -33     7    22 
   32   -28    28    32    14 
  -25   -37    -9    25    -4 
    0   -30    26     0   -36 
    6    30    -2    -6    18 
   -6    10    10     6     0 
   10    14    30   -10     4 
   10     8     0   -10   -26 
   10   -32   -32    10    34 
  -17    -5    19   -17    34 
  -17    45   -31   -17    10 
  -18   -14    18    18     0 
  -42    18   -30    42   -18 
   -1   -45    15     1    20 
   26    -6   -22   -26    -4 
  -22    -4   -28   -22     2 
   33   -43    37    33     6 
   24    -4    28   -24    42 
   31    15    19   -31   -44 
    2    30   -34     2    14 
    2    30    38     2    26 
   24   -12     4    24   -18 
  -11   -25   -29   -11    -2 
   -8    40   -24     8   -32 
  -27    43   -21    27   -30 
   10   -26    30   -10   -44 
   25   -13    43   -25    -2 
  -16    42    -6    16    14 
   36   -16   -48   -36    12 
  -38   -16    40   -38    46 
   12    36     4    12   -42 
  -26     0   -24   -26    34 
   34    46    -2    34   -14 
  -28   -12   -28    28    32 
   -2     6   -26     2   -26 
  -20    14    38    20    28 
    0    16    24     0    30 
   40    42   -30    40    10 
   10    34   -22    10    10 
  -14    42     2   -14   -26 
   21    41   -31    21     6 
    2    -2    30     2    26 
   12     6    -2    12   -30 
   -5    31   -13     5    40 
   10    -6    26   -10    34 
   10   -34    14    10   -14 
  -10    42    42   -10    38 
  -19   -33    -9    19    26 
   24     6     6   -24   -18 
  -33    31    19    33   -24 
  -12   -42   -42    12    36 
  -31     9    -3    31   -16 
   31   -29   -41   -31    40 
   30     6    30   -30   -36 
   30    24    40   -30   -18 
   50    32     8    50   -34 
   30   -38    10    30     6 
  -41   -11   -47   -41   -26 
  -26   -26   -18   -26    46 
  -18   -18    22    18   -42 
   18    48     0   -18    42 
   -2   -48    32    -2    -2 
   18   -26    22    18   -18 
  -15    33   -11    15   -36 
   30    18   -30   -30   -24 
  -21   -39   -15    21    30 
   21    11     3   -21    -6 
  -12   -16     0   -12    30 
  -32   -42    38   -32    10 
  -35    11     3    35    10 
  -55   -15    21    55    32 
  -24    10   -30    24     6 
  -41    43   -41    41   -56 
   12   -32   -56    12    18 
   57    23   -33   -57    54 
   18   -50    30   -18    54 
   18   -48   -24    18   -42 
   28    26   -46    28    -2 
   20    20    60    20   -22 
  -30    30   -50   -30     6 
   34   -36   -60   -34     4 
  -44     6   -34    44   -14 
   47     7    47    47    14 
   22   -32    32    22    -2 
  -34   -30   -46   -34    38 
   21    -1   -21    21     6 
   39   -59    13   -39   -30 
   61   -49   -25   -61   -14 
  -40    60    12    40    14 
   30   -18    -2   -30   -60 
   50   -46   -46    50    14 
   15   -41    -1    15   -18 
   11    29   -23    11   -22 
    6    48     0     6    -6 
    2    30    30    -2    14 
   58   -22    42   -58    34 
    6   -42   -42    -6    -6 
  -31   -11    17    31    32 
  -48    54   -10   -48    18 
  -18   -42    38   -18    18 
   55   -29    19    55    58 
   50    20   -20    50    14 
   46   -62   -46    46    46 
  -24   -52     4   -24     6 
  -40    -6    10    40   -10 
   -5   -35   -59     5    22 
   19    25    17   -19    34 
  -14    -6   -38    14    34 
  -23   -59     5   -23    46 
  -23    33   -39   -23    34 
   21   -59   -19    21   -66 
