3 0
200
   -1    -1    -1 
    0     0     0 
    8     4     4 
    1     1     1 
    5 4     5 4     5 4 
   16    48    48 
   92 -101    92 -101    92 -101 
    1 0     1 0     1 0 
  468 -312   468 -312   468 -312 
    4 1     4 1     4 1 
   11     3     1 

   -1    -1    -1 
   -1     1    -1 
    1     1     1 
    1    -1     1 

    0     0     0 
   -2     2     2 
   -2     0     2 
    1    -1     1 
    0     0     0 
   -1     1    -1 
    2     8    -6 
   -6    -4     2 
   -6     0     2 
    2     0    -6 
    2    -2    -6 
    6   -10    -2 
    6    12     2 
   -2    -6    -6 
    6     6     6 
   -6    -6   -14 
  -14     2    -6 
   -2    -2    14 
   14     2    -2 
    2   -10    10 
  -10    -6    -2 
   14    -8   -14 
   14   -14   -14 
   10   -10     2 
   -2    -2   -10 
   18     2     2 
    2   -10    18 
   18     2   -14 
   14    -6   -18 
   -6     4    -6 
   -6   -12    -6 
   -2   -10    -2 
   -2   -16    10 
  -10   -10     2 
  -10    -6   -14 
   14   -12    10 
   18    10     2 
    2     2    18 
   -6   -14    -6 
   -6    -2    -6 
   10   -18   -22 
  -22    14    10 
  -14   -14    18 
  -18    -6    14 
    6    14    10 
  -10    12    -6 
  -10    10     6 
   -6     6    10 
  -14   -14    -6 
   -6     6   -14 
   -2   -10   -10 
   10    22     2 
  -22    22     2 
    2     2   -22 
   -6    20   -14 
  -14   -28    -6 
   -2    14   -18 
  -18     6    -2 
   30    -8    10 
  -10    30   -30 
  -18   -32    26 
  -26    14    18 
   14    -2    14 
   14     6    14 
   -2   -30   -14 
   14     8     2 
  -18    26    30 
   30   -22   -18 
  -22     6    34 
  -34   -26    22 
   22     6    18 
  -18    24   -22 
   -2   -10    -2 
  -22    26    -6 
   -6    18   -22 
   18   -32   -14 
  -14   -20    18 
  -18   -26   -10 
   10    18    18 
  -18     0     2 
   -2     2    18 
   34    22    26 
  -26    26   -34 
   10    18    -6 
    6    26   -10 
  -14   -10    34 
   34    34   -14 
   -2    -8    34 
  -34    26     2 
  -10    26    -2 
    2     6    10 
   38    -2    -6 
    6    12   -38 
  -34    10   -30 
   30   -24    34 
   18    24   -14 
  -14     0    18 
   34   -10    34 
   18    34    18 
  -18     2   -18 
  -34   -22    -6 
    6    36    34 
   18   -22   -38 
  -38   -26    18 
    2    18   -14 
   14    18    -2 
   30   -16   -30 
   30    42   -30 
  -18   -26    46 
   46    -2   -18 
   34   -26   -38 
   38   -42   -34 
   30     0    -6 
    6    14   -30 
  -38   -36   -46 
  -46     0   -38 
  -30   -16    -6 
   -6    16   -30 
  -10    -2    30 
  -30    -6    10 
   38    22   -26 
  -26   -34    38 
   -6    -6    18 
   18    18    -6 
   18   -32    18 
   18     4    18 
  -38    10    26 
  -26   -30    38 
    2    30   -14 
   14    -6    -2 
   30    14   -34 
  -34   -22    30 
   30   -16    42 
  -42    14   -30 
  -34   -14    14 
  -14   -38    34 
   22    -6    18 
  -18    28   -22 
   18     0   -30 
  -30    12    18 
   -6    12    26 
   26   -44    -6 
    6    26    18 
  -18   -44    -6 
   38   -34    38 
   38    34    38 
   34   -22   -54 
   54   -10   -34 
  -30   -54    26 
   26   -34   -30 
  -18   -10   -42 
   42    22    18 
   50    18   -22 
  -22   -26    50 
  -18   -14    -6 
    6    -4    18 
  -38   -54   -22 
  -22   -10   -38 
  -18     6    42 
  -42    16    18 
   34    -6   -22 
  -22   -34    34 
  -10     6   -10 
    6   -10    42 
  -42   -12    -6 
  -58   -30    38 
   38   -14   -58 
   -2   -14    38 
  -38    -2     2 
   -6    42   -22 
  -22    54    -6 
   26    -2     2 
   -2   -50   -26 
  -10   -26    46 
  -46    22    10 
   18   -22    18 
   18   -38    18 
    6    60     2 
   -2    -6    -6 
  -14   -30    34 
   34   -54   -14 
  -34   -54   -34 
  -34    22   -34 
  -58    54   -22 
   22    52    58 
  -46    24   -62 
  -62    28   -46 
    2    -2   -30 
  -30   -18     2 
  -14    54   -38 
   38   -22    14 
  -50    26   -18 
  -18    34   -50 
  -18    18   -38 
   38     4    18 
  -14    34   -54 
  -54   -18   -14 
   30    30    -2 
    2     2   -30 
   34   -58     2 
