1 0
200
   -1 
    0 
    4 
    1 
    3 8 
 3072 
  -73 -138 
    1 0 
   56 -560 
    3 2 
 -576 
    0 
    0 

   -1 
    1 
   -1 

    0 
    2 
    0 
   -2 
   -2 
    0 
    4 
    4 
   -6 
    2 
   -2 
    6 
  -10 
   -6 
   -1 
    2 
    2 
    0 
  -10 
    4 
   12 
    0 
    8 
    0 
  -16 
    1 
    0 
    2 
    2 
   18 
    6 
  -18 
  -10 
   -2 
   -2 
   -2 
  -10 
   -8 
    0 
    6 
  -16 
    2 
   14 
  -26 
   10 
   -2 
   -8 
   -6 
   26 
   18 
  -20 
   16 
   -6 
  -22 
   18 
   16 
    2 
  -22 
   -2 
   -2 
  -14 
   12 
    6 
   10 
    6 
  -30 
   14 
  -22 
  -30 
   12 
    6 
   -2 
   34 
   -6 
   18 
    6 
   30 
  -28 
    2 
   14 
  -30 
   -2 
   26 
  -26 
  -18 
  -36 
  -24 
  -38 
   -6 
    6 
   -6 
  -36 
  -30 
  -26 
   40 
  -18 
   -6 
    2 
   -2 
  -34 
   30 
  -38 
   -6 
   46 
   -2 
   22 
   26 
  -30 
    8 
  -44 
   38 
  -34 
   42 
   38 
  -10 
   -6 
   -6 
  -26 
    0 
    2 
    6 
    2 
   14 
   28 
   -2 
   30 
   26 
  -26 
   10 
    4 
    6 
  -46 
  -22 
   30 
    8 
   12 
  -34 
   40 
  -24 
   -2 
  -30 
  -26 
  -14 
   -2 
  -42 
  -24 
   22 
    8 
   -6 
  -10 
   58 
  -18 
  -58 
   54 
  -12 
   -4 
  -48 
    8 
   10 
   60 
   22 
  -18 
  -10 
    6 
   54 
  -34 
   -8 
  -34 
   38 
   58 
  -36 
  -40 
   42 
   30 
  -34 
   64 
  -16 
  -54 
    6 
  -10 
  -44 
   -6 
   58 
  -48 
   12 
   66 
  -36 
  -10 
  -34 
   42 
  -22 
    6 
   14 
    0 
   42 
  -24 
   28 
   22 
  -14 
   50 
