3 0
25
    1    -1    -1 
   96     0     0 
    8    14    10 
    1     1     1 
    1 0     4 1     4 1 
   96    24    24 
   27 90   -46 149   -46 149 
    0 1     1 0     1 0 
  270 -80  -540 160  -540 160 
    3 0     2 3     2 3 
    4    -4     2 

   -1    -1    -1 
    1    -1    -1 
    1     1     1 
    1    -1    -1 
    1    -1    -1 

    0     0     0 
   -1     1     1 
   -1    -1    -1 
    2    -4     0 
   -2     0    -4 
   -1     1     1 
   -2     0    -4 
    2    -2    -2 
   -6     0    -4 
    6     6     6 
   -2    -8     4 
   10     2     2 
   -6    12     0 
   -6    -4     0 
  -10     6   -10 
   -6    -6    10 
    2    -2     6 
  -14    -2    14 
   -1     1     1 
    6     0    -4 
    2   -10     6 
    2   -10   -10 
   10   -10   -10 
  -14     2   -14 
   14   -12    -8 
