4 0
25
    1     1     1     1 
 -480     0   384   288 
    5     4     2     1 
    1     1     1     1 
    1 0     4 5     1 0     1 0 
 -480   192   384   288 
   95 175    75 -23    95 175    95 175 
    0 -1     1 0     0 -1     0 -1 
 -270 -81   270 81  -270 -81  -270 -81 
    1 1     3 2     1 1     1 1 
 -480    48   384   288 

   -1    -1    -1    -1 
    1     1     1     1 

   -2    -1     1     2 
    0    -3     3     0 
    0    -3     3     0 
    0     0     0     0 
    5     2     2     5 
    1     4     4     1 
   -4    -2     2     4 
   -4     1    -1     4 
   -4    -2     2     4 
    0    -6     6     0 
   -5   -11   -11    -5 
   -1    -4    -4    -1 
    0    -6     6     0 
   -4    -2     2     4 
   -5   -11   -11    -5 
    0    -9     9     0 
    0    -6     6     0 
   15    -6    -6    15 
    7   -11   -11     7 
    1     7     7     1 
   -7    14    14    -7 
  -16   -17    17    16 
   12     3    -3   -12 
    1    10    10     1 
   17   -16   -16    17 
