4 0
25
    1     1    -1    -1 
   40   -12     0     0 
   10     6     6     4 
    1     1     1     1 
    1 0     1 0     4 1     8 3 
   40   -12     8    32 
 -118 -45  -118 -45    95 -58    95 -58 
    1 0     1 0     1 0     1 0 
 -192 -208  -192 -208   400 16   400 16 
    2 1     2 1     3 2     3 2 
   10    -3    -1    -1 

    1    -1    -1     1 
   -1     1    -1     1 

    0     0     0     0 
   -4     0     0     2 
    2    -2     2    -2 
    2    -2     2     2 
   -4     4     0    -2 
    2     0    -6     4 
    0     6    -4     0 
   -6     2    -6    -6 
    6     4     6     4 
   -4     8     0    -6 
  -10     6     6    -2 
   -8     8     4    -2 
    6     2     6     6 
   -2   -10     6     2 
    6    10    -2     6 
   -2    -6    -2   -14 
    0     0    12   -10 
  -14     0    -6     4 
   -2     6     6    -2 
  -12   -14     8     0 
   -2    10   -10    14 
  -16    10    -4     4 
    2    14   -14    10 
   12    14    16   -12 
   -8   -10     4   -16 
