2 2
200
   -1     1 
    0   100 
    9     5 
    1     1 
    3 0     1 0 
    8   100 
  131 -28  -109 64 
    0 1     1 0 
  -84 -392  -238 -154 
    3 0     1 2 
    1    25 
    0     0 
    0     0 

    1    -1 
   -1    -1 
    1     1 
   -1    -1 

    0     0 
    1     1 
   -3     1 
   -1    -2 
   -2     5 
    4     0 
   -6     3 
    6     3 
    8     2 
    6     2 
   -2     4 
   -3     4 
   -1    -1 
    7    -2 
    1     1 
   -8     0 
  -12    -5 
   -8    -6 
   -4    -1 
    5    -4 
  -14     6 
  -14     0 
   -4    10 
   19   -12 
   -7     8 
  -18    12 
   -6     2 
   -5    -5 
   -6    15 
   14     6 
   11     1 
    4   -22 
   -4    12 
   20    12 
   20   -12 
    9     8 
  -13     0 
    7     5 
   -6    18 
    5   -22 
  -13    13 
  -16    -2 
   -2    12 
  -19     2 
  -12     2 
   27    12 
    3    14 
    0    19 
   14     6 
  -12    21 
    2     8 
   25    18 
   -6    18 
   -8     8 
    2    26 
    8   -24 
   11     2 
  -16   -28 
   16    29 
   -9     4 
  -32    -2 
  -16   -12 
   34    -1 
  -19    14 
   27   -24 
   10    21 
  -14    34 
  -12   -36 
  -20   -27 
   26     8 
  -18   -20 
   18    -5 
   20    21 
   10    21 
  -21     1 
  -11   -20 
  -15    35 
  -26   -13 
   21    -8 
  -12   -35 
  -12    15 
   20    16 
  -38   -14 
   23    32 
   -2   -18 
   14     9 
   14   -16 
   24   -29 
   18   -29 
  -13   -33 
    9    -3 
  -34   -40 
  -36   -15 
   21   -14 
  -24    16 
   30   -18 
  -29    -3 
  -38    -2 
    5     2 
   11   -38 
   24     4 
  -14   -21 
  -27    -2 
  -31   -27 
   18    43 
  -19   -47 
    9     2 
   -7    -3 
   19    30 
   38   -25 
  -21    30 
   34    15 
  -18   -39 
  -33    16 
   36    -2 
  -30     8 
   30    18 
   -4   -47 
    7    -5 
  -11    30 
    6    15 
   32   -15 
   38    26 
   18     6 
  -22   -15 
  -20    20 
  -22    45 
  -35   -50 
  -51    12 
  -48    32 
   -1   -20 
    9     5 
  -27   -37 
  -27    13 
   34    49 
   34   -41 
   -1   -26 
  -42    39 
   34    46 
  -48    21 
  -25   -29 
  -26     6 
   40     6 
   54     6 
   30    50 
  -50   -35 
  -40    38 
   23    18 
  -12   -14 
  -19   -39 
  -23    37 
   38    -3 
  -13    15 
  -35   -15 
   17   -32 
  -18   -27 
  -56   -22 
  -52    43 
   42    48 
  -15   -57 
   42    30 
  -42    50 
   53    29 
    2   -39 
  -48    -9 
    6   -38 
   27    27 
  -29    10 
   37   -20 
  -12   -29 
   38    -4 
   32    22 
   36   -43 
  -46    22 
  -21    52 
  -30    12 
   16   -33 
   14   -18 
  -60    57 
  -52    61 
    1    46 
    5   -34 
  -54     6 
  -26     7 
    6   -58 
    3    16 
  -29   -34 
  -53   -66 
   26    29 
   -2    30 
  -51    30 
   -8    14 
  -19    49 
    9   -30 
  -61    60 
  -12   -30 
  -17    10 
   28    56 
   -9   -19 
  -46   -28 
