1 0
100
   -1 
    0 
    4 
    2 
    3 0 
   32 
    5 -42 
    0 1 
 -126 -14 
    3 0 
    4 

   -1 
    1 
   -1 

    0 
    2 
   -2 
   -2 
    4 
   -2 
   -6 
   -2 
    2 
    0 
   -8 
   12 
   -1 
  -10 
    1 
  -10 
   -8 
    4 
    4 
  -14 
   10 
   -6 
  -10 
   10 
  -10 
   16 
   -6 
   14 
    0 
    2 
  -14 
   -2 
  -10 
  -10 
    4 
   -2 
   20 
  -10 
  -12 
   -4 
   20 
  -10 
   10 
   -2 
  -18 
   18 
    0 
   18 
   22 
  -18 
  -22 
  -14 
  -30 
   26 
  -20 
   16 
   20 
   -8 
  -30 
   30 
   18 
  -16 
   22 
  -14 
    2 
   24 
    2 
   18 
   22 
  -22 
   18 
  -18 
  -26 
   26 
   18 
  -30 
  -10 
  -16 
  -30 
   -6 
   10 
   34 
  -10 
   -2 
  -40 
   34 
    2 
    2 
  -30 
  -22 
  -26 
   10 
   34 
   36 
   34 
   14 
  -38 
  -10 
   20 
   28 
