2 0
25
   -1    -1 
    0     0 
    8     4 
    1     1 
    3 0     3 0 
    8     8 
 -117 -64  -117 -64 
    0 1     0 1 
 -192 352  -192 352 
    3 0     3 0 
   -1     1 

    1    -1 
    1    -1 

    0     0 
   -2     2 
   -1     1 
    1     1 
   -3     3 
    5    -5 
   -1    -1 
    3     3 
    2    -2 
    6    -6 
    2    -2 
   -8     8 
   -9    -9 
    2     2 
  -10   -10 
    9    -9 
   -4     4 
   10   -10 
    4    -4 
    2     2 
   10    10 
    0     0 
    0     0 
    7     7 
   -2    -2 
