1 0
200
   -1 
    0 
    4 
    2 
    4 1 
  272 
   27 94 
    1 0 
   13 403 
    4 1 
 -850 

   -1 
   -1 
    1 

   -1 
   -2 
    2 
    6 
    1 
    0 
    2 
   -2 
   -2 
   -8 
   -1 
    6 
  -10 
    8 
   -6 
   -8 
    4 
   -8 
   10 
    2 
  -12 
  -14 
  -10 
   -8 
  -12 
   -4 
   -8 
   18 
   -2 
   14 
   14 
    6 
    2 
    8 
  -10 
    2 
   12 
    0 
  -22 
  -14 
   -2 
    2 
   12 
    4 
  -10 
   10 
   14 
   -6 
  -22 
  -14 
    6 
  -10 
  -26 
   14 
   28 
  -32 
   -6 
   12 
   -2 
   22 
   22 
  -14 
   -6 
    6 
   34 
   14 
  -14 
   14 
  -10 
  -18 
  -26 
  -26 
  -30 
    0 
  -24 
   16 
  -10 
  -30 
   -2 
   20 
   16 
  -32 
    0 
    6 
  -10 
   -2 
   38 
   -8 
    8 
  -24 
  -28 
  -26 
  -22 
   38 
   -2 
  -10 
  -22 
   26 
  -30 
   38 
   14 
    2 
  -22 
   10 
  -12 
   16 
  -16 
   10 
  -30 
   18 
   -2 
   -6 
   16 
  -14 
   10 
   26 
   38 
  -16 
  -42 
  -22 
   -6 
  -30 
   14 
  -22 
  -32 
  -46 
   -6 
   10 
   -6 
   14 
  -36 
  -42 
   -8 
   10 
  -32 
    0 
   38 
   50 
  -16 
   -2 
  -22 
  -22 
  -50 
   10 
   12 
  -18 
  -26 
  -54 
   -2 
    2 
  -18 
   14 
   14 
   58 
   40 
  -14 
  -34 
  -34 
  -14 
   46 
   26 
   46 
   18 
   46 
   14 
   26 
    8 
    0 
   -2 
   26 
  -44 
   14 
   42 
    6 
    8 
   10 
   -2 
  -46 
   50 
  -30 
  -30 
    0 
   30 
    4 
  -52 
  -40 
   52 
   34 
  -34 
   -4 
   60 
   38 
    2 
  -34 
    2 
  -46 
   34 
   14 
  -30 
  -64 
