2 25
200
   -1    -1 
    0     0 
    8     3 
    1     1 
    4 1     4 1 
    8    32 
  -93 62   -93 62 
    1 0     1 0 
 -404 0  -404 0 
    3 2     3 2 
    3    -1 
    1     1 
    0     0 

    1     1 
    1     1 
    1     1 

    0     0 
   -2     3 
   -2     3 
   -6    -2 
    4    -3 
    4    -3 
    5     3 
    5     3 
    9    -8 
    9    -8 
   -8    -2 
   -8    -2 
    0    -4 
    0    -4 
  -13   -10 
   -7    -2 
   -7    -2 
   -3    12 
   -3    12 
   -4     4 
   -4     4 
    8   -14 
    8   -14 
  -11   -14 
  -11   -14 
   -1    -1 
   -1    -1 
    6   -12 
    6   -12 
    6     0 
    6     0 
  -22   -18 
   23     1 
   23     1 
  -11    16 
  -11    16 
    0     3 
    0     3 
  -22     4 
  -22     4 
    6   -15 
    6   -15 
   -5   -19 
   -5   -19 
   10    -5 
   10    -5 
    6    14 
    6    14 
  -11    18 
  -11    18 
   -2    20 
   -2    20 
   12    18 
   12    18 
  -15    24 
  -15    24 
  -13   -26 
  -13   -26 
   -9    -1 
   -9    -1 
   21    14 
   21    14 
   -8    16 
   -8    16 
   24   -13 
   24   -13 
   20    -8 
   20    -8 
   13    14 
   13    14 
   18    30 
   18    30 
  -13   -13 
  -12    23 
  -12    23 
  -10     2 
  -10     2 
  -11    -8 
  -11    -8 
   -8   -28 
   -8   -28 
  -15    30 
  -15    30 
   20   -35 
   20   -35 
    4    10 
    4    10 
   15    33 
   15    33 
   38    14 
   38    14 
   -5    -2 
   -5    -2 
    6    30 
    6    30 
  -19   -33 
  -19   -33 
  -10   -37 
   -4    -5 
   -4    -5 
   -6    18 
   -6    18 
  -11    27 
  -11    27 
  -38    40 
  -38    40 
    1    -6 
    1    -6 
  -15    -3 
  -15    -3 
   10   -20 
   10   -20 
   38    -8 
   38    -8 
  -14    30 
  -14    30 
  -26    38 
  -26    38 
  -19   -22 
  -19   -22 
  -22    20 
  -22    20 
   22   -27 
   22   -27 
  -42   -35 
  -42   -35 
  -41   -40 
  -41   -40 
  -17    46 
  -17    46 
  -19   -22 
  -19   -22 
  -39    46 
  -39    46 
  -10   -14 
  -10   -14 
   -7   -18 
   -7   -18 
   -3    48 
   -3    48 
   -2     2 
   -2     2 
   -6    42 
   -6    42 
  -42    -9 
  -42    -9 
  -34   -50 
  -34   -50 
   10    -5 
   10    -5 
    5    36 
    5    36 
  -48     4 
  -48     4 
   54    -7 
   54    -7 
  -56    32 
  -56    32 
   38    30 
   38    30 
   36   -54 
   36   -54 
  -46   -53 
   -6   -57 
   -6   -57 
   38    37 
   38    37 
  -47    27 
  -47    27 
  -15    24 
  -15    24 
    9     4 
    9     4 
   34     1 
   34     1 
   50   -64 
   50   -64 
  -45   -46 
  -45   -46 
   34    50 
   34    50 
   21    12 
   21    12 
   38    11 
   38    11 
  -30   -30 
  -30   -30 
   42   -34 
   42   -34 
    4   -40 
    4   -40 
   40     4 
   40     4 
   54   -13 
   54   -13 
  -27    54 
  -27    54 
  -54    42 
  -54    42 
  -10   -53 
