16 4
25
    1    -1     1    -1    -1     1    -1     1    -1    -1    -1    -1    -1    -1    -1    -1 
   32     0     0     0     0    24     0    16     0     0     0     0     0     0     0     0 
    8     8     6     6     6     6     4     4     8     8     6     6     6     6     4     4 
    1     1     1     1     1     1     1     1     1     1     1     1     1     1     1     1 
    1 0     3 0     8 3     3 0     3 0     1 0     1 4     1 0     3 0     3 0     3 0     3 0     5 4     3 0     3 0     3 0 
   32     8    32     8     8    24    32    16     8    32     8     8    16     8     8     8 
   77 102    43 128    79 -10    43 128    43 128    77 102  -177 -138    77 102    43 128    43 128    43 128    43 128  -177 -138    43 128    43 128    43 128 
    1 0     0 1     1 0     0 1     0 1     1 0     2 0     1 0     0 1     0 1     0 1     0 1     2 0     0 1     0 1     0 1 
 -128 256   384 -128   256 128   384 -128   384 -128  -128 256  -128 -384  -128 256   384 -128   384 -128   384 -128   384 -128  -128 -384   384 -128   384 -128   384 -128 
    1 2     3 0     3 2     3 0     3 0     1 2     3 2     1 2     3 0     3 0     3 0     3 0     3 2     3 0     3 0     3 0 
    8     1    -2    -1     1     6    -1     4     1     4     1     1    -1     1     1    -1 

   -1     1    -1     1     1    -1     1    -1    -1    -1    -1    -1    -1    -1    -1    -1 
    1     1     1     1     1     1     1     1    -1    -1    -1    -1    -1    -1    -1    -1 

    0     0     0     0     0     0     0     0     0     0     0     0     0     0     0     0 
   -1    -1    -1    -1    -1    -1    -1    -1     1     1     1     1     1     1     1     1 
   -2    -2     0     0     0     0     2     2    -2    -2     0     0     0     0     2     2 
   -4     2    -4    -2     2     4    -2     4    -2     4    -4    -2     2     4    -4     2 
   -2    -2    -2     2     2    -2    -2    -2     2     2     2    -2    -2     2     2     2 
    2     4    -4     2    -2     4    -4    -2     4     2     4    -2     2    -4    -2    -4 
    0    -4     0     4    -4     0     4     0     4     0     0     4    -4     0     0    -4 
    8    -2    -4    -2     2     4     2    -8     2    -8    -4    -2     2     4     8    -2 
    6     0    -4     2    -2     4     0    -6     0     6     4    -2     2    -4    -6     0 
   10     6     2    -6    -6     2     6    10    -6   -10    -2     6     6    -2   -10    -6 
   10   -10    -8    -4     4     8    10   -10   -10    10     8     4    -4    -8   -10    10 
   -2    -6     6     6     6     6    -6    -2     6     2    -6    -6    -6    -6     2     6 
    6    -2   -10     6     6   -10    -2     6    -2     6   -10     6     6   -10     6    -2 
  -10     2    -6    -6    -6    -6     2   -10     2   -10    -6    -6    -6    -6   -10     2 
   10   -10    -2    -2    -2    -2   -10    10   -10    10    -2    -2    -2    -2    10   -10 
   -6     8   -12    -2     2    12    -8     6     8    -6    12     2    -2   -12     6    -8 
    6    14   -10     6     6   -10    14     6   -14    -6    10    -6    -6    10    -6   -14 
   -6    10     0    -8     8     0   -10     6    10    -6     0     8    -8     0     6   -10 
   14    -2    -2    -2    -2    -2    -2    14     2   -14     2     2     2     2   -14     2 
   -4    -8   -16     4    -4    16     8     4     8     4   -16     4    -4    16    -4    -8 
    4    10    -4   -10    10     4   -10    -4   -10    -4    -4   -10    10     4     4    10 
   12    12     8     8    -8    -8   -12   -12   -12   -12     8     8    -8    -8    12    12 
   -4     0     0    -4     4     0     0     4     0     4     0    -4     4     0    -4     0 
    0    18   -12    10   -10    12   -18     0   -18     0   -12    10   -10    12     0    18 
   -8   -16     8    16   -16    -8    16     8    16     8     8    16   -16    -8    -8   -16 
