12 2
25
   -1    -1     1     1     1     1    -1    -1    -1    -1     1    -1 
    0     0   704    80   -64   112     0     0     0     0    48     0 
   13    12    11    10     8     7    16    14    11     8     6     5 
    1     1     1     1     1     1     1     1     1     1     1     1 
    4 1     4 1     1 0     1 0     1 0     1 0     4 1     4 1     4 1     4 5     1 0     1 4 
   64    32   704    80   -64   112    48    32    64    32    48    32 
  114 -111   -89 206   -93 -20   -93 -20   187 40   -93 -20   -89 206   -89 206   -89 206   -89 206   -93 -20   114 -111 
    1 0     2 0     0 1     0 1     1 1     0 1     2 0     2 0     2 0     2 0     0 1     1 0 
  560 120  -340 220   -60 280   -60 280   340 -220   -60 280  -340 220  -340 220  -340 220  -340 220   -60 280   560 120 
    2 3     3 2     3 0     3 0     3 0     3 0     3 2     3 2     3 2     3 2     3 0     2 3 
    5    -5    58    10   -16     2     2     4     2    -1     6    -1 

   -1     1     1     1    -1     1     1     1     1    -1    -1     1 
    1     1     1     1     1     1    -1    -1    -1    -1    -1    -1 
    1     1     1    -1     1    -1    -1     1     1     1     1    -1 
   -1     1    -1     1     1     1     1    -1    -1     1    -1     1 

    0     0     0     0     0     0     0     0     0     0     0     0 
   -1    -1    -1    -1    -1    -1     1     1     1     1     1     1 
    0     0     0     0     0     0     0     0     0     0     0     0 
   -3    -2    -1     0     2     3    -6    -4    -1     2     4     5 
    1    -2     5    -1     6     3     0    -1    -1     2    -1     1 
   -1     2     1    -4    -6     7     4     4    -5     2    -4    -5 
    4     6     0     2     2     6    -6    -6     0     2    -6    -2 
   -1     2    -3     3    -6    -3     6    -3     3    -6     1    -3 
    7     6     9    -5    -6    -9    -6    -3    -3    -2     9    -3 
   -5    -2     3     5    -2    -7     2     9     3    -2     9     9 
    0    -2     8    -2    10     8    -4     2    -4   -10     2    -4 
   -9    10     7    -8     2     5     2    -8     1    -2     8    -5 
   -3   -10     9    -2   -10     5   -10     6    -3     6     6    -7 
    1    -1     1    -1    -1    -1    -1     1     1    -1     1    -1 
    4    -2    -8    -5   -10    -2    -2     1    -8    -2     1     6 
    0     2     0    11    -2     2     2     3     0   -14     7    -2 
    0   -10     0     4     6     0     6     0    12    -2     0     4 
    8   -14    -8    -2    10     6    -6    -2     4     2    -2    -6 
   -7     2   -11     8     2   -13     2    -8     1     2    -8    -9 
   -6    -2    10     1   -14     8    14    13    10    -6    -7    -4 
   12   -14    -4     4     6    16     4     8    -4   -10     0     0 
    6    10    -6     0     2     0    18   -12    -6   -14   -12    -4 
    6   -14    18     5   -18   -14    -2    15    -6     6    11    -2 
   16    10     8    -2    -2    10     4   -10     8     6    -2   -10 
    2    -2    -2    -8    -2    -2    16    -8    10    14    -8     6 
