1 2
200
    1 
  -16 
    4 
    1 
    1 0 
  -16 
  -48 -119 
    1 0 
   22 -286 
    2 1 
   -4 

    1 
   -1 
    1 
    1 

    0 
    2 
    1 
   -2 
    2 
    2 
   -2 
   -1 
   -6 
   -6 
  -10 
    6 
    6 
   10 
   10 
  -10 
   -2 
   10 
   10 
    6 
   14 
    6 
   14 
   -2 
   -6 
   -6 
   18 
   14 
  -14 
   10 
  -14 
   -1 
  -14 
   10 
   14 
   18 
   14 
  -18 
  -14 
   -6 
    6 
    2 
   -2 
   14 
   -2 
   -6 
   14 
  -22 
   22 
   -2 
   30 
  -10 
   18 
   18 
   -2 
  -26 
  -22 
  -18 
    6 
   -2 
   26 
   30 
  -22 
  -14 
  -26 
   30 
  -10 
   18 
   26 
   -2 
   18 
  -30 
   34 
  -22 
   26 
  -22 
  -18 
   14 
   14 
  -10 
   -6 
   10 
  -14 
   18 
    6 
   30 
  -34 
  -26 
  -14 
   38 
  -10 
    6 
   10 
  -10 
   30 
   18 
   10 
  -38 
   -2 
    2 
   42 
   18 
   42 
  -38 
    2 
   34 
  -14 
   34 
    6 
    6 
   -2 
   26 
  -38 
    6 
   18 
   30 
   30 
   -6 
  -42 
   14 
   -2 
  -10 
   18 
   26 
   50 
  -22 
   -6 
   38 
  -14 
   14 
   34 
   22 
  -42 
  -10 
  -34 
  -34 
  -22 
   22 
   -2 
   -2 
  -30 
   14 
   42 
   18 
   14 
   30 
   26 
   30 
   18 
   38 
   38 
    2 
   50 
   34 
   14 
  -30 
   22 
   14 
    2 
  -54 
  -34 
    6 
  -30 
  -38 
   26 
   -6 
  -26 
    6 
  -50 
   18 
  -10 
  -34 
    2 
  -26 
   54 
  -62 
  -34 
  -58 
   42 
  -14 
  -46 
   38 
  -26 
  -18 
    6 
   -6 
  -18 
   14 
  -30 
  -14 
    6 
  -46 
  -46 
   30 
   -6 
   42 
   30 
   30 
  -30 
   46 
