2 0
100
   -1    -1 
    0     0 
    9     8 
    1     2 
    3 0     3 0 
   32    32 
   37 -22    37 -22 
    0 1     0 1 
  -66 -110   -66 -110 
    3 0     3 0 
    4    -4 

   -1    -1 
    1    -1 
   -1     1 

    0     0 
   -3    -2 
    1     0 
   -1    -2 
    0     6 
    4    -2 
   -1     1 
   -2     2 
    4    -4 
   -8   -10 
   -9    -6 
   -5    -4 
   12   -10 
   -4     6 
  -10    10 
    2     2 
    2     6 
    0    12 
    0    -6 
    0     6 
   -4    10 
   -5   -18 
    3    -2 
   17   -14 
   -3    -6 
  -14   -10 
    6   -10 
    6   -18 
  -14     8 
  -15     2 
   13    10 
    1    -1 
    5   -18 
    5    -2 
   -2     4 
  -14     0 
   13   -22 
  -19     2 
   14     0 
  -18    -6 
   -9     0 
   11    -6 
    4    -2 
  -16     2 
  -26    -6 
  -22   -16 
   23   -20 
   -1    -4 
  -16    22 
    8     6 
  -20    26 
   20     2 
  -26    18 
  -18   -14 
  -22    16 
   10   -14 
    2    -8 
    2    -2 
   30    -2 
  -30   -18 
   12   -24 
  -12    12 
   -5    14 
  -17    22 
  -19    20 
  -15   -14 
   22   -22 
   30   -30 
  -10    24 
   22   -16 
  -21   -18 
   19    18 
   10   -26 
   10    26 
    6    18 
    9    24 
    9   -24 
   -2    30 
   14    -8 
   10   -18 
   -6    -6 
   30     6 
  -38   -26 
   22   -20 
   30     0 
   25    26 
  -31    26 
   27   -18 
   23    10 
   -8     6 
  -28    26 
   12    20 
  -20   -20 
    3   -30 
   35   -30 
   -3   -10 
   25    30 
   -9    10 
  -36    18 
  -24    16 
