3 0
25
   -1     1    -1 
    0    24     0 
    8     6     4 
    1     1     1 
    5 4     1 0     8 3 
   32    24   200 
  -73 142  -106 -73   -73 142 
    1 0     1 0     1 0 
 -504 280  -140 -252  -504 280 
    3 2     2 1     3 2 
    3     6     1 

    1    -1     1 
    1    -1    -1 
    1    -1    -1 

    0     0     0 
   -2     0     2 
    0     2    -2 
   -2     2     2 
    2    -2     6 
    0     6    -2 
    4    -6    -6 
    4    -2     2 
  -10    -6    -2 
   -6    10     6 
    6    -6   -10 
    6    -6    -2 
    6     8   -10 
    2     2    -6 
   -1     1     1 
   -6     6    14 
   -1     1     1 
   12     6    -2 
    2     8    -6 
  -16    -4    -2 
    8    14    10 
   -4     0     6 
   -8     8   -10 
   -8     0    14 
    8    -8    -2 
