5 0
25
   -1     1    -1     1    -1 
    0     0     0    16     0 
    7     7     4     4     4 
    1     1     1     1     1 
    5 4     1 4     4 5     1 0     8 3 
   64    32    32    16    16 
 -225 22   -46 153  -225 22    94 -89  -225 22 
    2 0     1 0     2 0     1 0     2 0 
 -360 -192  -552 168  -360 -192   276 -84  -360 -192 
    3 2     2 3     3 2     2 1     3 2 
    2     1    -1     4    -1 

   -1     1     1     1    -1 
    1    -1     1    -1    -1 
   -1     1     1     1     1 

    0     0     0     0     0 
   -1    -1     2     2     2 
    0     0    -2    -2     2 
   -1     1    -1     1     1 
    7    -7     4    -2    -4 
    6    -6    -2    -6     2 
    0     0     0     0     0 
   -6    -6     0    -2     0 
   -4    -4    -8    -2    -8 
   -5     5    10    -2   -10 
   -6    -6     2     6     2 
    2    -2    -8    -2     8 
   -9    -9   -10    -6   -10 
   -3     3     6     2    -6 
    9    -9     4     6    -4 
   -4    -4    12     6    12 
   13    13    -6     2    -6 
   -4    -4    -6    -2    -6 
   11   -11     0   -10     0 
    4     4    -2   -14    -2 
   10   -10    -6   -14     6 
  -10    10    -2    10     2 
   16   -16    -6    10     6 
  -16   -16   -14     2   -14 
   -6     6    -2    -6     2 
