1 0
200
    1 
    0 
    5 
    1 
    4 1 
   32 
 -125 -100 
    1 0 
 -176 -550 
    3 2 
   -1 

    1 
   -1 
    1 

   -2 
   -3 
   -3 
    1 
   -1 
   -6 
    6 
   -4 
   -6 
   -6 
    3 
   -3 
    0 
    0 
    2 
    6 
    1 
    0 
   -8 
   10 
   -2 
    1 
   11 
   -5 
    1 
  -18 
  -14 
  -10 
   12 
  -11 
   -7 
   -1 
   -9 
   23 
   18 
  -12 
  -17 
  -15 
  -14 
   -6 
  -21 
  -11 
   -6 
   20 
    8 
   -6 
   13 
  -29 
  -16 
  -10 
  -12 
   16 
   -2 
   18 
  -18 
  -18 
  -28 
   20 
   12 
   -6 
  -30 
    4 
   -9 
  -31 
   11 
   -3 
    2 
    6 
  -30 
   16 
   -1 
   27 
  -10 
   16 
  -34 
    7 
   -3 
   38 
   14 
  -18 
    2 
  -18 
    2 
  -10 
   10 
    5 
    5 
  -29 
  -11 
  -18 
  -38 
  -14 
  -12 
   13 
  -19 
   11 
   27 
  -27 
  -30 
  -38 
    0 
   26 
   26 
  -26 
  -17 
   -7 
    6 
  -10 
   -8 
  -16 
   34 
    8 
  -30 
  -30 
  -13 
   45 
  -35 
  -11 
  -43 
   -1 
   20 
    4 
   48 
   -6 
   12 
  -42 
   35 
  -13 
   14 
    8 
    6 
  -54 
  -52 
   14 
  -12 
  -18 
  -26 
   26 
   21 
  -17 
   -4 
  -20 
   38 
  -46 
   25 
   19 
   22 
   -4 
   30 
   44 
  -50 
  -20 
  -33 
  -23 
   38 
   -6 
   22 
    4 
   16 
   30 
  -48 
  -10 
  -17 
  -25 
  -21 
   -8 
  -16 
  -52 
   20 
   27 
  -37 
  -62 
  -22 
   16 
    0 
  -63 
  -19 
   47 
   29 
   16 
   42 
  -35 
  -41 
   18 
   36 
   10 
   -6 
  -18 
    8 
   50 
  -38 
   49 
    1 
  -10 
  -30 
   25 
  -33 
   12 
   20 
   11 
