6 0
25
   -1     1    -1     1    -1    -1 
    0   192     0  -480     0     0 
   12     8     6    12     8     8 
    1     1     1     1     1     1 
    3 0     1 0     3 0     1 0     3 0     3 0 
   72   192    32  -480     8    32 
  137 10   137 10   137 10   137 10   137 10   137 10 
    0 1     0 1     0 1     0 1     0 1     0 1 
   30 -410    30 -410    30 -410    30 -410    30 -410    30 -410 
    3 0     3 0     3 0     3 0     3 0     3 0 
   -9    24     4   -60    -1     4 

   -1    -1    -1    -1    -1    -1 
   -1     1    -1     1     1     1 
    1     1     1    -1    -1    -1 
    1     1     1    -1     1     1 

    0     0     0     0     0     0 
    0     0     0     0     0     0 
   -1    -1    -1     1     1     1 
   -2     2     4    -2     2     2 
    0     0     0     0     0     0 
    2    -2     0    -2    -2    -2 
    0    -6     2    -6     0     6 
   -3     6    -6     8    -3    -6 
   -3     6     0    -8     3    -6 
    3     6     4    -4    -3    -6 
   -1   -10    -6     0    -1     2 
    8     2     2    -2     8     2 
    6    -6    12    -2    -6    -6 
    0     6    -6   -10     0     6 
   -4    14    -6     2    -4   -10 
  -12    -6     6    -6   -12    -6 
    3    -6     2    -6    -3     6 
    8    10    -6    -6    -8    -2 
   -4   -14   -10    10     4    -2 
    2     2   -10   -14     2     2 
  -10   -10    10    -4   -10     2 
   15    -6   -18    18    15    -6 
    6     6    -6    12    -6     6 
  -13    -2    16    18    13    -2 
  -10    10   -18    10    10    -2 
