1 2
200
   -1 
    0 
    4 
    1 
    5 4 
  160 
  114 11 
    1 0 
  319 261 
    3 2 
   -4 

    1 
   -1 
   -1 

   -1 
   -1 
   -1 
    1 
   -3 
    5 
    0 
    4 
   -1 
    1 
   -8 
    2 
   -2 
    4 
   -2 
   -1 
   13 
    8 
    4 
  -10 
   -4 
    8 
    0 
   16 
   -6 
    0 
    1 
  -19 
  -17 
   -4 
   12 
  -19 
   12 
    6 
   11 
  -15 
   -2 
  -16 
   -6 
   18 
   19 
   19 
   -4 
   20 
  -10 
    2 
  -10 
  -20 
  -27 
  -11 
    7 
  -23 
   25 
   -5 
   30 
    2 
   10 
   -6 
    3 
    3 
   16 
  -30 
    1 
   -1 
   -6 
  -12 
   22 
   -2 
  -17 
   -3 
    2 
  -14 
   22 
  -17 
  -33 
  -16 
   -2 
   -5 
  -15 
  -27 
    3 
   14 
  -28 
    8 
   -8 
  -38 
   -4 
   22 
   26 
  -26 
   18 
  -16 
    0 
  -21 
    7 
   -5 
    3 
   30 
   18 
    2 
    2 
  -18 
  -22 
  -20 
   30 
  -32 
   -3 
  -15 
  -12 
  -46 
   11 
   29 
   32 
  -22 
   36 
   -4 
   36 
   28 
  -18 
    6 
   39 
  -19 
  -22 
   -6 
   35 
   -9 
   27 
   -3 
   50 
   48 
  -22 
  -22 
   18 
  -14 
   38 
   10 
   46 
  -18 
   -8 
   46 
   26 
   -6 
  -15 
   45 
    2 
  -24 
  -38 
  -40 
  -37 
  -17 
   13 
   11 
   48 
   18 
   -6 
  -38 
  -14 
   22 
    1 
   27 
   59 
   25 
  -17 
  -31 
   -3 
    2 
   42 
    7 
  -25 
  -44 
   -6 
  -25 
   25 
  -22 
    4 
  -30 
   30 
   30 
  -18 
  -46 
  -14 
  -58 
  -26 
   -3 
   13 
   57 
  -45 
  -32 
    0 
  -50 
  -46 
   49 
  -49 
  -12 
   50 
   22 
  -14 
   -4 
  -68 
  -62 
