1 0
200
    1 
 8640 
    6 
    1 
    1 0 
 8640 
  -22 -129 
    1 0 
   84 -280 
    2 1 
 2160 
    0 
    0 

    1 
    1 
   -1 

    0 
    0 
    2 
    4 
   -7 
   -7 
   -3 
    2 
    3 
    4 
    1 
    9 
   -3 
    0 
   -1 
    6 
   -4 
    4 
  -14 
    7 
    2 
   -2 
   16 
   -2 
    0 
   -8 
   -6 
   10 
    1 
    6 
  -18 
   -5 
    1 
   17 
   17 
   -9 
   17 
    8 
    9 
    8 
   26 
    0 
   27 
    1 
   15 
   26 
  -13 
    9 
  -18 
    1 
  -25 
   28 
   14 
  -22 
   18 
    1 
    0 
   -8 
  -20 
   10 
   27 
  -18 
    2 
   16 
    5 
  -23 
   22 
   11 
    0 
   31 
  -10 
  -12 
  -35 
   -5 
   32 
    5 
    2 
   -3 
   23 
    4 
  -30 
   24 
  -14 
   10 
   20 
    2 
   14 
   -6 
   23 
  -20 
  -24 
  -18 
    1 
   -6 
    1 
  -25 
  -20 
  -26 
   20 
   -2 
  -30 
  -30 
   18 
   19 
    4 
    2 
   -9 
    6 
   16 
   41 
   27 
  -27 
   18 
   42 
   13 
  -26 
   40 
  -23 
   50 
  -26 
  -14 
  -44 
  -27 
   41 
   48 
   36 
   35 
   13 
  -20 
   -6 
   18 
   10 
   30 
   -5 
  -12 
   14 
    3 
  -26 
  -30 
  -38 
   30 
    2 
   22 
   -3 
  -28 
   43 
   16 
  -40 
  -27 
   -3 
  -22 
    2 
  -43 
  -27 
   40 
   10 
   22 
  -32 
  -24 
   36 
    4 
    6 
   19 
  -51 
  -27 
  -10 
   47 
  -50 
   -3 
   22 
  -21 
   -9 
   31 
   13 
   48 
   16 
    7 
   37 
   -6 
  -43 
  -14 
  -29 
   58 
   -2 
   57 
   34 
  -18 
   11 
   44 
   17 
  -50 
  -50 
   19 
    6 
  -32 
   -6 
    2 
   57 
   -6 
   38 
