3 0
200
    1    -1    -1 
    0     0     0 
   11    12     9 
    1     1     1 
    3 0     1 4     4 1 
   32     8   288 
  -93 -30   101 56   101 56 
    0 1     1 0     1 0 
  -90 280   190 370   190 370 
    3 0     3 2     3 2 
    4     1     7 
    0     0     0 
    0     0     0 

   -1    -1    -1 
    1     1     1 
    1    -1    -1 
    1     1     1 

    0     0     0 
    0     0     0 
   -1     1     1 
   -1    -2     1 
   -6     2    -4 
   -3     4    -5 
   -3    -2     7 
   -7    -8     1 
   -8     4    10 
   -2     8   -10 
    4   -10   -10 
   -5     4   -11 
  -10    -4     8 
    0    -8     4 
    5     2    -1 
  -10    -4     2 
   -3    -2     1 
   13    -2     7 
   12     2    -4 
  -11     6    -9 
    0    -2   -14 
    9    10     1 
  -15     6    -3 
  -14     4    -2 
   10   -14    -2 
   -5   -18    -9 
  -16     8    14 
   -6   -14   -14 
   -7     2    -1 
  -12    -2    16 
    6   -12     6 
    0     2    14 
    2    22    10 
   -7     6    15 
    1     6     3 
   -1    10     1 
   -4    14     2 
    3   -14    -5 
   -1    -1    -1 
  -14    -6     6 
   -8     0    18 
   10     2    14 
    4   -18   -12 
   16    -2    -2 
  -11     8    -1 
   24   -18    12 
  -10     4   -20 
    4   -20   -14 
   -6   -16    14 
  -26   -22   -22 
  -28     0    -6 
  -14   -10   -10 
   14    12    30 
   -6   -18    12 
   16     6   -30 
   -4   -18   -24 
  -29   -32     1 
   -6    14   -22 
   18   -12     0 
    1    22   -17 
   21     0    -9 
  -17    18   -33 
  -27    12     9 
  -28    -6     6 
    9     2   -31 
  -18    26   -22 
   28    10    22 
   -3   -30   -33 
  -17   -14   -17 
   -2   -12   -36 
  -36     6     0 
   14   -30   -24 
   10   -10   -22 
  -14    32   -10 
   37   -34   -31 
  -30    22   -26 
   29    34   -17 
  -18   -22   -22 
    7   -34    35 
   30    18    12 
    0    18   -36 
    5    26    35 
    6    -4   -34 
  -27     6   -21 
  -20    10    -8 
   26   -26     4 
   -4    38   -16 
   -2    -6   -30 
  -20     4   -14 
   28    10    -8 
   10    34   -14 
   21    26    29 
  -42   -32    40 
   31    -6    27 
  -37   -30    15 
  -24   -22   -10 
    6    22    10 
  -26   -32    22 
   10   -28     2 
   32    -8    -8 
   -3   -18   -15 
   16   -14    28 
  -10    -6    42 
   16   -20   -20 
   32    -2   -44 
  -30   -34     2 
   39   -24    39 
   -9    18    21 
   34   -28    -4 
    2     6     6 
   40    14    14 
   -8   -26    10 
  -21     0    -9 
   33   -46    23 
   10    20   -40 
  -30     8    38 
   10    42     0 
  -18   -14    -2 
    4    38     8 
   22   -22    -4 
   10    14   -16 
    0    10    -2 
  -30    18   -30 
   16   -38    52 
  -42    30     0 
  -20    -6    18 
   36   -20    28 
   31   -38    19 
  -17    12    -3 
    4   -46   -22 
   22     4    10 
   21    -2   -47 
   25   -42    45 
   -8   -42    30 
   28    46    10 
   10    34    40 
   30   -34    20 
   18   -28   -34 
   12   -18   -48 
   18   -42    12 
  -23   -18   -39 
  -26   -42   -18 
  -42     6     0 
   21    30    27 
  -44    30    36 
   30     6   -36 
   34     6    12 
  -38    18    36 
   33     8    -7 
    5   -42   -57 
  -18    18     6 
   41    32    -1 
   -1   -46    17 
    7    26   -43 
   15    -2   -11 
  -34   -50    46 
   54    30   -24 
   42   -10   -40 
  -28    32     2 
   11    54    15 
   -6   -22    50 
   -8    58   -14 
  -35   -38    25 
  -26   -62   -32 
   -6   -30    60 
  -10    14   -22 
   34   -26    28 
   59    30   -57 
   38   -22   -46 
  -11    18    57 
  -60     6   -42 
   40    20    32 
   -7    50   -19 
   13   -40   -19 
   -6    22    22 
  -30     2    44 
  -35     6    33 
   27     6   -21 
   43    30   -33 
  -10   -10   -40 
  -26   -34     8 
  -41    -2    19 
   -4    46    -2 
  -26   -58   -58 
  -64    54   -54 
  -36    56    44 
  -29    18   -57 
   46   -62    -2 
  -18    42    42 
    5    26   -25 
  -20     0   -30 
  -36   -38    34 
  -42    34    -2 
  -32   -18   -60 
   29     2   -25 
   12   -26   -44 
  -56   -42     6 
   14    26     2 
   29   -66    27 
  -17     4    13 
