10 14
200
   -1     1    -1    -1     1    -1     1    -1     1    -1 
    0    16     0     0    56     0    40     0     8     0 
    9     8     8     7     7     5     5     4     4     3 
    1     1     1     1     1     1     1     1     1     1 
    3 0     1 0     3 0     3 0     1 0     3 0     1 0     3 0     1 0     3 0 
    8    16   128    24    56    24    40   128     8     8 
  139 0    42 -125   139 0   139 0    42 -125   139 0    42 -125   139 0    42 -125   139 0 
    0 1     1 0     0 1     0 1     1 0     0 1     1 0     0 1     1 0     0 1 
    0 -416   208 -208     0 -416     0 -416   208 -208     0 -416   208 -208     0 -416   208 -208     0 -416 
    3 0     2 1     3 0     3 0     2 1     3 0     2 1     3 0     2 1     3 0 
    1     4    16     3    14     3    10    16     2     1 

   -1     1    -1    -1     1    -1     1    -1     1    -1 
    1     1    -1    -1    -1     1     1     1    -1    -1 
   -1    -1     1     1     1    -1    -1    -1     1     1 

    0     0     0     0     0     0     0     0     0     0 
   -3    -2    -2    -1    -1     1     1     2     2     3 
    3     2     2     1     1    -1    -1    -2    -2    -3 
   -3     2     2     5     5     5     5     2     2    -3 
   -1    -1     1     1     1    -1    -1    -1     1     1 
    1     1    -1    -1    -1     1     1     1    -1    -1 
    7    -2     2    -1     7    -1     7     2    -2     7 
    7    -2     2    -1     7    -1     7     2    -2     7 
    0    -2    10     0    -4     0     4   -10     2     0 
    0     2   -10     0     4     0    -4    10    -2     0 
   -9     6    -6     5    -3    -5     3     6    -6     9 
    9    -6     6    -5     3     5    -3    -6     6    -9 
   -6    -6    -6    -6     6    -6     6    -6    -6    -6 
   -6    -6    -6    -6     6    -6     6    -6    -6    -6 
  -13   -10     2   -13   -13   -13   -13     2   -10   -13 
    6     6    -6     6     6    -6    -6     6    -6    -6 
   -6    -6     6    -6    -6     6     6    -6     6     6 
   -2    -2     2    10   -10   -10    10    -2     2     2 
    2     2    -2   -10    10    10   -10     2    -2    -2 
   -8    14     2     4    -4     4    -4     2    14    -8 
   -8    14     2     4    -4     4    -4     2    14    -8 
  -14    14   -14   -10     2   -10     2   -14    14   -14 
  -14    14   -14   -10     2   -10     2   -14    14   -14 
   16    -2   -14     8     4     8     4   -14    -2    16 
   16    -2   -14     8     4     8     4   -14    -2    16 
    4    18     6   -12    12    12   -12    -6   -18    -4 
   -4   -18    -6    12   -12   -12    12     6    18     4 
   -5    14    10     9     1    -9    -1   -10   -14     5 
    5   -14   -10    -9    -1     9     1    10    14    -5 
  -18    -2     2    14    -2    14    -2     2    -2   -18 
  -18    -2     2    14    -2    14    -2     2    -2   -18 
    6    22   -14     6    22     6    22   -14    22     6 
  -10     2    10   -14     2   -14     2    10     2   -10 
  -10     2    10   -14     2   -14     2    10     2   -10 
   -2   -10     2    -6   -14     6    14    -2    10     2 
    2    10    -2     6    14    -6   -14     2   -10    -2 
   -8     2    -2   -12     4    12    -4     2    -2     8 
    8    -2     2    12    -4   -12     4    -2     2    -8 
   24    -2   -14   -12   -16    12    16    14     2   -24 
  -24     2    14    12    16   -12   -16   -14    -2    24 
   12     6    18    16    12   -16   -12   -18    -6   -12 
  -12    -6   -18   -16   -12    16    12    18     6    12 
   -4    -2   -14     8     4     8     4   -14    -2    -4 
   -4    -2   -14     8     4     8     4   -14    -2    -4 
   13   -10     2    -1     7     1    -7    -2    10   -13 
  -13    10    -2     1    -7    -1     7     2   -10    13 
  -23    -6    18   -13   -21    13    21   -18     6    23 
   23     6   -18    13    21   -13   -21    18    -6   -23 
   -9   -22   -14    -9    -1    -9    -1   -14   -22    -9 
   -9   -22   -14    -9    -1    -9    -1   -14   -22    -9 
   18    30    18   -10    -6   -10    -6    18    30    18 
   18    30    18   -10    -6   -10    -6    18    30    18 
  -27    18    18   -27    21   -27    21    18    18   -27 
  -27    18    18   -27    21   -27    21    18    18   -27 
   -6    -6     6    -2   -30     2    30    -6     6     6 
    6     6    -6     2    30    -2   -30     6    -6    -6 
  -26   -30     6    18     6   -18    -6    -6    30    26 
   26    30    -6   -18    -6    18     6     6   -30   -26 
   10    30   -30   -18    -6   -18    -6   -30    30    10 
   10    30   -30   -18    -6   -18    -6   -30    30    10 
    5    -6    30    31   -33   -31    33   -30     6    -5 
   -5     6   -30   -31    33    31   -33    30    -6     5 
  -17    14   -22   -17    -1   -17    -1   -22    14   -17 
  -17    14   -22   -17    -1   -17    -1   -22    14   -17 
   -6   -18     6     6   -18    -6    18    -6    18     6 
    6    18    -6    -6    18     6   -18     6   -18    -6 
   11    22   -14    19   -29    19   -29   -14    22    11 
   11    22   -14    19   -29    19   -29   -14    22    11 
    5   -26   -10    31    -1   -31     1    10    26    -5 
   -5    26    10   -31     1    31    -1   -10   -26     5 
  -24    26   -14   -12    32   -12    32   -14    26   -24 
  -24    26   -14   -12    32   -12    32   -14    26   -24 
    2    38     2    34     2    34     2     2    38     2 
   16     2   -26    -8    -8     8     8    26    -2   -16 
  -16    -2    26     8     8    -8    -8   -26     2    16 
  -36    -6     6    -8     0     8     0    -6     6    36 
   36     6    -6     8     0    -8     0     6    -6   -36 
   34   -38    26     6   -34    -6    34   -26    38   -34 
  -34    38   -26    -6    34     6   -34    26   -38    34 
   18     6    18   -18    30   -18    30    18     6    18 
   18     6    18   -18    30   -18    30    18     6    18 
  -10   -14    10    10   -14    10   -14    10   -14   -10 
  -10   -14    10    10   -14    10   -14    10   -14   -10 
   17    14    -2   -29    19    29   -19     2   -14   -17 
  -17   -14     2    29   -19   -29    19    -2    14    17 
  -23    26     2   -39    17   -39    17     2    26   -23 
  -23    26     2   -39    17   -39    17     2    26   -23 
    8     6    18    -8   -36    -8   -36    18     6     8 
    8     6    18    -8   -36    -8   -36    18     6     8 
   26   -22    26   -18    26   -18    26    26   -22    26 
   26   -22    26   -18    26   -18    26    26   -22    26 
   -9   -18    -6   -19    -3    19     3     6    18     9 
    9    18     6    19     3   -19    -3    -6   -18    -9 
  -22    30   -18    -2   -42     2    42    18   -30    22 
   22   -30    18     2    42    -2   -42   -18    30   -22 
   -5    14    10   -13    11   -13    11    10    14    -5 
   -5    14    10   -13    11   -13    11    10    14    -5 
  -10   -30   -30   -42   -42   -42   -42   -30   -30   -10 
  -11    14   -14   -25   -41    25    41    14   -14    11 
   11   -14    14    25    41   -25   -41   -14    14   -11 
   -3    30    18   -17   -33    17    33   -18   -30     3 
    3   -30   -18    17    33   -17   -33    18    30    -3 
   27   -22   -38   -13    11   -13    11   -38   -22    27 
   27   -22   -38   -13    11   -13    11   -38   -22    27 
   24    34    34   -28   -20   -28   -20    34    34    24 
   24    34    34   -28   -20   -28   -20    34    34    24 
  -32    -6    18    24   -12    24   -12    18    -6   -32 
  -32    -6    18    24   -12    24   -12    18    -6   -32 
   15     6   -30    39    -9    39    -9   -30     6    15 
   15     6   -30    39    -9    39    -9   -30     6    15 
  -26   -10   -14    26    10   -26   -10    14    10    26 
   26    10    14   -26   -10    26    10   -14   -10   -26 
  -32    30    18     8   -48     8   -48    18    30   -32 
  -32    30    18     8   -48     8   -48    18    30   -32 
  -50    30   -30     6    30     6    30   -30    30   -50 
  -50    30   -30     6    30     6    30   -30    30   -50 
    8   -26   -38    48     8   -48    -8    38    26    -8 
   -8    26    38   -48    -8    48     8   -38   -26     8 
   38    10     2     2   -46    -2    46    -2   -10   -38 
  -38   -10    -2    -2    46     2   -46     2    10    38 
   47   -34     2    23    -1    23    -1     2   -34    47 
   47   -34     2    23    -1    23    -1     2   -34    47 
   28   -38    22   -16   -28    16    28   -22    38   -28 
  -28    38   -22    16    28   -16   -28    22   -38    28 
   18    -6   -18   -22    18    22   -18    18     6   -18 
  -18     6    18    22   -18   -22    18   -18    -6    18 
   10   -26   -10   -10    14    10   -14    10    26   -10 
  -10    26    10    10   -14   -10    14   -10   -26    10 
  -49   -34   -26    21   -11   -21    11    26    34    49 
   49    34    26   -21    11    21   -11   -26   -34   -49 
   18   -30   -18   -22   -30    22    30    18    30   -18 
  -18    30    18    22    30   -22   -30   -18   -30    18 
   28    10   -22    -8   -32    -8   -32   -22    10    28 
   28    10   -22    -8   -32    -8   -32   -22    10    28 
  -12   -42    18    52    12    52    12    18   -42   -12 
  -12   -42    18    52    12    52    12    18   -42   -12 
  -23   -18   -42    27     3   -27    -3    42    18    23 
   23    18    42   -27    -3    27     3   -42   -18   -23 
   46    22    34   -42   -22    42    22   -34   -22   -46 
  -46   -22   -34    42    22   -42   -22    34    22    46 
   11    46    26   -45   -29   -45   -29    26    46    11 
   11    46    26   -45   -29   -45   -29    26    46    11 
  -23    30   -42   -53     3    53    -3    42   -30    23 
   23   -30    42    53    -3   -53     3   -42    30   -23 
  -26   -46    46   -38   -14    38    14   -46    46    26 
   26    46   -46    38    14   -38   -14    46   -46   -26 
  -37   -26   -58    41    41   -41   -41    58    26    37 
   37    26    58   -41   -41    41    41   -58   -26   -37 
   14    -6    -6   -18   -42   -18   -42    -6    -6    14 
   14    -6    -6   -18   -42   -18   -42    -6    -6    14 
  -27    18    42   -41    15    41   -15   -42   -18    27 
   27   -18   -42    41   -15   -41    15    42    18   -27 
   33    18    18    -7     9    -7     9    18    18    33 
   33    18    18    -7     9    -7     9    18    18    33 
  -12     6    18    12    36    12    36    18     6   -12 
  -12     6    18    12    36    12    36    18     6   -12 
  -42   -30    18    38     6    38     6    18   -30   -42 
  -42   -30    18    38     6    38     6    18   -30   -42 
   59   -18     6    25    33   -25   -33    -6    18   -59 
  -59    18    -6   -25   -33    25    33     6   -18    59 
  -41    -6    -6    31    -9    31    -9    -6    -6   -41 
  -41    -6    -6    31    -9    31    -9    -6    -6   -41 
    2   -58     2   -62     2   -62     2     2   -58     2 
   18   -18    18    42    -6    42    -6    18   -18    18 
   18   -18    18    42    -6    42    -6    18   -18    18 
  -32     2    22     0   -20     0    20   -22    -2    32 
   32    -2   -22     0    20     0   -20    22     2   -32 
    4    14   -46    -8    56    -8    56   -46    14     4 
    4    14   -46    -8    56    -8    56   -46    14     4 
  -10    42    30    10   -30   -10    30   -30   -42    10 
   10   -42   -30   -10    30    10   -30    30    42   -10 
   -3    14    58    39    31   -39   -31   -58   -14     3 
    3   -14   -58   -39   -31    39    31    58    14    -3 
   -4    -2   -14   -20    52   -20    52   -14    -2    -4 
   -4    -2   -14   -20    52   -20    52   -14    -2    -4 
   53   -30    18   -51    21   -51    21    18   -30    53 
   53   -30    18   -51    21   -51    21    18   -30    53 
  -18    10    58    10   -22   -10    22   -58   -10    18 
   18   -10   -58   -10    22    10   -22    58    10   -18 
   14    10   -34   -10    62    10   -62    34   -10   -14 
  -14   -10    34    10   -62   -10    62   -34    10    14 
    8    58    62     0    20     0   -20   -62   -58    -8 
   -8   -58   -62     0   -20     0    20    62    58     8 
  -36    46   -46    32   -32    32   -32   -46    46   -36 
  -36    46   -46    32   -32    32   -32   -46    46   -36 
  -48   -14    -2    60    44   -60   -44     2    14    48 
   48    14     2   -60   -44    60    44    -2   -14   -48 
  -52    46     2    40   -16   -40    16    -2   -46    52 
   52   -46    -2   -40    16    40   -16     2    46   -52 
    8    10    58    40   -32    40   -32    58    10     8 
    8    10    58    40   -32    40   -32    58    10     8 
    1    -2   -14     1    25     1    25   -14    -2     1 
    1    -2   -14     1    25     1    25   -14    -2     1 
  -30    -2    10    -2   -34     2    34   -10     2    30 
   30     2   -10     2    34    -2   -34    10    -2   -30 
    6   -54    66   -26   -66   -26   -66    66   -54     6 
    6   -54    66   -26   -66   -26   -66    66   -54     6 
  -34   -14   -14   -58   -14   -58   -14   -14   -14   -34 
  -34   -14   -14   -58   -14   -58   -14   -14   -14   -34 
   -8   -10   -62    -4    -8     4     8    62    10     8 
