3 0
200
   -1     1    -1 
    0   -56     0 
   12    14    15 
    1     1     1 
    5 4     1 0     1 4 
   16   -56    24 
   51 -104    51 -104    14 -231 
    1 0     1 0     2 0 
  360 -210   360 -210   360 -210 
    3 2     3 2     2 3 
    1    -5    -3 
    0     0     0 
    0     0     0 

    1    -1    -1 
   -1     1     1 
    1     1    -1 
    1     1    -1 
   -1     1    -1 

   -1     1     1 
    1    -1    -1 
   -1    -1     1 
   -1    -1     1 
    2     0    -1 
    0    -2    -4 
   -2    -3    -3 
    2     0    -3 
    6     0     0 
   -6    -6     6 
   -2     3     2 
    2   -11    -1 
   -2     3    -6 
  -12     4     6 
    6     5     2 
  -12    -2   -12 
    6     8    -6 
   -6    -2    -1 
   -4     0   -13 
   -2   -10    11 
    6     8    11 
    4     3   -15 
   -6    -2    18 
  -10    -2   -19 
    8    14    14 
    6     3    15 
   -2   -12    12 
   -2     2     2 
   16     6     2 
   14    -1   -15 
   -6     4    -3 
   16    -5    -1 
   -6   -18     9 
   -2    12    12 
   22    22     3 
  -20     2     3 
   14    13    14 
  -14     0   -22 
   -6    -6    -9 
  -14    10   -12 
   12   -19   -10 
   -2    -8   -22 
    1    -1     1 
   -6    -5     5 
  -16    -2   -12 
   12    21     0 
   -6    14     8 
    6    -9   -22 
  -14    24   -18 
   -2   -22    15 
   -2     3     8 
   14   -17   -28 
  -20    -7    24 
    6    -6   -21 
  -12   -26    -9 
   18    -4   -21 
  -26     2   -13 
   14    26   -13 
    6    24    30 
   26     5   -12 
  -14    13   -33 
    6     0    -9 
  -16    30   -28 
    6    16   -10 
  -10    28   -27 
   -2    -7    -3 
  -26    -8    14 
    2    16   -22 
  -10    36   -10 
  -34     8   -10 
   -8   -19     6 
   -6    24     0 
   12   -13    -7 
   -6    -4    14 
   -2    32    -7 
   24    18   -27 
  -18    19   -30 
  -16   -18    14 
   22   -14    -7 
    6   -22   -36 
  -40    29   -27 
  -20   -18    35 
   32    38   -19 
  -34    31    26 
   22    33   -10 
   26    -5    14 
   38   -22     2 
   -2    -3    12 
    2     9     6 
   26    -9   -10 
   -6    18    -1 
  -42   -12   -24 
  -14   -18   -27 
   18     6    24 
    6    26    24 
  -38    28    -6 
    6    15   -18 
    2    38    38 
   18     4   -46 
  -26   -30   -16 
   14    -5   -12 
   42    42    18 
  -40    14    27 
  -14   -39    12 
    2    11   -13 
    4    41    32 
  -36    30     6 
  -22   -18    -3 
  -46    37    20 
  -10    32   -13 
    0   -16   -22 
  -30    10    29 
  -22    31   -36 
   12    26     6 
  -46   -10    21 
   18    32   -18 
  -28    26   -18 
   26    10   -27 
  -38    -3    14 
   38    38    32 
  -26   -37    23 
   34   -16   -22 
    0   -38    36 
    0    -8     0 
  -22    27    36 
   18     7    18 
    6    34    20 
  -24   -11    -1 
   -2     4    20 
    6    -4    41 
  -22   -36     8 
  -30    22   -13 
   -6     6    30 
  -34    20    48 
   -2   -38   -16 
   14    -6   -40 
  -12    31   -24 
   12   -26    12 
    0     4   -30 
   12     7   -12 
  -54    -3   -15 
   26     6    36 
  -44   -40   -39 
   26   -33    36 
  -30   -23   -40 
   30     5     2 
   14    14    -7 
  -22    21   -37 
  -18    20    57 
   10    18   -42 
  -34   -22   -19 
   50   -32    50 
   14    54    24 
    6    27    30 
   14    -2    57 
   30   -36   -18 
    8   -12     2 
  -26   -48    38 
  -18   -28     0 
  -16   -33     3 
   46    30    54 
   -2   -30    -9 
   -2   -19    47 
   -6    10     6 
   28    -2   -42 
  -26   -28   -34 
   46    17    47 
    6    26    50 
  -20   -30   -46 
   -6   -54   -45 
    6    -3   -15 
   44    34    -1 
   14    32   -22 
   -2   -17   -34 
   36   -16   -46 
   22   -42   -30 
   30   -36    24 
  -36    45    45 
    2    64   -36 
   48   -48    47 
   14    56    29 
  -50    40   -58 
  -58    13     5 
   42   -27    39 
   30   -14    57 
  -54    53   -39 
   30    24    42 
   18   -26   -22 
   58   -21   -55 
    4    38    14 
  -38   -25    20 
    2     6   -34 
   62    -6    11 
   22    -8    18 
   30     7    12 
    6    22     6 
   54   -27    42 
  -12   -38     5 
   12    -2   -46 
   10    18    -1 
