2 0
25
   -1    -1 
    0     0 
    4     2 
    1     1 
    3 0     3 0 
   24     8 
  -77 116   -77 116 
    0 1     0 1 
  348 232   348 232 
    3 0     3 0 
    3    -1 

   -1     1 
   -1     1 
    1     1 
    1     1 

    0     0 
    2     4 
    0     0 
    4    -4 
    6    -5 
    1    -1 
   -4     0 
   -6     2 
   -1    -1 
   -1    -1 
  -12     2 
   10     4 
   -8     9 
  -10   -10 
  -10    -8 
   -6   -13 
   -6    12 
   10     0 
  -12    15 
  -14     4 
  -10    -1 
   12    -4 
   -6     3 
   12   -16 
  -14     2 
