3 0
100
   -1    -1     1 
    0     0    48 
    7     6     3 
    1     1     1 
    1 4     4 5     1 0 
   16    64    48 
  -57 46    50 -15    10 -41 
    2 0     1 0     1 0 
 -132 12   144 120    60 -72 
    3 2     2 3     2 1 
    2    -2    12 

   -1     1     1 
   -1    -1    -1 
    1    -1     1 

    0     0     0 
   -1     0     3 
    0    -4     0 
    1     1     1 
    5    -2     5 
    0     2     0 
   -4     4     4 
   -3    -2    -3 
   -8     4     8 
   -4   -10    -4 
   -8    10     0 
   -4    -2     4 
   -2    -6     6 
   -2    -2     6 
    4    10   -12 
    3    -6   -13 
   -5    -4    -9 
    1   -10    13 
   -1     1    -1 
    1   -10    13 
    6    -2   -10 
  -16    -8    -8 
    3     6    11 
    7     6    -5 
   -3    14     1 
    0    -6   -16 
    0     0     8 
    4   -14   -12 
   -5   -14     3 
   -2    14     6 
   12    -6     4 
   15    18     3 
  -19    -8     9 
   -1    -8    -5 
   -6     2    10 
   12    -2   -20 
    7    -6     7 
   -9   -10    -5 
    7   -18   -17 
  -10     0    22 
    6   -18    -2 
    0    18   -16 
   -1   -14    11 
  -22   -14     2 
   10    16    -6 
  -18   -20    -2 
   26    10    -6 
   -4   -14    20 
   -8    -4   -16 
   21   -22    21 
    5    -2    -7 
  -11   -26    -7 
  -18     0   -18 
    7    24    27 
   14    -6   -10 
   -3   -22    29 
    5    22    -3 
    9     2   -19 
   20   -16    -4 
  -15   -14    -7 
    6    -6    30 
   19   -18    -5 
   -1   -10    31 
   14   -22   -10 
  -30    32   -14 
   -6   -24    18 
   -6   -18    10 
  -13   -30    11 
   23    14    -9 
  -10     6   -26 
  -17    36     3 
   -6   -24    -6 
  -22    30     2 
  -14   -14     2 
  -37   -10   -17 
   -5   -12    15 
   19    30     3 
   30   -14    22 
   24    22     8 
   26    18    10 
  -38    16    -6 
    3    22    19 
   10   -10   -30 
  -20    34   -20 
   28   -10   -20 
   34   -14   -30 
    4    30    -4 
   30     0    -2 
  -40   -40   -16 
   28    14   -28 
  -33    22     7 
  -26    36    30 
    9     4    37 
  -10     0   -10 
    2   -18   -30 
    0    26    -8 
  -30    -4   -14 
  -32    34   -32 
  -31    10    45 
   19    34    -5 
