3 2
200
    1     1     1 
    0   -16     0 
    8     4     8 
    1     1     1 
    4 5     1 0     4 5 
   64   -16    64 
   63 -98    89 98    63 -98 
    1 0     1 0     1 0 
  384 -168  -108 276   384 -168 
    3 2     1 2     3 2 
   -1    -4    -3 
    0     0     0 
    0     0     0 

   -1    -1    -1 
    1     1    -1 
   -1    -1    -1 
   -1    -1     1 

    0     0     0 
   -1    -1     1 
   -2     2    -2 
    1     1     1 
   -2    -2    -6 
   -5    -2    -5 
   -1    -2    -7 
   -7    -6    -3 
    3    -6    -3 
   -4    -2     0 
   -2   -10   -10 
   -4    -2     0 
    3     2    -9 
   -7    10    -3 
   -9    10     5 
   -2     6   -14 
  -10     2     6 
   -5   -10     1 
    1     1    -1 
   -4    10     4 
   -3   -14    -9 
  -14    14   -18 
    0    -6     8 
   13    10     7 
  -14    18    -2 
   -8    -2    12 
   -5    -6   -19 
   14    14   -10 
    2    -2   -14 
   -6    10    18 
    2    10    10 
  -10     2   -10 
   16    -2     8 
    3    14   -11 
  -19   -18   -15 
   -6    -2    10 
  -23    -2    -7 
  -13    22   -15 
   23    -2    -5 
   25   -14    -9 
   -1   -10     7 
   -8   -10    12 
   -2   -14    10 
  -13    18    11 
   26    26     6 
  -18   -14    18 
  -14    -2    14 
  -10    22   -10 
  -16     6    -4 
   -6    18   -14 
   -2    10   -14 
   -1    10   -11 
    6     6    -6 
   17   -26   -17 
  -29    -2     7 
    6     6   -26 
   -5   -10   -21 
   -1   -10   -11 
   12   -18    12 
   -6    -6   -22 
  -24    -2   -20 
   10     6    26 
   24    26    28 
   16    10   -16 
   12    18    32 
    3    18    -3 
   -6   -30    -2 
    9   -14    17 
  -10   -18   -18 
  -32    14   -16 
  -14    14    18 
    6     6    26 
   31    -6    -9 
   -1    22   -25 
  -26    14   -22 
  -38    18   -14 
   17   -10    13 
  -10   -18    -2 
  -37    14   -23 
  -32    -6     0 
   27   -10    -3 
   16    26   -20 
   14    26    34 
   11    -2    33 
   20     6    -8 
   -6    -6    34 
   22     2   -22 
  -10    22   -10 
   -6     6   -14 
   22    18   -30 
    8    10     8 
    1    -6     7 
   -3   -38    35 
   21   -14   -29 
    4   -10    12 
    2    -6    22 
    6     6   -30 
  -15    26     3 
  -38    22   -10 
  -27   -34    29 
    3    22    -1 
  -11    18   -29 
   20     6    40 
    4   -10   -40 
   13    18     5 
   27    42   -39 
  -20    14   -36 
    8    -6    16 
   12    26     8 
  -28    10    36 
   16     6   -16 
   14   -10   -14 
   10    34    18 
   -6   -18   -26 
  -39   -30    29 
    4    -2   -36 
    7    26   -39 
   39   -18     3 
   28    38   -20 
  -43   -10    31 
   -6    -6   -26 
    6     2    26 
   47   -42   -45 
  -34    42    18 
    7    -2    27 
  -18   -22    50 
    6    38    26 
  -47   -10     9 
  -13    -2   -29 
  -10   -34   -18 
    4    22   -16 
   -2   -26   -30 
  -20    18   -24 
   30    30    10 
    5   -14    21 
  -48    -6    40 
  -42   -26    14 
  -54    46   -26 
  -30    26    -2 
   46    50   -26 
  -15    46   -17 
   11    -2    45 
   15    38    35 
   -6    18    18 
  -20    30     0 
   42   -34   -10 
   -7   -10    35 
  -40   -10    16 
  -33   -22    -5 
   48    10   -40 
  -30    30   -34 
  -14     6   -22 
    2   -26    42 
  -42    30   -46 
   26    -6    50 
   45   -30    17 
   -7   -22    49 
   22    26   -58 
   38   -14   -38 
    0     6   -52 
   41   -34   -25 
  -14   -30    18 
   -8    18   -32 
   21    18   -23 
  -12    58   -24 
  -31     6    19 
  -49    38    47 
  -10   -30     2 
    1     2    -7 
  -15    14    -3 
  -31    34    15 
  -41    30   -49 
    1    14    25 
   46   -46     2 
   44    -6    28 
   14    26    30 
   -6    42    10 
  -26    18   -54 
  -48    30   -28 
  -56    46     8 
  -46   -58    38 
   63   -50   -27 
   26   -18    26 
   16    42   -44 
   27   -38    31 
   -9    42    17 
  -24    30    24 
   47    -2   -59 
   14    46    34 
   37   -38   -17 
   50    26   -30 
  -16    10   -16 
   -2     2    -6 
   -1    38    51 
   43    30   -57 
   27    18   -65 
   24    -6   -56 
   58    34   -54 
    4    50    52 
   16   -10     4 
