1 0
200
   -1 
    0 
    6 
    1 
    4 1 
   16 
   39 -110 
    1 0 
  336 -252 
    3 2 
    7 

    1 
    1 
   -1 
   -1 

    0 
    0 
    0 
    1 
   -6 
    4 
    4 
    0 
   -6 
    2 
    2 
    6 
   -6 
   -2 
    1 
   -2 
  -10 
   -4 
    2 
   -4 
    4 
    8 
    4 
    8 
  -12 
   14 
    0 
   -6 
   -2 
    2 
  -14 
  -14 
   -6 
    6 
  -10 
    2 
    6 
    0 
   16 
    6 
    8 
    2 
   -6 
   -6 
  -26 
    2 
    0 
  -14 
    6 
  -10 
   -4 
    4 
   22 
   26 
  -10 
  -28 
  -14 
  -10 
   -2 
    6 
    2 
    0 
   18 
   -6 
   -6 
  -18 
  -14 
   -6 
  -14 
  -16 
    2 
  -10 
  -22 
   34 
   -2 
   -6 
  -30 
  -24 
   22 
  -18 
   22 
  -38 
  -26 
   18 
   22 
  -32 
  -28 
   -6 
   -6 
  -26 
  -26 
    8 
  -30 
   30 
   12 
   38 
  -30 
  -10 
   38 
   -2 
  -34 
   42 
  -10 
  -30 
   22 
  -14 
    6 
    2 
   40 
   20 
   18 
   26 
  -18 
   14 
  -18 
   22 
  -14 
  -14 
   40 
  -18 
   46 
   14 
    2 
  -28 
   34 
  -46 
   10 
   10 
   -6 
   -8 
   46 
    2 
  -14 
   38 
  -32 
  -40 
  -22 
  -24 
    4 
   18 
   -6 
  -34 
    6 
  -42 
   26 
  -52 
   -6 
   -4 
  -26 
   38 
   42 
   38 
  -38 
   26 
   20 
  -20 
  -12 
  -28 
   42 
    4 
   54 
   -6 
  -10 
  -18 
    6 
  -46 
  -40 
   50 
  -22 
   22 
   48 
   -8 
  -14 
  -18 
   46 
   52 
    0 
  -38 
  -42 
  -38 
   44 
   54 
  -14 
  -12 
   52 
  -30 
  -56 
   14 
   62 
  -58 
    6 
   22 
   18 
   20 
   22 
    8 
  -48 
  -38 
   14 
    2 
