1 0
100
   -1 
    0 
    8 
    1 
    4 1 
   16 
  -45 -26 
    1 0 
  -84 -168 
    3 2 
    4 

   -1 
    1 
    1 
   -1 

    0 
   -2 
   -1 
   -1 
   -4 
    4 
    0 
    4 
    2 
  -10 
    2 
    6 
   -8 
    0 
    1 
    6 
   -6 
   -4 
    8 
  -14 
    2 
   -4 
   12 
   -2 
  -10 
    2 
  -18 
   -2 
   -2 
  -18 
   -6 
  -10 
  -10 
   -6 
  -18 
   -6 
  -12 
    4 
   -6 
  -10 
   -8 
   20 
    2 
  -14 
   -6 
   22 
    8 
   -4 
   22 
  -14 
   30 
   22 
  -16 
  -12 
  -22 
    6 
   18 
    6 
    2 
   -6 
  -30 
   14 
    6 
    6 
    2 
   14 
  -18 
  -18 
    0 
   28 
   -4 
  -24 
  -10 
  -14 
   -2 
    6 
   10 
    0 
    8 
  -34 
  -18 
  -30 
  -22 
   10 
   10 
  -30 
   26 
   38 
   30 
    6 
   -2 
   34 
   30 
   -6 
   14 
  -24 
    0 
   -2 
   -2 
  -42 
