2 2
200
   -1    -1 
    0     0 
    8     6 
    1     1 
    1 4     8 3 
   32    32 
   99 -62  -190 -135 
    1 0     2 0 
  420 12    12 -420 
    3 2     2 3 
    1    -1 

    1     1 
   -1     1 
   -1     1 

    0     0 
   -2     0 
    0     2 
    1    -1 
    2     1 
    2     1 
    2    -2 
   -6    -2 
   -6    -3 
    6     0 
  -10     6 
    6     1 
  -12     4 
   12    -2 
    2     3 
   12     6 
   -6    -6 
    6     4 
   -2   -11 
   -2     1 
   10     0 
    0   -15 
  -16   -13 
   18    -8 
  -18   -10 
   -4    10 
   18    15 
    2   -14 
   -2    10 
  -20   -10 
    6     5 
    2   -10 
  -18    21 
   14    19 
   10   -11 
   18   -18 
   -2     2 
   22    24 
  -24   -20 
   -6   -22 
   14    10 
  -22    16 
   10   -23 
   14     0 
   -8    12 
   24    10 
  -14     0 
   10     0 
   -6   -10 
  -24    15 
   -2   -29 
  -18    22 
  -24     0 
    0   -16 
    4     9 
  -14     6 
   -6    31 
   10    18 
   12   -29 
   18   -12 
  -30   -16 
   16    26 
    2   -16 
   34   -16 
  -12    33 
  -14   -10 
  -18   -31 
   -2     8 
   -2   -30 
  -14   -27 
    8    -8 
  -16   -14 
    6   -30 
    6     4 
  -34    26 
   20    -2 
  -34    21 
   -2   -26 
  -22    12 
  -34   -10 
  -12    -1 
   22   -35 
  -10   -22 
  -34    -6 
  -22    26 
   10    25 
    2   -28 
    4    -9 
  -36    18 
   -2    22 
   22    -1 
  -32     6 
  -18   -42 
  -12   -21 
    8   -44 
   30    21 
  -36    26 
   26    20 
    2    -6 
    6   -16 
    2    27 
   -8   -18 
    4   -16 
  -30    13 
    6     5 
    6    17 
    2    31 
  -12    12 
  -22   -13 
  -30   -38 
    1    -1 
   46    26 
   36    23 
    8    14 
   42   -24 
    6    40 
  -42    -6 
  -14     4 
   30    40 
  -10   -14 
  -22    17 
  -10    16 
    4   -18 
  -16     4 
   20   -29 
   32   -18 
   -6     6 
   10   -52 
    2   -12 
    2   -51 
   34   -38 
    2    20 
  -34    14 
   -6   -33 
  -14    41 
  -34     8 
   44    23 
  -28     6 
  -20   -24 
   12   -23 
   -4   -12 
  -40   -14 
  -18    32 
  -32   -20 
   -6    18 
   38    11 
   46   -50 
  -38    51 
  -10   -10 
    2    -9 
   42   -25 
  -38     2 
   -6    25 
   50   -51 
   16    -9 
   54    20 
  -54   -14 
  -46   -38 
  -12   -30 
  -38    33 
   32    18 
    2     1 
   26    48 
   12    31 
   22    18 
   38    -1 
   38    53 
   50   -30 
  -10   -18 
   16    49 
  -20     2 
   30    22 
   22   -50 
  -10    -8 
    6    34 
  -40   -42 
   30   -30 
  -32    50 
   -4   -15 
   14     6 
   42    25 
   14    -8 
   -6   -30 
   32    57 
  -48   -33 
    4   -21 
   14   -37 
   22    -5 
  -38   -43 
  -10     2 
    6    -6 
   -2   -35 
  -10   -20 
   12    48 
  -38    18 
   64     2 
  -14    28 
  -18   -23 
  -50    61 
  -50   -11 
