8 4
25
   -1    -1     1    -1    -1    -1    -1     1 
    0     0     0     0     0     0     0   -40 
   11     6    14    11     9     8     7     5 
    1     1     1     1     1     1     1     1 
    3 0     3 0     1 4     3 0     3 0     4 1     3 0     1 0 
   40    16    96     8     8    32    24   -40 
  -73 -120   -73 -120   -49 106   -73 -120   -73 -120   -49 106   -73 -120   -73 -120 
    0 1     0 1     1 0     0 1     0 1     1 0     0 1     0 1 
 -360 220  -360 220  -360 220  -360 220  -360 220  -360 220  -360 220  -360 220 
    3 0     3 0     3 2     3 0     3 0     3 2     3 0     3 0 
    5    -2    -1     1    -1     3    -3    -5 

   -1     1     1    -1     1    -1    -1     1 
   -1    -1     1    -1    -1     1    -1    -1 
    1     1    -1    -1    -1    -1    -1    -1 
    1    -1     1    -1     1     1    -1    -1 

    0     0     0     0     0     0     0     0 
    0     0     0     0     0     0     0     0 
   -1    -1     1     1     1     1     1     1 
   -1     4    -4    -1     1     2     3     5 
   -2    -2    -6    -2    -1    -4    -2    -2 
    2     4    -6    -4    -1     2     4     4 
    1    -2     0     5     0    -4    -7    -1 
    6    -6    -6    -4     4     4    -4     0 
    6     0    -2     0    -2    -6    -8     0 
   -3    -6    -2    -9    -7     2     7    -5 
   -5    -2   -10    -9    -5     2    -9     3 
   -3    -2    -8     9    -3     4    -3     7 
    0     2    -6    10   -11     6    -6     6 
   -6     0    -4     6     6    -2     6     2 
   -9     8     0     9   -10     2     5     3 
  -10    -2     0     6    10    -4     6     2 
    0    -6     6     2    -9    12    -6    -6 
    9   -14    12    -5     7   -14     7     5 
   10    -2   -10     4     5   -14     4    -8 
    4     2     2    -8    -3   -14     0     4 
   -3    16   -10    -1    10   -10    -9     7 
   -9    -6     6    17     6   -14   -15     9 
   -1     1    -1     1    -1    -1     1     1 
    4     6   -10   -18     0     0    -2    10 
   -9    10    12   -13   -18   -12     7    -7 
