2 0
25
   -1    -1 
    0     0 
    8     6 
    1     1 
    3 0     3 0 
 6992  6992 
   31 -138    31 -138 
    0 1     0 1 
 -414 -92  -414 -92 
    3 0     3 0 
 -874   874 

   -1    -1 
    1     1 
   -1     1 
    1    -1 

    1     1 
   -1    -1 
   -2     0 
   -1     1 
    4    -4 
    1     5 
    6     0 
    1    -1 
   -1    -9 
    4     6 
   -7    -7 
  -10     2 
   -6    -6 
   -6     0 
    1     5 
    5    -3 
   -4    12 
  -10   -10 
    8   -10 
    8     2 
   -6     2 
  -15     3 
    3    -3 
   -8   -10 
    8     8 
