4 0
25
   -1     1     1    -1 
    0    24   216     0 
   12     6     6     8 
    1     1     1     1 
    3 0     1 0     1 0     3 0 
   24    24   216    24 
   57 -130    57 -130    57 -130    57 -130 
    0 1     0 1     0 1     0 1 
 -390 -170  -390 -170  -390 -170  -390 -170 
    3 0     3 0     3 0     3 0 
    3     3    27     3 

   -1    -1    -1    -1 
    1    -1    -1    -1 
    1     1     1    -1 
   -1    -1    -1    -1 

    0     0     0     0 
    0     0     0     0 
   -1    -1    -1     1 
   -2     4     4     2 
   -2    -4     4    -6 
    3     5     1     1 
    2     0     8    -2 
    6     0     0     6 
    1     3     3     5 
   -5    -3     5    -1 
   -2     2    10    -2 
   11    -7    -3     1 
   -9    -3     9    -9 
    0    12    -4    -8 
    3     5     1     3 
    3     9   -11     9 
  -13     3   -13     1 
   -8     2     2    -8 
  -13    -1   -13    -1 
   10    14    14   -10 
   10    14   -10   -14 
   -4     0    -8     0 
  -11   -15     9   -11 
    2    14    14    14 
   13    -7    13     3 
