1 0
200
   -1 
    0 
    7 
    1 
    1 4 
   48 
  -12 -231 
   -1 -1 
  377 559 
    4 1 
  -13 

   -1 
    1 
   -1 
    1 

    1 
   -1 
    1 
   -1 
   -1 
    1 
    1 
   -5 
    8 
    0 
   -5 
    5 
   -2 
    0 
    5 
    4 
    4 
  -12 
    4 
    6 
   -8 
  -14 
   10 
   -8 
   12 
    0 
  -10 
    1 
  -15 
    6 
  -18 
    2 
    0 
   12 
   -6 
   -6 
   -8 
  -14 
   -4 
  -14 
    2 
    8 
    6 
   -2 
    5 
   21 
   -5 
   23 
  -29 
   -9 
   -8 
  -28 
  -29 
    1 
   -1 
   12 
  -24 
    8 
  -10 
    0 
  -25 
   21 
   15 
    7 
  -30 
   18 
   29 
   27 
  -15 
   11 
   36 
  -28 
   -2 
   22 
   10 
   10 
   -6 
  -18 
  -18 
  -24 
   10 
   16 
   -8 
   21 
   23 
  -21 
  -41 
   24 
   34 
  -10 
  -28 
  -29 
  -21 
  -26 
  -10 
  -27 
  -25 
   30 
   25 
  -23 
  -37 
   39 
  -21 
   45 
  -34 
    6 
    6 
   14 
  -35 
  -25 
   -6 
  -26 
  -22 
   28 
   30 
  -30 
  -36 
   24 
  -10 
   10 
  -29 
  -11 
   42 
  -30 
    8 
   -2 
  -22 
   10 
   11 
   -5 
    2 
   34 
  -32 
  -44 
    4 
   -2 
   21 
   31 
    0 
  -14 
   -3 
   11 
  -47 
  -21 
    0 
  -40 
   -7 
  -31 
  -26 
  -18 
   -5 
  -31 
  -23 
   39 
  -16 
  -24 
   54 
   -2 
   23 
  -45 
  -19 
   39 
   50 
   18 
  -12 
   28 
  -10 
  -16 
   40 
   36 
  -48 
  -49 
  -15 
    8 
   54 
  -51 
   15 
   46 
    6 
  -16 
  -40 
    4 
    8 
  -12 
  -10 
  -16 
   20 
    6 
  -28 
   38 
  -50 
   49 
   -5 
    6 
  -30 
  -26 
   54 
  -66 
    0 
   48 
