4 23
200
   -1     1     1    -1 
    0     0     0     0 
   10     9     6     6 
    1     1     1     1 
    3 0     4 1     4 1     3 0 
   32    16    16    16 
  143 0    99 -66    99 -66   143 0 
    0 1     1 0     1 0     0 1 
    0 -428   428 0   428 0     0 -428 
    3 0     3 2     3 2     3 0 
   -4     4    -1     2 
    1     1     1     1 
    0     0     0     0 

   -1     1     1    -1 
   -1    -1    -1    -1 

    0     0     0     0 
   -4    -3     0     0 
   -4    -3     0     0 
   -5    -2    -5    -5 
   -5     0    -3     5 
   -5     0    -3     5 
   -6    -6     0    -4 
   -6    -6     0    -4 
   -6     8     2     2 
   -6     8     2     2 
    3     4   -11    -3 
    3     4   -11    -3 
   -5    -3    -9    -1 
   -5    -3    -9    -1 
  -10   -14   -14     2 
  -13    -2   -11    -3 
  -13    -2   -11    -3 
  -11     0    15    -1 
  -11     0    15    -1 
    8   -12    -6    14 
    8   -12    -6    14 
    1     1   -11     5 
    1     1   -11     5 
   18   -16     2    10 
   18   -16     2    10 
    5   -12     3     3 
    5   -12     3     3 
  -18    -6     0    12 
  -18    -6     0    12 
    2    -8    16     4 
    2    -8    16     4 
    3    14   -13   -13 
  -10     3    -6    -6 
  -10     3    -6    -6 
   -9    20    -7   -15 
   -9    20    -7   -15 
    2     2    14    22 
    2     2    14    22 
    0   -15     6   -22 
    0   -15     6   -22 
  -16    13    22    26 
  -16    13    22    26 
    5     3    -3   -11 
    5     3    -3   -11 
   -3   -18    15   -25 
   -3   -18    15   -25 
   14    -5    22     6 
   14    -5    22     6 
  -17    27    15    -1 
  -17    27    15    -1 
  -18   -11   -26   -18 
  -18   -11   -26   -18 
  -12    12   -12    -4 
  -12    12   -12    -4 
  -14    10    16    -4 
  -14    10    16    -4 
    4   -13     8   -16 
    4   -13     8   -16 
    0   -24   -18   -30 
    0   -24   -18   -30 
   -7   -22   -25    31 
   -7   -22   -25    31 
    2   -21    -6     2 
    2   -21    -6     2 
    8   -15    18   -34 
    8   -15    18   -34 
   -3     5     5     5 
   -3     5     5     5 
    2   -30    -6   -14 
    2   -30    -6   -14 
    6   -24     6     6 
    6   -24     6     6 
  -37   -34   -13   -13 
  -26    14   -22    10 
  -26    14   -22    10 
   24     9     0     0 
   24     9     0     0 
   18    12    -6    -6 
   18    12    -6    -6 
  -24    12   -24     0 
  -24    12   -24     0 
  -20   -22   -22   -10 
  -20   -22   -22   -10 
  -13   -30    -3   -11 
  -13   -30    -3   -11 
   26   -14     4     8 
   26   -14     4     8 
  -30   -32    34   -22 
  -30   -32    34   -22 
  -13    41    -1   -25 
  -13    41    -1   -25 
   15    20    17   -31 
   15    20    17   -31 
  -38    -2    -2   -34 
  -38    -2    -2   -34 
   -6   -30     0   -28 
   -6   -30     0   -28 
  -37   -45   -45    35 
   12   -25   -16     0 
   12   -25   -16     0 
  -26    46   -14     2 
  -26    46   -14     2 
   -9    33    -9   -25 
   -9    33    -9   -25 
    3    -5   -17     7 
    3    -5   -17     7 
   -8   -44   -26    42 
   -8   -44   -26    42 
   -4    14    26   -26 
   -4    14    26   -26 
    2   -37    44    40 
    2   -37    44    40 
  -14    30   -18    30 
  -14    30   -18    30 
   34     2   -46   -30 
   34     2   -46   -30 
   46   -18   -18    30 
   46   -18   -18    30 
  -18     4   -38   -30 
  -18     4   -38   -30 
   32   -46    -4   -44 
   32   -46    -4   -44 
    6   -18    42     2 
    6   -18    42     2 
   50     5   -22    34 
   50     5   -22    34 
  -50    25    28     8 
  -50    25    28     8 
   -4    43     4    20 
   -4    43     4    20 
  -20    13   -26    18 
  -20    13   -26    18 
  -13   -35    19   -45 
  -13   -35    19   -45 
  -14     8    -4    24 
  -14     8    -4    24 
  -18   -39    12   -16 
  -18   -39    12   -16 
   -3    30    -9    23 
   -3    30    -9    23 
    6   -18    36   -32 
    6   -18    36   -32 
  -24    13   -38    -2 
  -24    13   -38    -2 
  -16   -26    46   -38 
  -16   -26    46   -38 
   16     7    -2   -38 
   16     7    -2   -38 
   21    22     1    33 
   21    22     1    33 
   28    25     4   -20 
   28    25     4   -20 
   -9     2    11     3 
   -9     2    11     3 
  -24   -38   -20    12 
  -24   -38   -20    12 
    3    10   -17    15 
    3    10   -17    15 
   -2    30   -30    -6 
   -2    30   -30    -6 
  -44     6     6   -54 
  -44     6     6   -54 
    2   -58   -58    38 
   21    38    41    -7 
   21    38    41    -7 
   46     2   -22    50 
   46     2   -22    50 
  -62    54   -30    26 
  -62    54   -30    26 
   36    58   -44    28 
   36    58   -44    28 
  -38    53     2    10 
  -38    53     2    10 
   22   -12   -12   -40 
   22   -12   -12   -40 
   26     9   -30    -6 
   26     9   -30    -6 
   54   -50     4    32 
   54   -50     4    32 
  -50     7   -56    -4 
  -50     7   -56    -4 
  -31     8   -61    19 
  -31     8   -61    19 
  -41    43    55    15 
  -41    43    55    15 
    5    60   -57    -9 
    5    60   -57    -9 
  -15   -46   -37   -21 
  -15   -46   -37   -21 
  -16    -6    18   -10 
  -16    -6    18   -10 
   39    43   -29   -45 
   39    43   -29   -45 
   35     6   -39   -47 
   35     6   -39   -47 
   43    39     3    -5 
   43    39     3    -5 
    4   -50    16    32 
    4   -50    16    32 
   69     8   -13   -53 
