1 0
200
    1 
  -20 
    5 
    5 
    1 0 
  -20 
  102 188 
    0 -1 
 -290 -87 
    1 1 
  -20 
    0 
    0 

   -1 
    1 
    1 

   -2 
   -4 
   -4 
    5 
   -1 
    4 
   -2 
   -7 
    1 
   -1 
    8 
    3 
   -3 
    2 
    5 
   -6 
   -6 
    2 
   -8 
   -6 
    4 
  -15 
    5 
   -2 
   -2 
  -13 
   12 
  -10 
   -1 
   14 
    9 
    2 
   18 
   18 
   -5 
   20 
   18 
    8 
   14 
  -16 
  -18 
   22 
  -11 
  -26 
   13 
    3 
  -10 
   20 
   -6 
   14 
    7 
    2 
  -12 
    3 
   20 
  -15 
  -22 
   28 
  -18 
   27 
  -26 
   14 
    4 
   14 
   18 
   18 
  -17 
   18 
   20 
    0 
   -1 
  -21 
  -28 
  -26 
  -16 
   10 
   30 
   28 
    3 
  -23 
   27 
  -10 
  -30 
   17 
   27 
  -11 
  -26 
  -20 
    5 
    8 
    8 
   32 
    2 
  -40 
  -20 
   22 
   -3 
  -10 
    2 
   17 
   18 
    3 
  -15 
  -30 
    8 
  -27 
  -26 
   -6 
  -13 
    2 
   29 
   24 
  -22 
  -42 
  -13 
  -18 
   34 
   39 
   -3 
   37 
    4 
  -21 
  -42 
   -7 
   17 
   12 
  -10 
  -25 
  -11 
   14 
  -17 
   38 
  -18 
  -48 
    5 
    0 
   -6 
  -51 
   18 
  -22 
   15 
    5 
  -48 
   -3 
   15 
   -5 
  -11 
   24 
   38 
  -42 
   18 
   13 
  -18 
  -18 
   60 
  -30 
   -7 
  -32 
  -18 
   17 
   24 
    4 
   27 
   18 
   38 
  -22 
   58 
  -30 
   20 
   34 
   -6 
  -28 
   57 
   19 
    4 
  -40 
  -25 
  -28 
   12 
   45 
   10 
   14 
  -26 
  -57 
  -17 
   35 
  -10 
    8 
   18 
   40 
   10 
  -26 
   44 
  -18 
    7 
  -26 
   54 
    2 
   17 
  -21 
