7 0
25
    1    -1     1     1    -1    -1     1 
    0     0   -64   -64     0     0    -8 
    8     8     8     8     6     6     2 
    1     1     1     1     1     1     1 
    4 5     4 1     1 0     1 0     4 1     4 1     1 0 
  128     8   -64   -64   128    16    -8 
  -45 -110   104 -5   118 67   118 67   -45 -110   -45 -110   118 67 
    1 0     1 0     1 0     1 0     1 0     1 0     1 0 
   84 -420   420 84   168 252   168 252    84 -420    84 -420   168 252 
    3 2     4 1     2 1     2 1     3 2     3 2     2 1 
   -1     1   -16   -16    -5    -1    -2 

   -1     1     1     1     1    -1    -1 
   -1    -1     1     1    -1    -1    -1 
   -1    -1     1     1     1    -1     1 
    1     1    -1    -1    -1    -1    -1 

    0     0     0     0     0     0     0 
   -2    -2    -2    -2     0     0     4 
   -4    -1     0     3    -4     0     0 
    1     1    -1    -1     1     1     1 
    1     1    -1    -1    -1     1    -1 
   -4    -5     6    -3    -6    -6     2 
    0    -7     2    -7    -4     4    -8 
    0     3     6     3     4    -4     0 
   -2     5     0    -9    -2     6     6 
   -6    -2     8   -10   -10     6    -2 
   -2     8    -2     4     2     2     2 
  -10     8   -10    -4    10    -6    10 
   -6    -5     4     7    12     0     0 
   -2     8    -2    -8     0     4    12 
   -1    -1     1     1     1     1     1 
   -2   -14    10    -2    -2   -10     6 
   -6     9     2    -1     6    14    -2 
   -4    10     6     6   -10     6   -10 
  -10    -3   -10    -1    -2    -6   -10 
    8   -11   -10    -1    14    -6    -2 
   -8     6   -10    14    -2     2    -2 
    8    -6    -4   -10    -4    12    -8 
    0    -6    10   -14     8     0    -4 
  -16     2    14    14    -2     2    14 
  -12     6    -2    10     6    10   -10 
