2 0
200
   -1     1 
    0     8 
   10     2 
    1     1 
    3 0     1 0 
   16     8 
  107 96  -118 67 
    0 1     1 0 
  288 -320  -304 16 
    3 0     2 1 
    2     2 
    0     0 
    0     0 

    1     1 
    1    -1 

    0     0 
   -4     4 
    3    -3 
    2     2 
    3    -3 
   -4     4 
   -6    -6 
    5     5 
   -9     9 
  -10    10 
    6    -6 
    7    -7 
    6     6 
    9     9 
   -8    -8 
   -4     4 
   -6     6 
    7    -7 
    2    -2 
   -1    -1 
   13    13 
  -10   -10 
   -6    -6 
    0     0 
  -15   -15 
   -1     1 
    0     0 
    2    -2 
  -17    17 
   -6    -6 
   -1    -1 
    4     4 
   21    21 
   13    13 
   18   -18 
  -20    20 
  -10    10 
    2    -2 
   18   -18 
  -13    13 
  -12    12 
   -1     1 
    9     9 
  -10   -10 
  -18    18 
   21   -21 
    8    -8 
   -6     6 
  -22   -22 
   18    18 
   -1    -1 
   18    18 
  -17   -17 
   12    12 
    5    -5 
  -27    27 
    4    -4 
  -12    12 
   15    15 
   11    11 
   14   -14 
   33   -33 
   13    13 
  -25   -25 
  -18    18 
    2    -2 
   18    18 
   -5    -5 
  -22    22 
  -25    25 
   -2    -2 
  -18   -18 
  -26   -26 
  -24    24 
   27   -27 
   29   -29 
  -16    16 
  -20    20 
   20   -20 
   22    22 
  -21   -21 
  -13   -13 
    8     8 
   -2     2 
  -13    13 
  -29   -29 
   34    34 
  -42   -42 
  -40   -40 
   15    15 
    4     4 
   36   -36 
  -30    30 
  -19    19 
  -32    32 
  -19   -19 
  -18   -18 
  -10   -10 
  -17    17 
    2    -2 
   12   -12 
  -30    30 
  -10   -10 
  -33   -33 
   22    22 
    6     6 
   20    20 
   -9    -9 
  -22   -22 
    4     4 
   30   -30 
   -6     6 
   46    46 
  -43   -43 
   -6    -6 
  -10   -10 
   24   -24 
   50   -50 
   -8     8 
  -10    10 
   14    14 
   22    22 
   43   -43 
   -1     1 
   18   -18 
   14   -14 
  -19    19 
   16   -16 
    4    -4 
  -26    26 
  -31    31 
  -20    20 
   -3    -3 
  -15   -15 
  -21   -21 
   19    19 
    6    -6 
    6    -6 
  -11    11 
  -20    20 
  -12   -12 
   17    17 
   13   -13 
  -50    50 
   -5     5 
   13   -13 
  -48    48 
   11   -11 
   52    52 
   -4    -4 
  -31    31 
    3    -3 
   -7    -7 
    6     6 
  -36   -36 
  -39   -39 
  -14   -14 
    2     2 
   14   -14 
  -43    43 
   42    42 
   18    18 
  -34   -34 
  -22   -22 
  -18   -18 
   -6     6 
  -13    13 
  -40   -40 
    1     1 
   18   -18 
  -21    21 
   63   -63 
   34   -34 
    8     8 
  -31   -31 
  -36   -36 
   -8    -8 
   50   -50 
    3    -3 
  -20    20 
   18   -18 
  -50    50 
    4    -4 
  -28   -28 
   34    34 
  -54    54 
    0     0 
   38   -38 
   31   -31 
   11    11 
   57    57 
   -7    -7 
  -21   -21 
   -4     4 
   28   -28 
   30    30 
   -9    -9 
   14    14 
  -67   -67 
  -10    10 
