5 0
25
   -1     1    -1    -1    -1 
    0    48     0     0     0 
    8     6     4     8     6 
    1     1     1     1     1 
    5 4     1 0     5 4     5 4     5 4 
   16    48    16    32   144 
  147 -86   119 68   147 -86   147 -86   147 -86 
    1 0     1 0     1 0     1 0     1 0 
  612 36   -18 306   612 36   612 36   612 36 
    3 2     1 2     3 2     3 2     3 2 
   -4    12    -3   -12    -4 

    1     1     1    -1     1 
    1     1     1    -1    -1 
    1     1     1     1     1 
    1    -1     1     1    -1 

    0     0     0     0     0 
   -1    -1    -1     1     1 
   -2     0     2    -2     0 
    0     0     0     0     0 
   -2     2    -2     2     2 
    2    -2    -2     4     4 
    2     6    -2     0    -8 
    2     6    -2     0     0 
    6     4    10    -6    -8 
   -1     1    -1    -1     1 
    2    10   -10     4    -8 
   -2     8    -2     0     6 
  -10     6     6    -2    10 
    6     0    -2     8   -10 
   -6    -2     2    -6     6 
    6    -8     2    -6    12 
   -6     6    10   -10    -6 
    6     2    -2    -6     2 
  -10     0     6     8    -2 
  -14    -2    -6     6   -10 
    2   -10    10   -14    -2 
  -14    18     6    -8     4 
    6   -14   -10   -10    -2 
   18    -6    18   -10   -14 
   10    -2   -14    -2     6 
