1 0
200
    1 
    0 
   10 
    1 
    3 0 
   16 
  -11 -102 
    0 1 
 -306 34 
    3 0 
   -2 

    1 
    1 
    1 
   -1 

    0 
   -4 
   -2 
   -2 
   -6 
    0 
   -1 
   -1 
    8 
   -2 
    8 
   -6 
    2 
    1 
    2 
   -2 
  -10 
    2 
   -6 
   -4 
  -10 
  -12 
   -6 
   -8 
   14 
  -10 
    0 
  -14 
  -10 
   -8 
   14 
  -14 
   18 
  -16 
    2 
    6 
  -18 
  -14 
   -6 
    6 
  -10 
   -6 
    2 
   -4 
  -18 
  -10 
   30 
  -28 
  -28 
   30 
   10 
   10 
    0 
  -14 
  -30 
  -10 
   -8 
  -10 
  -30 
   26 
   26 
   10 
  -34 
    6 
   14 
  -14 
  -36 
  -30 
  -14 
  -26 
  -18 
  -18 
    6 
   32 
  -16 
  -28 
  -16 
   24 
   10 
  -12 
   -2 
  -18 
   22 
   10 
   20 
   24 
   16 
   18 
  -34 
    2 
   12 
   18 
    6 
  -30 
   18 
  -20 
  -30 
   28 
  -34 
  -16 
   12 
  -42 
  -10 
   -6 
   -8 
    2 
   34 
  -18 
   36 
  -14 
  -26 
  -34 
   38 
   -6 
   -2 
   10 
   18 
   26 
   22 
   -6 
   50 
  -22 
  -22 
  -16 
   42 
  -38 
   44 
    6 
    6 
   -2 
  -36 
   30 
  -18 
  -18 
  -32 
  -40 
   48 
   14 
   30 
  -18 
  -30 
   38 
  -10 
   20 
   22 
  -26 
   46 
  -38 
  -54 
  -12 
  -14 
  -38 
  -46 
   18 
   24 
   42 
   42 
   38 
  -18 
  -30 
   10 
   -6 
   44 
   42 
   14 
  -26 
  -46 
   38 
  -54 
  -52 
   -6 
   34 
   26 
    4 
  -32 
   -6 
   24 
  -22 
  -50 
  -46 
   48 
  -50 
  -14 
   14 
    2 
   -4 
   24 
  -62 
   -2 
   50 
   58 
  -62 
   66 
   38 
  -42 
  -10 
   56 
  -36 
   30 
  -20 
