5 0
25
    1     1    -1    -1    -1 
   96    64     0     0     0 
   12     8    14    12     6 
    1     1     1     1     1 
    1 0     1 0     1 4     1 4     1 4 
   96    64     8     8    24 
  -23 -100   -23 -100   121 -4   121 -4   121 -4 
    0 1     0 1     1 0     1 0     1 0 
 -300 70  -300 70   370 230   370 230   370 230 
    3 0     3 0     3 2     3 2     3 2 
   12     8     3     3     1 

   -1    -1    -1    -1    -1 
    1     1    -1    -1    -1 
    1    -1     1     1    -1 
   -1     1     1    -1    -1 
   -1    -1     1    -1     1 

    0     0     0     0     0 
   -1    -1     1     1     1 
   -1     1    -1    -1     1 
   -2     2    -4    -2     4 
    1    -1    -1     1     1 
   -4     2     4    -7     0 
    6     2    -2    -3    -6 
    0     2     2    -3    -6 
    0     2     6     0   -10 
   -6     2    -4    -3     8 
   -4    10    -6     8    -6 
  -10     2     2     8    10 
   -6    10    -2    -3    -2 
    0    10    -8     6     0 
    8    10     8     8    -8 
    6     6     4    -9     0 
    6     6     2     9   -10 
  -10   -10   -10   -10   -14 
  -10    -2    10     8    14 
    1     1    -1     1    -1 
   14   -10     8     2    16 
    6    10    -6    15    -6 
   -6    18   -10     6   -10 
  -10   -14    -8    -4    -8 
    8    14   -14   -10     2 
