1 32
200
   -1 
    0 
    5 
    1 
    4 5 
   16 
 -128 -77 
    1 0 
 -436 -436 
    4 1 
   -1 
    1 
    0 

    1 
   -1 
   -1 

    0 
    1 
    1 
   -2 
    4 
    4 
   -2 
   -2 
    9 
    9 
   -8 
   -8 
  -12 
  -12 
  -14 
    4 
    4 
    5 
    5 
   -9 
   -9 
   13 
   13 
    5 
    5 
    2 
    2 
    1 
    1 
  -18 
  -18 
  -13 
   -3 
   -3 
   12 
   12 
   -5 
   -5 
   -6 
   -6 
   22 
   22 
  -25 
  -25 
   17 
   17 
   -6 
   -6 
    9 
    9 
   -8 
   -8 
   -8 
   -8 
  -14 
  -14 
  -12 
  -12 
   27 
   27 
   -9 
   -9 
  -28 
  -28 
   22 
   22 
   14 
   14 
  -15 
  -15 
  -21 
  -21 
  -13 
  -17 
  -17 
   12 
   12 
  -14 
  -14 
   33 
   33 
   17 
   17 
  -17 
  -17 
  -26 
  -26 
    0 
    0 
  -15 
  -15 
  -18 
  -18 
   14 
   14 
  -12 
  -12 
  -45 
    1 
    1 
    6 
    6 
   30 
   30 
   32 
   32 
   -6 
   -6 
    0 
    0 
  -34 
  -34 
   30 
   30 
  -10 
  -10 
   39 
   39 
  -42 
  -42 
    0 
    0 
  -14 
  -14 
   -2 
   -2 
   28 
   28 
    6 
    6 
   28 
   28 
    6 
    6 
   24 
   24 
   28 
   28 
  -26 
  -26 
   19 
   19 
   30 
   30 
   25 
   25 
  -16 
  -16 
  -33 
  -33 
   34 
   34 
  -31 
  -31 
    0 
    0 
  -34 
  -34 
   44 
   44 
    5 
    5 
  -62 
   37 
   37 
   -6 
   -6 
  -34 
  -34 
   42 
   42 
   14 
   14 
   54 
   54 
   18 
   18 
   34 
   34 
   53 
   53 
  -43 
  -43 
  -41 
  -41 
  -36 
  -36 
   47 
   47 
   -8 
   -8 
  -55 
  -55 
   10 
   10 
  -34 
  -34 
  -44 
  -44 
   20 
