1 0
200
   -1 
    0 
    2 
    1 
    4 1 
   32 
  110 -51 
    1 0 
  372 228 
    2 3 
   -5 
    0 
    0 

    1 
   -1 
   -1 

    0 
    4 
    0 
    1 
   -2 
   -6 
    6 
   -6 
   -4 
    0 
    6 
    2 
    0 
    0 
   10 
  -14 
  -10 
   -2 
   -2 
  -10 
   10 
   -4 
   -6 
   -2 
   14 
  -14 
  -12 
   -2 
  -14 
   10 
   -8 
   10 
   12 
  -14 
   22 
  -20 
  -18 
   10 
  -14 
   -6 
   10 
  -22 
   10 
   14 
  -22 
   -6 
   -6 
   14 
  -20 
   16 
  -10 
   18 
  -22 
  -28 
   -6 
  -20 
   10 
    2 
  -10 
   16 
   -6 
  -24 
    2 
   10 
    4 
   -2 
   -2 
   14 
  -22 
   -6 
  -26 
   24 
  -14 
    6 
   10 
  -10 
  -26 
  -26 
   -2 
   -6 
   36 
   -2 
    6 
   26 
   30 
    6 
    2 
    6 
   18 
   22 
   -2 
  -16 
    6 
  -36 
    4 
   30 
    0 
  -38 
   34 
   30 
  -36 
    8 
    6 
   16 
   34 
   26 
    6 
  -14 
   26 
    2 
   22 
  -34 
   -4 
   20 
  -18 
   -6 
  -12 
   -6 
    1 
  -10 
   46 
   14 
  -24 
  -40 
  -30 
   48 
   10 
   -6 
   34 
    2 
  -50 
    2 
   -4 
  -24 
  -46 
  -30 
   36 
   14 
   -4 
   18 
   26 
   40 
  -56 
   38 
   34 
  -46 
    6 
   14 
  -48 
    0 
   22 
   42 
  -42 
   30 
  -16 
  -50 
   34 
  -38 
  -58 
   50 
   26 
  -42 
   34 
   44 
  -18 
    6 
   38 
   38 
  -42 
  -30 
   24 
   30 
  -50 
  -50 
  -58 
  -28 
  -16 
   12 
   60 
   -2 
  -46 
   -6 
   42 
   24 
   20 
  -22 
   36 
   34 
   38 
   42 
   22 
  -46 
   14 
  -48 
  -60 
  -66 
  -38 
  -14 
   -2 
  -14 
