3 2
25
    1    -1    -1 
    0     0     0 
    6     6     4 
    1     1     1 
    4 1     1 4     4 5 
   16   128    16 
    3 -86  -177 166    50 -111 
    1 0     2 0     1 0 
  180 -252  -432 72   432 -72 
    3 2     3 2     2 3 
   -4     2     1 

    1    -1    -1 
    1     1     1 
   -1    -1    -1 

    0     0     0 
    0     0     2 
   -2     2    -2 
    0     0     0 
   -2    -2    -2 
   -6    -6    -2 
   -6     6     2 
    4    -4     6 
   -4     4     2 
   -6     6   -10 
  -10   -10    -2 
    1     1     1 
   -2     2    -6 
    2    -2     2 
   -2    -2     2 
   -6     6     6 
  -14    14    -2 
   10    10    -2 
  -10   -10    -2 
   -2    -2    10 
    6     6    -6 
    0     0     6 
    2    -2    10 
  -10   -10     2 
   10    10   -14 
