2 2
200
    1     1 
    0 -23040 
    9     3 
    1     1 
    0 0     1 0 
    0 -23040 
   33 0    20 39 
    0 1     1 0 
    0 -98     0 98 
    3 0     2 1 
  960 -5760 

   -1    -1 
    1     1 

    0     0 
   -3     3 
   -3     3 
   -5    -5 
   -2     2 
   -2     2 
   -3     3 
   -3     3 
   -6    -6 
   -6    -6 
   -1    -1 
   -1    -1 
   -6     6 
   -6     6 
    0     0 
    3     3 
    3     3 
    1    -1 
    1    -1 
    1    -1 
    1    -1 
  -15    15 
  -15    15 
   10   -10 
   10   -10 
  -15    15 
  -15    15 
   -1    -1 
   -1    -1 
    6     6 
    6     6 
  -13   -13 
  -21   -21 
  -21   -21 
    3     3 
    3     3 
   13   -13 
   13   -13 
    9    -9 
    9    -9 
   10   -10 
   10   -10 
   11    11 
   11    11 
   18    18 
   18    18 
  -11    11 
  -11    11 
  -21   -21 
  -21   -21 
    1    -1 
    1    -1 
   -3     3 
   -3     3 
   -3     3 
   -3     3 
  -13   -13 
  -13   -13 
   30    30 
   30    30 
   -6     6 
   -6     6 
  -23    23 
  -23    23 
   -9    -9 
   -9    -9 
  -34   -34 
  -34   -34 
  -26    26 
  -26    26 
   21   -21 
   21   -21 
  -37   -37 
  -25   -25 
  -25   -25 
   15    15 
   15    15 
   37   -37 
   37   -37 
    3     3 
    3     3 
  -11    11 
  -11    11 
  -22   -22 
  -22   -22 
   10   -10 
   10   -10 
  -18   -18 
  -18   -18 
   23    23 
   23    23 
    6    -6 
    6    -6 
   -3     3 
   -3     3 
  -39    39 
  -39    39 
  -37   -37 
   35    35 
   35    35 
  -33   -33 
  -33   -33 
   -9    -9 
   -9    -9 
    1    -1 
    1    -1 
   21   -21 
   21   -21 
  -14    14 
  -14    14 
  -25   -25 
  -25   -25 
    6     6 
    6     6 
   15    15 
   15    15 
   39    39 
   39    39 
  -11    11 
  -11    11 
   14    14 
   14    14 
  -27    27 
  -27    27 
  -18   -18 
  -18   -18 
   -1    -1 
   -1    -1 
   25   -25 
   25   -25 
    2     2 
    2     2 
   -3     3 
   -3     3 
   34   -34 
   34   -34 
   33   -33 
   33   -33 
  -42    42 
  -42    42 
  -33   -33 
  -33   -33 
   27    27 
   27    27 
    1    -1 
    1    -1 
   22   -22 
   22   -22 
  -15    15 
  -15    15 
  -13   -13 
  -13   -13 
  -18    18 
  -18    18 
    9    -9 
    9    -9 
  -26    26 
  -26    26 
  -27    27 
  -27    27 
  -18   -18 
  -18   -18 
  -13   -13 
   27    27 
   27    27 
  -59    59 
  -59    59 
  -10   -10 
  -10   -10 
   33   -33 
   33   -33 
  -50    50 
  -50    50 
   23    23 
   23    23 
   -6     6 
   -6     6 
    3     3 
    3     3 
   13   -13 
   13   -13 
   38    38 
   38    38 
  -15    15 
  -15    15 
   21   -21 
   21   -21 
   47    47 
   47    47 
   11    11 
   11    11 
    1    -1 
    1    -1 
  -27    27 
  -27    27 
   45   -45 
   45   -45 
   11    11 
   11    11 
  -37   -37 
