1 0
200
    1 
  -80 
    4 
    1 
    1 0 
  -80 
   27 100 
    0 1 
  300 -80 
    3 0 
   -8 
    0 
    0 

    1 
   -1 
    1 
    1 

    0 
    1 
   -1 
    6 
   -2 
    6 
   -6 
    6 
    6 
   -2 
   -6 
   -2 
    6 
   -2 
    2 
   10 
    6 
   -6 
   -2 
    6 
  -10 
  -18 
   18 
   -2 
   -2 
    6 
    6 
   18 
  -18 
    2 
    6 
  -10 
  -10 
   10 
   -6 
   14 
   14 
    2 
  -14 
    6 
    2 
  -10 
  -18 
   18 
  -18 
  -10 
  -26 
    6 
   22 
   -6 
  -18 
   -1 
    2 
   10 
    6 
  -14 
  -26 
   18 
   22 
  -18 
    6 
  -14 
  -14 
   34 
   26 
    2 
   22 
   34 
   -2 
  -10 
   14 
   10 
   22 
  -10 
  -30 
  -30 
    2 
   22 
   -2 
   30 
   30 
    6 
  -30 
   -6 
  -22 
   10 
   14 
  -18 
  -18 
   -6 
  -30 
   30 
   38 
  -26 
   10 
   -6 
  -22 
   10 
  -22 
   -2 
   42 
    6 
  -30 
  -30 
    2 
    2 
   42 
  -14 
   30 
  -26 
  -14 
   34 
   30 
   30 
  -18 
   14 
  -38 
   42 
   10 
  -26 
  -46 
  -50 
  -10 
   30 
  -38 
   34 
    6 
   42 
   -2 
   18 
   30 
   10 
   -6 
  -14 
  -46 
  -26 
   42 
  -26 
  -38 
  -30 
   26 
   26 
  -18 
  -38 
  -34 
   10 
   22 
   14 
  -18 
   -6 
    2 
  -18 
  -54 
   42 
    6 
  -34 
    2 
  -26 
  -18 
   10 
   42 
   18 
  -38 
   46 
  -10 
   42 
   26 
   50 
  -22 
   30 
   18 
   10 
   30 
  -26 
    6 
  -10 
  -38 
   18 
  -18 
   22 
  -14 
   26 
  -46 
  -46 
   22 
  -18 
  -30 
  -30 
  -10 
    6 
  -30 
  -46 
  -26 
    2 
   -6 
    6 
  -42 
  -30 
   50 
  -26 
