3 0
25
   -1    -1    -1 
    0     0     0 
    6     5     3 
    1     1     1 
    3 0     3 0     3 0 
  120    16    80 
   57 136    57 136    57 136 
    0 1     0 1     0 1 
  408 -170   408 -170   408 -170 
    3 0     3 0     3 0 
  -15    -2    10 

    1     1     1 
    1    -1    -1 
    1     1    -1 
    1    -1     1 

   -1    -1    -1 
    0     1     3 
    2     0    -4 
   -1     1     1 
    4     5     1 
    0     0     0 
   -1    -1     1 
   -1     1    -1 
   -1     4     4 
   -9     0     4 
    6    -1    -7 
    3    -2     2 
   -8     3    -7 
    5   -12     0 
   -4    -6    10 
    2    10   -14 
    1    12    -4 
   13     6    10 
   10    -3    -5 
  -13    -5   -11 
  -14   -14    -6 
    7    12    16 
  -15    -5    -5 
   11   -18     2 
    0     0   -12 
