1 0
200
    1 
 -336 
    6 
    1 
    1 0 
 -336 
  -25 36 
    1 0 
  -98 -14 
    1 2 
  -84 
    0 
    0 

    1 
    1 
   -1 

    0 
    0 
    0 
    2 
    6 
   -4 
    0 
    4 
    2 
    2 
   10 
   -2 
   -6 
    6 
    1 
    6 
  -10 
   12 
  -10 
   -8 
   16 
  -12 
    8 
  -12 
   -8 
    2 
   16 
   10 
  -10 
   18 
   18 
    2 
   -6 
    6 
  -18 
   -6 
   10 
   16 
  -24 
    2 
   -8 
  -18 
    2 
    2 
  -10 
   10 
    0 
   14 
   -2 
   -2 
   16 
    8 
   22 
    2 
    2 
    4 
   10 
   22 
    6 
  -18 
   -2 
    0 
   26 
    2 
   18 
  -18 
    2 
  -22 
   14 
  -16 
   -6 
  -10 
   18 
   -6 
  -18 
   -6 
   -6 
    8 
   10 
   -2 
    6 
  -30 
   38 
  -22 
  -18 
   28 
   -8 
   10 
   26 
  -26 
   38 
   32 
  -42 
  -38 
  -36 
  -34 
  -14 
  -10 
  -10 
   14 
  -18 
   18 
  -42 
  -14 
   30 
    2 
   22 
   26 
  -20 
    0 
    2 
   -6 
   30 
   30 
   30 
  -26 
   34 
  -14 
   16 
  -22 
  -26 
  -42 
  -26 
  -12 
   18 
  -38 
   26 
  -46 
  -50 
    0 
    6 
   10 
   50 
  -18 
  -20 
  -44 
  -42 
  -24 
  -12 
   22 
   -6 
   30 
  -42 
   22 
  -18 
   -4 
   54 
  -44 
  -18 
   30 
   18 
  -34 
  -30 
   18 
   48 
    8 
  -32 
    0 
   38 
   -4 
   22 
   58 
  -42 
   38 
  -50 
  -26 
   16 
   -6 
   50 
  -30 
  -24 
   40 
  -34 
  -58 
  -10 
   40 
   44 
  -38 
   30 
  -34 
   28 
  -50 
   26 
  -24 
   -8 
    6 
   16 
   38 
  -18 
   22 
    6 
  -50 
   34 
  -44 
   34 
  -12 
   60 
  -22 
  -50 
  -46 
