4 6
100
    1     1     1     1 
    0 -1728  -864  1080 
    4     4     2     1 
    1     2     1     5 
    7 0     1 0     1 0     1 0 
 1728 -1728  -864  1080 
  -15 -23    50 49    50 49    50 49 
    1 0     0 -1     0 -1     0 -1 
    0 -99   -99 0   -99 0   -99 0 
    3 2     1 1     1 1     1 1 
  108 -1728  -864  1080 

    1     1     1     1 
   -1    -1    -1    -1 

   -1    -1     1     2 
   -4     2     4    -1 
   -4     2     4    -1 
    0     0     0     0 
   -2    -2    -2     4 
   -2    -2    -2     4 
    2     2    -2     2 
    2     2    -2     2 
   -6     6     6     0 
   -6     6     6     0 
   -6     6    -6     3 
   -6     6    -6     3 
  -10     2    10     8 
  -10     2    10     8 
  -10     2   -10   -10 
    0    -6     0     6 
    0    -6     0     6 
   -6     6    -6    12 
   -6     6    -6    12 
   -2   -14    -2     4 
   -2   -14    -2     4 
    0     6     0   -15 
    0     6     0   -15 
    2     2     2    -7 
    2     2     2    -7 
  -14    -2    14    -2 
  -14    -2    14    -2 
   -2    -2    -2    10 
   -2    -2    -2    10 
   12     6   -12    -9 
   12     6   -12    -9 
    1     1     1     1 
    4    -2    -4     7 
    4    -2    -4     7 
   -2    22     2    10 
   -2    22     2    10 
  -10    14   -10    -7 
  -10    14   -10    -7 
   -6     6     6     6 
   -6     6     6     6 
   10    22    10     7 
   10    22    10     7 
  -14   -14   -14     4 
  -14   -14   -14     4 
    2    14    -2     2 
    2    14    -2     2 
    6     6     6    15 
    6     6     6    15 
    6   -30    -6   -24 
    6   -30    -6   -24 
  -26    10   -26    -8 
  -26    10   -26    -8 
    8    14    -8     2 
    8    14    -8     2 
  -16     2    16   -10 
  -16     2    16   -10 
   -2   -26    -2    -2 
   -2   -26    -2    -2 
    6    18    -6    18 
    6    18    -6    18 
  -18     6    18   -24 
  -18     6    18   -24 
  -34   -22   -34    -1 
  -34   -22   -34    -1 
   -4   -22     4   -13 
   -4   -22     4   -13 
   14   -22    14   -22 
   14   -22    14   -22 
   18     6    18    30 
   18     6    18    30 
   24   -18   -24    21 
   24   -18   -24    21 
   -2   -38    -2   -38 
   34    -2    34   -26 
   34    -2    34   -26 
   36    18   -36    15 
   36    18   -36    15 
  -14    -2   -14    -2 
  -14    -2   -14    -2 
   28   -26   -28    -2 
   28   -26   -28    -2 
    6    18     6   -30 
    6    18     6   -30 
   34   -26    34    22 
   34   -26    34    22 
   -2    34    -2   -11 
   -2    34    -2   -11 
  -32    -2    32   -35 
  -32    -2    32   -35 
  -18    18   -18   -12 
  -18    18   -18   -12 
    6    30    -6   -12 
    6    30    -6   -12 
  -24   -30    24   -15 
  -24   -30    24   -15 
  -12    30    12     3 
  -12    30    12     3 
  -30    18   -30   -45 
   22    46    22    -8 
   22    46    22    -8 
