1 0
200
   -1 
    0 
    8 
    1 
    4 5 
   48 
   41 116 
    1 0 
 -110 430 
    3 2 
    3 
    0 
    0 

   -1 
    1 
   -1 
    1 

    0 
   -1 
    0 
    2 
    2 
    2 
    0 
    2 
    6 
   -6 
   -2 
   -8 
    0 
  -12 
   12 
  -10 
    2 
    6 
   -2 
   -4 
   -2 
    2 
  -14 
  -14 
   -4 
  -14 
   10 
    4 
   -8 
   -6 
  -18 
  -10 
   14 
   10 
   -4 
    2 
   18 
   -2 
  -14 
    4 
   -2 
   -2 
    2 
    4 
    6 
   -1 
   14 
    6 
  -30 
  -26 
  -26 
   -8 
   -2 
    8 
   22 
  -20 
   22 
  -26 
    6 
   -4 
   -6 
  -10 
  -10 
  -20 
   -2 
   10 
   -2 
    6 
   18 
  -18 
   -2 
  -10 
   -2 
   32 
  -22 
   26 
    0 
    4 
  -22 
   10 
   -6 
   14 
  -10 
  -16 
  -22 
    2 
  -10 
   36 
   -8 
  -22 
   18 
   10 
    6 
   10 
   -6 
   30 
   22 
   -8 
  -38 
   34 
   18 
   22 
   24 
    0 
  -24 
    2 
   26 
  -18 
   28 
   -8 
  -26 
   14 
   -6 
   38 
   34 
  -12 
  -26 
  -46 
    0 
  -40 
  -12 
  -26 
   34 
   36 
   36 
   -6 
   50 
   26 
   40 
   34 
  -12 
  -42 
  -30 
   10 
   38 
   -6 
   22 
  -42 
  -12 
  -34 
   18 
    6 
   20 
   -8 
  -38 
   10 
  -26 
  -10 
   30 
   32 
  -34 
  -48 
   18 
   30 
  -28 
   42 
   -4 
  -14 
  -18 
  -26 
   20 
   58 
   38 
   30 
  -12 
  -46 
   38 
   46 
   34 
   34 
   24 
   42 
   30 
   54 
  -22 
  -10 
  -10 
   38 
  -46 
   42 
    0 
   34 
   56 
   14 
  -18 
  -10 
  -14 
  -30 
  -32 
   50 
  -30 
   46 
  -46 
  -14 
  -58 
   54 
  -18 
  -24 
  -28 
   10 
