4 14
25
   -1    -1     1     1 
    0     0     0   -16 
   10     8     6     2 
    1     1     1     1 
    4 1     4 1     4 9     1 0 
   72    16    96   -16 
  171 34   171 34   171 34   -44 133 
    1 0     1 0     1 0     1 0 
  444 444   444 444   444 444  -222 222 
    3 2     3 2     3 2     2 1 
   -8    -6     2    -4 

   -1    -1     1     1 
   -1    -1    -1    -1 
   -1    -1    -1    -1 
   -1    -1    -1    -1 

    0     0     0     0 
   -4    -2     0     4 
   -4    -2     0     4 
    1     1     1     1 
   -5    -2    -6     2 
   -5    -2    -6     2 
    7    -6    -4     0 
    7    -6    -4     0 
   -8     6    -8    -4 
   -8     6    -8    -4 
    1     1     1     1 
    1     1     1     1 
   -2    -6    10     2 
   -2    -6    10     2 
  -13   -14   -14   -14 
   -1     6    -6     2 
   -1     6    -6     2 
   14    14   -10   -10 
   14    14   -10   -10 
  -11    -6   -10     6 
  -11    -6   -10     6 
   -9    18    16    12 
   -9    18    16    12 
  -10     2     6    -2 
  -10     2     6    -2 
