7 0
200
    1     1    -1     1    -1    -1     1 
  -48     0     0     0     0     0   -32 
    6    14     8    14     6    12     8 
    1     1     1     1     1     1     1 
    1 0     4 5     8 3     4 5     7 0     3 0     1 0 
  -48    32    32    32    64    32   -32 
  147 20   111 -54   174 -11   111 -54   111 -54   147 20   147 20 
    0 1     1 0     1 0     1 0     1 0     0 1     0 1 
   60 -440   440 60   380 500   440 60   440 60    60 -440    60 -440 
    3 0     3 2     2 3     3 2     3 2     3 0     3 0 
   -6     1    -2     1    -2    -4    -4 
    0     0     0     0     0     0     0 
    0     0     0     0     0     0     0 

   -1    -1    -1    -1    -1     1    -1 
    1     1     1    -1    -1    -1    -1 
    1    -1    -1     1     1    -1    -1 
    1    -1    -1    -1    -1    -1     1 
    1     1    -1     1    -1    -1     1 

    0     0     0     0     0     0     0 
   -1    -1    -1     1     1     1     1 
   -1     1     1    -1    -1     1     1 
    4    -4     2    -4     4    -2     2 
    2    -2     2    -6     0     2    -2 
   -2    -6    -2    -2     0     2     4 
   -4    -8     2    -4    -2    -6     6 
   -1     1     1     1     1     1    -1 
    8    -8    -6    -4     4     2    -6 
   -1    -1     1    -1     1     1    -1 
   -2     2   -10    -6   -10    -2    -2 
    0    -8   -10    -8    -6    -2    -6 
    8    12     2   -12     0     6     4 
   10    -2     2    -6   -10    -6     0 
    6    -2    -2    -2    -6    10     6 
    0   -12   -10   -12    -2   -10    -6 
   12    -4     6   -12    -6   -10    -4 
    8    -8    -2     4     4     2    -6 
   -2   -14    14     6   -10    -2     8 
  -10   -10    -2     2   -14   -14    -6 
    4     8     2    -4    10   -14    10 
  -16     0   -18     0    12    14    18 
   14    -6     2   -14    18    -6    12 
   -2    10   -18     6   -16     6    -2 
   -6   -10    10     6   -18     2   -12 
    0   -12    18     0    12    -6     6 
    6    18    14   -10    18     6    -4 
   10    -2   -18    -6    14   -18    18 
   -2     6   -14     2   -14   -10    -2 
   -6   -14    14    -2    -6    -6    14 
   -4   -12     2    16    -2    18    -4 
  -12   -20   -10     4     4    14    -2 
   18     6    10     6     6    18    12 
  -22     6   -22     2    12   -10    18 
   18    -6    22    18     6   -18    10 
   18    -6   -10    -6   -18   -18     2 
   18    -6    -2     6   -22    -2    -2 
  -20     8   -10    -8    -2   -10    -2 
   -6    14     2    18     4   -22    -6 
  -24    -8    14    -8     6    -2   -18 
   10    10   -10   -22    10    22    -6 
   10   -14    22   -18     2   -10    -2 
   22   -14     2     2   -10   -14    -6 
   10    14   -22     2    -4    -2     8 
   -6    14     6    10     6     6    12 
   -6     6   -10    14   -18   -18     4 
    6   -22   -10     6     2    22    28 
  -20    -8   -14    -4     4   -22   -22 
   14   -14     2    -6    -2    18   -26 
   -6     6    18   -18    -6    26    24 
   14     2   -26    18   -10     2    22 
   18    -2   -22    18   -26   -14    10 
  -14    14   -26    -6    -8    22   -22 
   -6   -18    18    10     8     6    14 
   -2    14    14     6   -14    -2    26 
   -2    10    10   -26     6   -18    14 
    6    -6    -2   -10    20   -14    -2 
  -16   -12    -2   -12   -10    14   -22 
  -22    -2    18    10    -6    -6   -30 
  -26    -6   -22     6     6    10    30 
   18   -22   -18   -18   -22   -26   -14 
   -8    28     6   -12   -30     6   -14 
  -24     0   -14   -12     2     2    20 
   10     6   -22   -30   -16    14    -2 
   22    22   -18    -6    26   -18    -2 
  -30    -2    -2    26    12    -6    32 
   26    22    -2    26    32    22   -10 
    2    26    18     2   -18   -30    -2 
  -26   -34   -26    -2    10    22   -10 
  -22    26    30   -30   -10   -18    20 
  -24   -24   -30    12    14    18   -20 
  -16   -16    18   -12   -26    10    18 
   -2   -10    34    -2     6   -14    -8 
   26    10    10    22   -26   -10    -6 
   -6    22    -2    22    -6    22    -6 
   -6     2    -6     6   -18     6   -10 
   -8    24     6   -12     0    18    -6 
   30    14   -38     2   -14    22    34 
   -2    -2   -18   -22    -2   -18     6 
  -14   -34    10    14     6    -6   -24 
   22    14    18   -18    30   -30    38 
  -26    10   -22    22    -6    -6    32 
   34   -14    10   -30   -26    10    30 
  -20     8    22    20   -28   -22    24 
    2   -34    10    34    -6    -2    10 
   -2     2   -38     6    36    14   -16 
   -2    34    -6   -14    10    18     2 
  -26   -30    30     2     6    18   -34 
   10     2   -14    42   -18    18    -6 
   18     6    10    10    -8    14     2 
   26    14   -26   -38   -36   -10    14 
   18   -14    30   -30   -10   -18    30 
  -10   -18    30    14   -18   -18     2 
  -10   -26     6     6    10   -42   -30 
  -18    -2   -42   -34    10   -10    16 
  -40    -4    38   -28   -28   -18    38 
   18    18    42   -30   -14   -22   -42 
   38    -2     6     6     2    10    42 
   10   -30   -10     2    42    22    -8 
   14   -34    -2    10   -34   -10    14 
   14    18    38   -38    42    14   -30 
    2   -22     2     6   -38     6    18 
   10   -30   -38    -6   -10    10   -18 
    6    34   -46   -42    -2    -6    32 
  -42   -22    18    14    44    30    34 
   30    10    -6    34   -26    42   -16 
   36     4    -6    -8   -22    26    28 
   16   -24   -30   -36   -18    42     6 
   30    42   -10   -14    22   -22   -46 
   18   -22    10     2    10   -14    -2 
  -38    -2     6    18   -38     6    16 
    2   -38    38   -18    26   -26    10 
   36    -8    -6    20    22   -38    14 
   42   -38   -10    38    -6    18     6 
   46    42     2    -2    18   -30    30 
   44   -12     2   -12     8    -2    -2 
   10    22    30    26    46   -18     4 
  -34    -6    -6     6    24   -14    42 
   38    22   -26   -26     6    -2    22 
   18   -22    22   -38   -38   -10    34 
   26   -14    -2   -18   -50   -14    -2 
    2    -2   -14    22    -6     2   -34 
  -12   -20    -2    12     6    46   -28 
   26   -22     2   -42    18   -18   -14 
   12   -32   -26    52     4   -30    12 
   20   -20   -18   -40    48   -22   -50 
    8   -44   -30   -16   -16    18    10 
  -46   -14   -10   -46    14   -10   -44 
    4   -28    -2   -20   -14    38   -34 
   26   -50    -2   -22   -34    14    34 
  -42    22    18   -22    26    -2   -22 
   34    38    34   -46    20    34   -10 
   48   -20   -34   -12   -28    30   -22 
   40    12   -18    36    36   -34    10 
  -32     0   -26    40     4    38    18 
   30    -6   -22    -6    26   -14    32 
    6   -30   -18    26     6   -34    32 
  -46    54    38    26     4   -30   -12 
    2    38    46   -14   -30    -2   -20 
   12   -36   -18    36    42   -18   -20 
    6    38    10   -26    18    -6    30 
   36   -16     6   -16    12    46     6 
  -34   -42   -26   -18    -2   -34   -42 
    8   -16   -10    36    52    -6   -18 
   38     2    22    14    -2    -2   -20 
   34   -46    30    -6    46   -42     2 
   -6    14     6   -10    34   -42    16 
   -4   -16   -10    40   -46    14    42 
  -40   -24   -30    12     2     2    48 
  -34    -6   -46   -18   -20   -10   -42 
   -8    28    -2   -28   -46    -2   -22 
  -10    10   -34   -58    48     2    26 
  -38    18    18    34    18    -6    30 
    2   -14    -2    42    22    18    -2 
  -12    12    18    20    20   -42   -10 
   14    30    50    30    42    42   -26 
   28    56   -38   -52   -14    -6    22 
   40   -28   -38    40    -2   -38    42 
   50   -30   -18    10   -30   -50   -50 
  -38   -10   -26   -46    22    38   -48 
   58   -38    46   -26   -10    -6    42 
  -22     6   -54    14   -38   -38   -40 
   20   -24   -26    24     8   -50   -14 
  -20   -24    42    20   -22    58   -42 
   36    -8     2   -36    30   -38    10 
   10    62    10    26    16   -22    22 
   14    26   -42    22     2     6   -28 
   -6    10    -6   -14    -2    -6   -20 
    8   -16   -58   -40    36   -10   -22 
   30    42     6   -22    18   -42    -8 
  -44   -48   -10   -24    18    46   -22 
   34    22     6     2    14    54   -24 
  -14   -46   -34   -34    50    14    14 
  -54    22   -22   -42   -26   -62    38 
  -10    34    10   -42    24    46     4 
   30    14   -38    30    18    42    12 
   12    44    30   -36    24    38    18 
   -6    -6    30   -30     2   -18     4 
  -42    30   -18    18     6   -50    -6 
  -10    22   -22   -38   -14    22    26 
   26   -26    10    10   -22   -26   -46 
   10   -22    38   -26   -38    38    26 
  -26    -2    -6   -14    22     6    54 
  -16    36   -54   -32    -6    10   -34 
   32    20   -22    -8     6   -22     2 
  -14   -54    54   -10   -54   -10    -6 
   38    -6    30    14   -30   -10   -56 
  -10    10   -34   -58     2    -2   -62 
   34    46    -2    26     8     2   -54 
  -30    10    26   -14    46    10    10 
    2    66    38   -22    38   -22   -42 
   -6     2    34     2   -62    66   -14 
   46    18    10   -22    14    58   -36 
   64   -56    -2   -60    28    18    30 
   54    14    42    -6   -62    22   -38 
   10   -42   -38   -34   -10    42   -54 
    6    46    -2    26    22   -38    -6 
   -4   -16    -6   -64   -12   -58   -28 
   -2    18    34   -34   -50   -62    68 
  -34    54    18    10   -34    46    14 
