12 0
25
   -1    -1    -1    -1     1    -1    -1     1    -1     1     1    -1 
    0     0     0     0   392     0     0   280     0    16   -24     0 
    9     9     8     7     7     7     5     5     5     4     3     3 
    3     1     2     1     7     1     1     7     1     2     1     3 
    4 1     4 1     4 1     4 1     1 0     4 1     4 1     1 0     4 1     1 0     1 0     4 1 
  216     8    32     8   392     8     8   280     8    16   -24   216 
  143 -202   143 -202   143 -202   143 -202    -6 -141   143 -202   143 -202    -6 -141   143 -202    -6 -141    -6 -141   143 -202 
    2 0     2 0     2 0     2 0     1 0     2 0     2 0     1 0     2 0     1 0     1 0     2 0 
  416 -160   416 -160   416 -160   416 -160   128 -288   416 -160   416 -160   128 -288   416 -160   128 -288   128 -288   416 -160 
    3 2     3 2     3 2     3 2     2 1     3 2     3 2     2 1     3 2     2 1     2 1     3 2 
  -15     3    -2    -3    98    -1     1    70    -1     4    -6    -9 

    1    -1     1     1     1     1     1     1     1    -1     1     1 
    1    -1     1     1    -1     1     1    -1     1     1    -1     1 

    0     0     0     0     0     0     0     0     0     0     0     0 
   -3    -3    -2    -1    -1    -1     1     1     1     2     3     3 
   -3    -1     0    -1     1     3    -3    -1     1     0     1     3 
   -4     4    -6     4     4     0     0     4     4    -6     4    -4 
    4     0    -4    -4     0    -4     4     0     4     4     0    -4 
   -4    -4     2     4     0     4    -4     0    -4    -2     4     4 
   -3    -1     6    -3     3     1     1     3    -3     6    -1    -3 
    0     0    -2     0    -4     0     0    -4     0    -2     0     0 
    6    -6     0    -6    -2     2    -2     2     6     0     6    -6 
    3    -5    -6     1     9    -7     7    -9    -1     6     5    -3 
   -7     3     4    11    -3    -1     1     3   -11    -4    -3     7 
    7     7     6     5   -11    -3     3    11    -5    -6    -7    -7 
    0    -4     6     0     0    -8    -8     0     0     6    -4     0 
   -9     7    -6    -9     7    -9    -9     7    -9    -6     7    -9 
   -4    -4    10   -12     8     8     8     8   -12    10    -4    -4 
   -3     7    -4    -9     9    11   -11    -9     9     4    -7     3 
    0     0    12     8    12    -4     4   -12    -8   -12     0     0 
   -1   -11     0     5   -13     1    -1    13    -5     0    11     1 
   -8     4    -4     0    -8    -4     4     8     0     4    -4     8 
   -2    10    -6    14    10     6     6    10    14    -6    10    -2 
  -11     7    10     5     3     1     1     3     5    10     7   -11 
  -15    -5     2     9    15    13    13    15     9     2    -5   -15 
   -3    15   -14   -11   -13    -7    -7   -13   -11   -14    15    -3 
   10     2     2    10    14     2     2    14    10     2     2    10 
   -1     1    -1    -1     1    -1    -1     1    -1    -1     1    -1 
