12 0
25
   -1    -1    -1    -1     1    -1     1     1    -1     1    -1    -1 
    0     0     0     0   392     0    24   280     0   -40     0     0 
    9     9     7     7     7     6     6     5     5     5     3     3 
    3     1     1     1     7     2     2     7     1     1     1     3 
    1 4     1 4     1 4     1 4     1 0     1 4     1 0     1 0     1 4     1 0     1 4     1 4 
  216     8     8     8   392    32    24   280     8   -40     8   216 
 -241 54  -241 54  -241 54  -241 54    90 -109   202 -143    90 -109    90 -109  -241 54    90 -109  -241 54  -241 54 
    2 0     2 0     2 0     2 0     1 0     2 0     1 0     1 0     2 0     1 0     2 0     2 0 
 -416 -160  -416 -160  -416 -160  -416 -160   288 -128   416 160   288 -128   288 -128  -416 -160   288 -128  -416 -160  -416 -160 
    3 2     3 2     3 2     3 2     2 1     2 3     2 1     2 1     3 2     2 1     3 2     3 2 
  -27    -3    -1    -3    98    -2     6    70    -1   -10     1     3 

    1     1    -1     1     1     1    -1     1     1     1     1     1 
    1     1    -1     1    -1     1     1    -1     1    -1     1     1 

    0     0     0     0     0     0     0     0     0     0     0     0 
   -3    -3    -1    -1    -1     0     0     1     1     1     3     3 
   -3     1    -3    -1     1    -2     2    -1     1     3    -1     3 
   -4     0     4     4     4    -6    -6     4     4     4     0    -4 
   -4    -4    -4     4     0     2    -2     0    -4     4     4     4 
    4     4     0    -4     0    -4     4     0     4     0    -4    -4 
    0     0     0     0    -4    -2    -2    -4     0     0     0     0 
   -3     1    -1    -3     3     6     6     3    -3    -1     1    -3 
    3     7    -5     1    -9    -6     6     9    -1     5    -7    -3 
    6    -2    -6    -6     2     0     0    -2     6     6     2    -6 
    7     3     7     5    11     6    -6   -11    -5    -7    -3    -7 
   -7     1     3    11     3     4    -4    -3   -11    -3    -1     7 
   -9    -9     7    -9     7    -6    -6     7    -9     7    -9    -9 
    0    -8    -4     0     0     6     6     0     0    -4    -8     0 
   -4     8    -4   -12     8    10    10     8   -12    -4     8    -4 
    0     4     0     8   -12    12   -12    12    -8     0    -4     0 
   -3   -11     7    -9    -9    -4     4     9     9    -7    11     3 
   -8     4     4     0     8    -4     4    -8     0    -4    -4     8 
   -1    -1   -11     5    13     0     0   -13    -5    11     1     1 
  -11     1     7     5     3    10    10     3     5     7     1   -11 
   -2     6    10    14    10    -6    -6    10    14    10     6    -2 
   -3    -7    15   -11   -13   -14   -14   -13   -11    15    -7    -3 
  -15    13    -5     9    15     2     2    15     9    -5    13   -15 
   -1    -1     1    -1     1    -1    -1     1    -1     1    -1    -1 
   10     2     2    10    14     2     2    14    10     2     2    10 
