1 0
100
   -1 
    0 
    6 
    1 
    3 0 
   16 
   43 51 
   -1 0 
  -85 -102 
    2 0 
   -2 

    1 
    1 
    1 

   -1 
    1 
   -4 
    6 
    3 
   -3 
   -1 
   -1 
   -6 
    4 
    1 
   -2 
    4 
   -4 
   -1 
    4 
   -5 
   -9 
   -2 
   -9 
    9 
   -3 
   11 
    5 
   13 
   -8 
   -2 
    9 
    7 
    2 
    2 
   -6 
   -2 
    5 
   11 
  -16 
   -6 
    6 
   12 
  -11 
    7 
   16 
    2 
    2 
    0 
  -14 
   16 
    0 
  -12 
    4 
   -2 
  -18 
   18 
   -5 
   29 
    0 
  -20 
  -13 
   -3 
   30 
    0 
  -13 
   21 
  -21 
   13 
   12 
    0 
    6 
  -26 
   12 
    4 
    4 
  -18 
  -26 
  -30 
  -14 
  -16 
   21 
  -11 
  -21 
    9 
   26 
  -10 
  -10 
    6 
   22 
   26 
   -4 
    0 
    4 
  -10 
   -4 
  -24 
  -20 
   31 
   -3 
    1 
  -19 
  -26 
  -38 
