1 0
100
   -1 
    0 
   12 
    3 
    2 1 
   24 
    0 -5 
    1 0 
  -56 0 
    1 -1 
   -3 
    1 
    0 

   -1 
   -1 

    1 
   -2 
    0 
    0 
   -4 
   -4 
    6 
    6 
    0 
    0 
  -10 
   -4 
   -4 
    6 
    6 
    8 
  -12 
  -12 
    1 
    6 
    6 
   -6 
   -6 
   -4 
   -4 
    8 
    8 
   -6 
   -6 
  -10 
  -10 
    0 
    0 
   -4 
   -4 
   12 
   12 
    2 
    2 
  -16 
  -16 
   14 
   14 
  -12 
  -12 
  -12 
  -12 
   20 
   20 
   14 
   14 
  -18 
  -18 
   -4 
   -4 
   24 
   24 
  -18 
  -18 
  -12 
  -12 
  -16 
  -16 
   -6 
   -6 
  -22 
  -22 
   24 
   24 
    2 
    2 
  -24 
  -24 
    6 
    6 
   14 
   14 
   18 
   18 
  -24 
  -24 
  -34 
    8 
    8 
  -16 
  -16 
   20 
   20 
  -18 
  -18 
   24 
   24 
    8 
    8 
  -12 
  -12 
   12 
   12 
  -36 
  -36 
