2 6
100
    1     1 
    0  -120 
   15    15 
    5     5 
    2 1     1 0 
  160  -120 
   17 0  -183 0 
    1 0     0 1 
   50 0   -50 50 
    3 0     3 0 
   30   -40 

   -1    -1 
    1     1 

    1     1 
   -5    -5 
   -3    -3 
   -3    -3 
   -4     4 
   -4     4 
   -3     3 
   -3     3 
    6    -6 
    6    -6 
    0     0 
    2     2 
    2     2 
   -3    -3 
   -3    -3 
   -4     4 
   12   -12 
   12   -12 
  -10   -10 
    6    -6 
    6    -6 
    0     0 
    0     0 
  -13    13 
  -13    13 
  -10   -10 
  -10   -10 
   -9     9 
   -9     9 
    2    -2 
    2    -2 
  -18   -18 
  -18   -18 
   -4     4 
   -4     4 
   -3     3 
   -3     3 
  -10   -10 
  -10   -10 
    2    -2 
    2    -2 
    5     5 
    5     5 
   12   -12 
   12   -12 
  -24    24 
  -24    24 
    2     2 
    2     2 
  -19    19 
  -19    19 
  -18    18 
  -18    18 
   20    20 
   20    20 
    0     0 
    0     0 
   27    27 
   27    27 
    0     0 
    0     0 
    2     2 
    2     2 
  -18   -18 
  -18   -18 
   11   -11 
   11   -11 
    6    -6 
    6    -6 
   17   -17 
   17   -17 
  -18   -18 
  -18   -18 
   12   -12 
   12   -12 
  -13    13 
  -13    13 
    6    -6 
    6    -6 
   30    30 
   30    30 
  -13   -13 
  -28    28 
  -28    28 
  -25   -25 
  -25   -25 
  -28    28 
  -28    28 
   -3    -3 
   -3    -3 
  -18   -18 
  -18   -18 
  -40   -40 
  -40   -40 
   -9     9 
   -9     9 
   12    12 
   12    12 
   30    30 
   30    30 
