1 0
100
    1 
   12 
    6 
    1 
    1 0 
   12 
  215 52 
    0 -1 
 -143 39 
    2 0 
    4 
    0 
    0 

   -1 
   -1 
   -1 

   -1 
    2 
   -4 
    4 
    1 
    1 
    1 
    2 
    8 
    4 
   -6 
    8 
    0 
   -6 
    2 
  -12 
    0 
   -8 
   10 
   10 
  -14 
   -8 
   12 
   -4 
    4 
    8 
   -8 
   -4 
  -12 
    2 
   -6 
    6 
  -10 
   12 
    4 
   12 
   -8 
  -18 
   10 
    8 
    0 
   -4 
   -8 
    0 
  -16 
   -6 
    6 
   22 
   -2 
   18 
    2 
  -10 
   14 
  -10 
  -10 
    8 
   28 
   28 
   12 
    2 
    6 
    8 
   16 
  -22 
   18 
  -32 
   28 
   -2 
  -18 
    4 
   12 
    8 
   32 
   22 
   -6 
   -2 
  -30 
  -14 
    2 
    0 
   24 
   -2 
  -28 
   16 
   20 
   20 
  -34 
  -18 
  -30 
  -18 
  -28 
  -40 
    8 
   -8 
    4 
   20 
   26 
   14 
   28 
    0 
