1 0
100
    1 
  -64 
    8 
    1 
    1 0 
  -64 
  -54 5 
    1 0 
    0 54 
    1 -1 
   -6 

   -1 
    1 
    1 

    1 
    0 
   -1 
    4 
   -6 
   -2 
   -6 
   -6 
    6 
    6 
    2 
    8 
    8 
   -6 
    2 
   -4 
   -6 
   10 
    6 
   12 
   -4 
   -4 
   12 
   12 
    4 
   -4 
    8 
    8 
   16 
   14 
  -18 
  -12 
   -8 
  -12 
    4 
    8 
  -16 
   14 
   10 
    8 
  -20 
    4 
   -4 
  -18 
  -22 
  -16 
   12 
   18 
   18 
   14 
   -2 
   24 
  -12 
   -2 
    6 
   -6 
  -18 
   12 
   12 
  -24 
  -16 
    8 
  -28 
    6 
  -18 
   -4 
   28 
   16 
   20 
   12 
  -28 
   -6 
  -30 
  -24 
    8 
   -2 
   22 
  -18 
  -10 
  -10 
   18 
   -6 
    8 
   -8 
  -12 
   -4 
  -22 
   -6 
  -14 
   10 
   14 
   18 
  -32 
    4 
   24 
  -24 
  -36 
    8 
   10 
    6 
