6 19
100
   -1     1     1    -1     1     1 
    0     0     0     0   108   108 
   16    16    12    12     9     9 
    1     1     1     1     1     1 
   -1 3     3 0     3 0    -1 3     1 0     1 0 
   24    80   144   120   108   108 
   67 10    37 70    37 70    67 10    37 70    37 70 
    1 0     0 1     0 1     1 0     0 1     0 1 
  200 30   220 -10   220 -10   200 30   220 -10   220 -10 
    3 0     3 0     3 0     3 0     3 0     3 0 
    6    10    18   150    12    18 

   -1    -1    -1    -1    -1    -1 
   -1    -1    -1    -1    -1    -1 
    1    -1    -1     1    -1    -1 

    1     1     1     1     1     1 
   -6    -6    -2    -2     1     1 
   -4     0    -6    -2     3     6 
   -4     0    -6    -2     6     3 
   -1    -3     5    -5     2     2 
   -1    -3     5    -5     2     2 
    0    -4    -6     2     0     6 
    0    -4    -6     2     6     0 
   -4     0    -6    -6    -3     6 
   -4     0    -6    -6     6    -3 
    1     1     1     1     1     1 
   -9     7     5   -11    -4    -4 
   -9     7     5   -11    -4    -4 
   -7    -7    -3     5   -12     6 
   -7    -7    -3     5     6   -12 
   -1     1     1    -1     1     1 
    6    -6    12     4     0    -6 
    6    -6    12     4    -6     0 
  -13    -5   -13    11    -1    -1 
   -2    -6     6    10   -12     6 
   -2    -6     6    10     6   -12 
    0    -4   -12     8   -12     3 
    0    -4   -12     8     3   -12 
   15     5   -13    -3     5    14 
   15     5   -13    -3    14     5 
    9     9    -1     7     8    -1 
    9     9    -1     7    -1     8 
    0     8     0     0    12     6 
    0     8     0     0     6    12 
   -2    -2     8    12     5     5 
   -2    -2     8    12     5     5 
   16   -12     6   -14   -12    12 
   16   -12     6   -14    12   -12 
    6    18    14   -14    -4    14 
    6    18    14   -14    14    -4 
   15   -19    -9    -7   -12    12 
   15   -19    -9    -7    12   -12 
    8    16   -16    -8     2     2 
    8    16   -16    -8     2     2 
    8    -8   -16    16     2    -7 
    8    -8   -16    16    -7     2 
    0   -12   -22    14    14     5 
    0   -12   -22    14     5    14 
  -16    -8    -6     6   -12     3 
  -16    -8    -6     6     3   -12 
  -13     1   -15    -9     9    -6 
  -13     1   -15    -9    -6     9 
  -20    12     2    10   -10    -1 
  -20    12     2    10    -1   -10 
    4   -24    -4     8    -1   -10 
    4   -24    -4     8   -10    -1 
   -1   -11   -15     7    12    12 
   -1   -11   -15     7    12    12 
   22   -10   -22    10   -22     5 
   22   -10   -22    10     5   -22 
   -3   -11     3    11     0    24 
   -3   -11     3    11    24     0 
  -10   -14    30     2    -9     0 
  -10   -14    30     2     0    -9 
    4   -12     0     0   -24   -12 
    4   -12     0     0   -12   -24 
    5    13    11     3     5   -22 
    5    13    11     3   -22     5 
  -15   -23     9     9     3    27 
  -15   -23     9     9    27     3 
  -19   -25     5   -29   -22     5 
  -19   -25     5   -29     5   -22 
   26   -10     6    -6    12    18 
   26   -10     6    -6    18    12 
  -11    15    29     3     2    -7 
  -11    15    29     3    -7     2 
    3   -13   -15    25    18   -21 
    3   -13   -15    25   -21    18 
   -1    13   -15    -1    15   -18 
   -1    13   -15    -1   -18    15 
  -30    -2   -22   -18    -4   -22 
  -30    -2   -22   -18   -22    -4 
   14    30   -12   -16   -24    24 
   14    30   -12   -16    24   -24 
  -21   -21   -15     9     0   -24 
  -21   -21   -15     9   -24     0 
  -37   -37    11   -29   -10   -10 
   28    -8     8    28    32    -4 
   28    -8     8    28    -4    32 
   34   -30     2   -14     8   -28 
   34   -30     2   -14   -28     8 
   22    26     2    14     2    38 
   22    26     2    14    38     2 
   27   -37    -9    15   -18    12 
   27   -37    -9    15    12   -18 
    0    24     0    24    30   -21 
    0    24     0    24   -21    30 
  -24    -8     8    -8     8    35 
  -24    -8     8    -8    35     8 
    1   -21   -39    31   -39    24 
    1   -21   -39    31    24   -39 
  -12    16   -18   -30    -3    -6 
  -12    16   -18   -30    -6    -3 
  -20    28     0   -24    27     6 
  -20    28     0   -24     6    27 
