3 0
100
   -1    -1     1 
    0     0  -288 
    8     6     6 
    4     1     3 
    3 0     3 0     1 0 
   32    48  -288 
   94 17    94 17    94 17 
    0 -1     0 -1     0 -1 
  -51 17   -51 17   -51 17 
    2 0     2 0     2 0 
  -48     2   -78 

    1     1    -1 
    1     1     1 

   -3    -1    -1 
    6    -1    -1 
    0    -6     0 
    0     0     6 
   -2     5     5 
   -2     5     5 
   -1    -1     1 
    0     0     0 
   -4     6     0 
    4     0    -6 
    6     1     1 
   -4     4     4 
    4    -4    -4 
   -6    12     0 
    6     0   -12 
   -4     4     4 
    0     9     3 
    0     3     9 
   -2    -2    -2 
    6     9     9 
    6     9     9 
  -12     9     3 
  -12     3     9 
   -4    13    -5 
   -4    -5    13 
   12   -16     2 
  -12    -2    16 
    4   -15    -9 
    4    -9   -15 
    2     8   -10 
   -2    10    -8 
   10   -18    -6 
   10    -6   -18 
   -8    13    -5 
   -8    -5    13 
   -8   -12    12 
    8   -12    12 
   -6   -14     4 
    6    -4    14 
    8    -7    11 
    8    11    -7 
    8    -2    16 
   -8   -16     2 
   -4   -12    24 
    4   -24    12 
  -22    -6     0 
   22     0     6 
    2   -20    16 
   -2   -16    20 
    2    -4    -4 
   -2     4     4 
  -18    12     6 
   18    -6   -12 
    6    -1    -1 
    6    -1    -1 
  -16     0    12 
  -16    12     0 
   12   -15   -21 
   12   -21   -15 
  -22     6    30 
   22   -30    -6 
   16     7   -11 
   16   -11     7 
   -6    21   -15 
   -6   -15    21 
  -16    -4    14 
   16   -14     4 
    6    -6    18 
    6    18    -6 
   12     4     4 
   12     4     4 
   28    24     6 
  -28    -6   -24 
   10   -12   -12 
  -10    12    12 
   14    -8    28 
  -14   -28     8 
  -30    15    -9 
  -30    -9    15 
    0    -3   -33 
    0   -33    -3 
  -22   -10   -10 
   28     8   -10 
  -28    10    -8 
   -8     2   -34 
    8    34    -2 
   -6    22     4 
    6    -4   -22 
   14    12    30 
  -14   -30   -12 
  -12   -24   -12 
   12    12    24 
  -20    14    -4 
   20     4   -14 
   28   -27   -21 
   28   -21   -27 
    2    33   -39 
    2   -39    33 
  -36     6     6 
   36    -6    -6 
