3 18
100
    1     1     1 
-1280 -5100    28 
   16    15     7 
    1     1     1 
    1 0     1 0     1 0 
-1280 -5100    28 
  -51 -98   -51 -98   -51 -98 
    0 1     0 1     0 1 
 -308 14  -308 14  -308 14 
    3 0     3 0     3 0 
 -160  -680     8 
    1     1     1 
    0     0     0 

   -1    -1    -1 
   -1    -1    -1 
   -1    -1    -1 

    1     1     1 
   -6    -5     3 
    0     5    -3 
    0     5    -3 
    2     2     2 
    2     2     2 
    6     0     0 
    6     0     0 
    0     6     6 
    0     6     6 
    6    -6    -6 
    2     9     5 
    2     9     5 
   -2     0    -8 
   -2     0    -8 
    1     1     1 
   -6    12   -12 
   -6    12   -12 
    1     1     1 
   -6     2    -6 
   -6     2    -6 
    6    -4    12 
    6    -4    12 
    0    15    15 
    0    15    15 
    4    -4     4 
    4    -4     4 
   18    -4   -12 
   18    -4   -12 
   18    -4    12 
   18    -4    12 
   18   -15    -3 
   18   -15    -3 
   -2     1   -11 
   -2     1   -11 
   16    -9     7 
   16    -9     7 
  -14    -4     4 
  -14    -4     4 
   12   -20    12 
   12   -20    12 
   -2     8    -8 
   -2     8    -8 
   22    21   -23 
   22    21   -23 
    6    -3   -15 
    6    -3   -15 
  -18   -19     9 
  -18   -19     9 
    6     9     9 
    6     9     9 
   -6   -10   -18 
   -6   -10   -18 
  -10    25    29 
  -10    25    29 
   24   -24     0 
   24   -24     0 
   26    -2    14 
   26    -2    14 
   18    18   -30 
   18    18   -30 
   -2    15    -5 
   -2    15    -5 
   22     9     1 
   22     9     1 
   10     4    28 
   10     4    28 
  -30     9    21 
  -30     9    21 
   30    26    18 
   30    26    18 
  -18   -31    -3 
  -18   -31    -3 
   -2     0    -8 
   -2     0    -8 
  -22     7    -1 
  -22     7    -1 
  -10   -24    32 
  -10   -24    32 
  -36    14     6 
  -36    14     6 
  -22   -29   -37 
  -18    19    15 
  -18    19    15 
  -20    19   -29 
  -20    19   -29 
   26   -25   -13 
   26   -25   -13 
  -22     2     2 
  -22     2     2 
    4    -8    40 
    4    -8    40 
    2   -20   -28 
    2   -20   -28 
   24    36   -12 
   24    36   -12 
    6    21     9 
    6    21     9 
   38   -16     8 
   38   -16     8 
