1 0
100
    1 
-9600 
    3 
    3 
    1 0 
-9600 
  380 92 
    0 -1 
 -253 69 
    2 0 
-7296 

    1 
    1 
   -1 

    2 
   -2 
    0 
   -3 
    5 
   -1 
   -1 
   -6 
   -1 
    1 
    8 
    5 
   -4 
    0 
    9 
   11 
    6 
   12 
    8 
    0 
    6 
   12 
   12 
   -4 
   -1 
   11 
    8 
    9 
   -9 
   -1 
    2 
    0 
   18 
   -4 
  -13 
  -18 
    0 
   20 
   -7 
  -16 
    8 
    5 
   14 
   12 
  -15 
  -21 
   12 
   20 
  -13 
   14 
   26 
   18 
    6 
  -10 
    2 
  -12 
   -9 
   18 
  -24 
   21 
  -12 
   -4 
   20 
    0 
    6 
   -7 
   14 
   18 
    6 
    2 
  -10 
    0 
    3 
   33 
    0 
  -22 
   26 
   21 
  -18 
    0 
   -3 
   23 
  -28 
  -28 
   20 
  -10 
   29 
   14 
   -6 
   15 
  -18 
   36 
   14 
  -19 
  -27 
   15 
    0 
  -12 
   -6 
   15 
