1 2
1 0 2 0 
100
   -1 
    0 
    8 
    2 
    0 0 
    0 
    0 5 
    1 0 
    -1 15 
    3 0 
    4 
    0 
    0 
    0 

   -1 
   -1 

    1 
    0 
   -2 
    0 
    1 
    2 
    4 
    2 
    2 
   -6 
   -2 
    0 
    8 
  -12 
   -4 
    0 
  -12 
  -16 
  -12 
   14 
    2 
    4 
   12 
  -14 
   -6 
   -4 
   20 
    8 
   -8 
  -24 
  -16 
   14 
   -2 
  -16 
    0 
   22 
  -10 
   12 
    0 
   -6 
  -14 
  -10 
   18 
   -4 
   28 
  -12 
   12 
   22 
  -10 
   14 
   22 
    0 
  -20 
    8 
  -16 
   14 
  -18 
  -26 
   -6 
   -4 
   12 
  -14 
   -6 
   12 
   28 
   24 
  -16 
   -8 
  -16 
   22 
  -34 
  -28 
   36 
   -6 
   10 
   14 
   36 
   -4 
    6 
  -26 
  -38 
   -6 
   -4 
  -24 
   -2 
   22 
  -30 
  -30 
  -26 
   30 
    0 
  -16 
   32 
   -8 
  -42 
   22 
  -30 
   10 
  -36 
   -4 
