4 6
4 0 6 0 
25
    1     1     1    -1 
  846 10948   216   288 
  141   119   108   144 
    1     1     1     1 
    1 0     1 0     1 0     1 0 
  846 10948   216   288 
 -103 10  -103 10  -103 10  -103 10 
  -93 -10   -93 -10   -93 -10   -93 -10 
  -93 -10   -93 -10   -93 -10   -93 -10 
  -93 -10   -93 -10   -93 -10   -93 -10 
   14   211     4     6 
   -3    -1    -1    -1 
    0     0     0     0 
    0     0     0     0 

    1     1    -1    -1 
   -1    -1    -1    -1 
    1     1     1    -1 
    1     1    -1    -1 

   -1    -1     1     1 
    0     0     0     0 
    0     0     0     0 
   -1    -1    -1     1 
   -1    -1     1     1 
    1     1    -2    -4 
   -1    -1     2     4 
    3     3    -6     2 
    3     3     6     2 
   -6     5     0     0 
    6    -5     0     0 
    3    -8    -6    -2 
    3    -8     6    -2 
   10   -12    -8    -2 
   12   -10     6     0 
  -12    10     6     0 
   -2    -2     4     8 
    2     2    -4    -8 
   -2     9    10    -6 
   -2     9    10    -6 
  -12    -1    12   -14 
  -12    -1   -12   -14 
  -15    18    -6     2 
  -15    18     6     2 
  -19     3    14   -22 
