5 51
100
    1     1     1     1     1 
  -36     0     0   -32   -32 
    9     8     8     2     2 
    1     1     1     1     1 
    1 0     3 0     3 0     1 0     1 0 
  -36    16    16   -32   -32 
  -62 125   -62 125    42 75   -62 125   -62 125 
    0 -1     0 -1     0 1     0 -1     0 -1 
 -225 -25  -225 -25   250 -25  -225 -25  -225 -25 
    2 0     2 0     3 0     2 0     2 0 
  -12   -16    -2   -16   -16 
    1     1     1    -1    -1 
    0     0     0     0     0 

    1    -1    -1    -1    -1 
    1    -1    -1    -1    -1 
   -1    -1    -1    -1    -1 

   -4    -3    -3     3     3 
    0     0     0     0     0 
    0     0     0     0     0 
    1    -2     2    -2     2 
    1    -2     2     2    -2 
   -2    -6    -6     6     6 
    3    -4    -4     4     4 
    3    -4    -4     4     4 
    3    -4     4     4    -4 
    3    -4     4    -4     4 
    1     1     1     1     1 
    0     6    -6    -6     6 
    0     6    -6     6    -6 
    1    -2     2    -2     2 
    1    -2     2     2    -2 
    3     6    -6     6    -6 
    3     6    -6    -6     6 
   -1     2     2    -2    -2 
   -1     2     2    -2    -2 
    7    -4     4     4    -4 
    7    -4     4    -4     4 
  -12    18   -18    18   -18 
  -12    18   -18   -18    18 
    6    -6    -6     6     6 
    6    -6    -6     6     6 
  -15   -12   -12   -12   -12 
  -15   -12   -12   -12   -12 
    3   -12    12   -12    12 
    3   -12    12    12   -12 
  -13    -4    -4     4     4 
  -13    -4    -4     4     4 
   21   -10   -10    10    10 
   21   -10   -10    10    10 
  -14     8    -8    -8     8 
  -14     8    -8     8    -8 
  -20   -10    10    10   -10 
  -20   -10    10   -10    10 
  -10   -22   -22    22    22 
    3   -24   -24   -24   -24 
    3   -24   -24   -24   -24 
  -18    12   -12   -12    12 
  -18    12   -12    12   -12 
   11    16    16    16    16 
   11    16    16    16    16 
    5   -10   -10    10    10 
    5   -10   -10    10    10 
   21   -16    16   -16    16 
   21   -16    16    16   -16 
   15   -16   -16   -16   -16 
   15   -16   -16   -16   -16 
   21     4     4     4     4 
   21     4     4     4     4 
   -9     6    -6    -6     6 
   -9     6    -6     6    -6 
  -16    24    24   -24   -24 
  -16    24    24   -24   -24 
   19    -8     8    -8     8 
   19    -8     8     8    -8 
   13   -14    14   -14    14 
   13   -14    14    14   -14 
   -3    24    24   -24   -24 
   -3    24    24   -24   -24 
   10    24   -24    24   -24 
   10    24   -24   -24    24 
  -21     6    -6    -6     6 
  -21     6    -6     6    -6 
   17     2     2     2     2 
   17     2     2     2     2 
    6    -4     4    -4     4 
    6    -4     4     4    -4 
   15    -8    -8     8     8 
   15    -8    -8     8     8 
   -8    22   -22    22   -22 
   -8    22   -22   -22    22 
   15   -30   -30   -30   -30 
   15   -30   -30   -30   -30 
    7     8    -8     8    -8 
    7     8    -8    -8     8 
  -12    36    36    36    36 
  -12    36    36    36    36 
    3     2    -2    -2     2 
    3     2    -2     2    -2 
   37     8    -8     8    -8 
   37     8    -8    -8     8 
    9    14    14    14    14 
    9    14    14    14    14 
   31    -2     2     2    -2 
   31    -2     2    -2     2 
   27    38   -38    38   -38 
   27    38   -38   -38    38 
  -12   -24   -24    24    24 
  -12   -24   -24    24    24 
   12   -20   -20   -20   -20 
   12   -20   -20   -20   -20 
    5     4     4    -4    -4 
    5     4     4    -4    -4 
  -12   -10    10    10   -10 
  -12   -10    10   -10    10 
  -25   -22   -22    22    22 
  -25   -22   -22    22    22 
