3 0
100
   -1    -1     1 
    0     0  -108 
    6    10     9 
    1     1     1 
    3 1    -7 4     1 0 
  192   256  -108 
  -54 -23  -133 90   -54 -23 
    1 0     0 1     1 0 
   60 -100   190 80    60 -100 
    1 1     3 0     1 1 
   -4    -4   -12 
    0     0     0 
    0     0     0 

    1     1     1 
    1     1    -1 
    1    -1     1 
   -1     1    -1 
   -1    -1    -1 

   -1    -1    -1 
   -1    -1     1 
   -1     1    -1 
    2    -2    -1 
    1    -1     1 
    2     2     5 
    2    -2     2 
    0     0     3 
    2     6    -1 
    1     1     1 
   -2    -6    -2 
    6    -2    -6 
    4    -4     4 
  -10     2    -1 
   -6    10     0 
   -2     6    -2 
  -10    -2     8 
   10   -10    10 
  -10   -10    11 
   -6    10   -12 
    6     6    15 
  -12   -12     0 
   12    -4     6 
    6   -10    -6 
   -6    10     6 
   18     6     0 
   12    12    12 
   14     6     5 
  -22    -6    11 
    6    -2    12 
    0    16     3 
   -6    -6     6 
  -22    -6   -13 
    2    18     8 
  -14    22    -5 
  -10   -14    -1 
   -8     8    22 
   -2     6    10 
   -4    20    20 
   12    12     0 
   10    26    -8 
   10    -6     4 
  -26   -10   -23 
    4     4   -11 
  -14    22    28 
  -14   -22   -14 
   -6    14    -3 
  -10    22   -22 
   -2    -2     7 
   26    -2     2 
   -6    18   -21 
    6     6     9 
   12   -12   -21 
   -4    28    26 
   -6   -22   -27 
  -10   -10   -28 
   10    18    10 
  -18    -2     0 
   -8   -16     1 
  -26     2    13 
   12   -12    18 
   30    -6    18 
   10   -26    19 
   22   -10   -26 
    6    22   -18 
  -32     8   -29 
  -22   -22    29 
   26   -26   -16 
  -14     2    10 
  -14   -14    16 
  -16   -32    32 
  -12   -12    15 
    8    -8   -19 
  -22   -34     8 
   34    26   -11 
    2   -14   -25 
  -14   -14    -8 
   18   -26   -18 
  -36    -4     3 
  -18   -26    -9 
   18     6    -3 
   10    18    28 
  -38     6    -5 
  -38    22    -5 
  -14   -14   -23 
  -30    26   -12 
   34    -6   -32 
   -6   -26     9 
   -8     0     7 
    0    24    33 
    4    12   -14 
   38    10    -4 
  -14    14    16 
  -14   -14   -41 
   -2   -34   -35 
   12    -4     6 
   24    40     6 
   -6   -22     0 
  -22   -26    38 
  -18   -34    18 
