5 6
100
    1    -1     1     1    -1 
  112     0    48   -12     0 
    7     7     3     3     3 
    1     1     1     1     1 
    1 0     3 0     1 0     1 0     3 0 
  112    48    48   -12     4 
  123 98   123 0   123 98   123 0   123 0 
    0 -1    -1 0     0 -1    -1 0    -1 0 
 -245 49  -245 0  -245 49  -245 0  -245 0 
    2 0     2 0     2 0     2 0     2 0 
   44   -10    12    -6    -2 

   -1    -1     1     1    -1 
   -1    -1    -1    -1     1 
   -1     1     1     1    -1 

   -2    -2     2     2     2 
    1     1    -1    -1     1 
   -1     1     1     1    -1 
    0     0     0     0     0 
    0     0     0     0     0 
    1    -5    -5     1     1 
    5    -5     3    -3    -3 
    3    -3     1     4     4 
    3    -1     3    -6     6 
   -2    -2     2    -7     7 
    1    -5    -5     1    -1 
    0    -4     8    -7    -7 
    1    -3    -3    -3    -3 
    1     1     1    -5    -5 
   -9    -7   -11     1     1 
   -7     3     3     0     0 
    3     7     7    13   -13 
    5     5     1     7    -7 
    7     7    11    14   -14 
    9    -3    -3    -6     6 
   13    11   -13    -1     1 
    9     3    -9   -12    12 
    1     5     9    12   -12 
   -1    -9    11     5    -5 
   10    -6    -2     7    -7 
   15     1    13   -20    20 
   16     8    -4    -1     1 
  -11    -7    17     2     2 
   -9    -7    -3     3     3 
  -12    16   -20   -17    17 
   -4     0    16   -11    11 
   18    -6    10   -14   -14 
    3    13    21    15    15 
    2    -2    18    21   -21 
  -13    17     5     5    -5 
  -15   -25   -21    -3    -3 
   12     8   -20     1     1 
    6    22    10    -2    -2 
   13   -15   -15    -9    -9 
    0    12    12    24    24 
  -25   -19    13    10    10 
   21    21    -3     6     6 
   16     4    16    16   -16 
    5     7   -17   -11    11 
   14    -6    14    23   -23 
   -9   -25    15     6    -6 
   -3     9   -27    -6    -6 
   -6     6     2   -13   -13 
   -5    27     3    -9    -9 
   15   -21    11    11    11 
  -25     9    21    -9     9 
  -23     7    27   -15    15 
    0     4    -8    19    19 
  -19   -15   -27     0     0 
  -16   -20    24    27   -27 
   -3    29    17    11   -11 
    1   -11    17     5     5 
  -29    -7    17     2     2 
    1    -1     3   -15    15 
   -4    16    -4    -4     4 
   -3   -15    21    24   -24 
    8    -4     0    33   -33 
  -14    10     6    -9     9 
   -7    17   -27     3    -3 
   -3   -13    27    -9    -9 
   20    -8   -36   -12   -12 
  -27    19    -5    19   -19 
    7    29     9    -3     3 
   29    -5    -9   -21    21 
   -3   -11    -3    15   -15 
   -3   -25     7    -8    -8 
   15    -3    21    15    15 
   25    31    15     9    -9 
   -1    11   -17    19   -19 
   -7   -19    -3    -6    -6 
  -18    -6    14   -19   -19 
   18    14   -14    -5     5 
   13    29    13    34   -34 
   35   -15     5    20   -20 
   -3   -33    -9    24   -24 
   25   -13    -5    28    28 
    4    -8   -12    39    39 
   17    17    -3    -6    -6 
  -25   -15   -23   -17   -17 
   38   -18    34    -5     5 
   14    18   -26   -35    35 
   40   -20    16   -29   -29 
   32   -20     4    37    37 
   -3    27   -21    39   -39 
   -1     3   -29    28   -28 
  -32    28     8    23   -23 
  -15    -3   -11    -5     5 
   19    -5    -5   -20   -20 
   15    43   -33    24    24 
    3     1   -31     5     5 
   32   -24   -28    20    20 
  -11   -35    21   -24    24 
   21    11    -9     0     0 
    2    -2    34   -26   -26 
   17    -1    -1    29    29 
