4 10
100
    1    -1     1    -1 
    0     0  -224     0 
    9    11     7    11 
    1     1     1     1 
    3 0     3 1     1 0    -4 1 
   16    16  -224   544 
   83 -17   226 -23    83 -17    83 -17 
    1 0     2 0     1 0     1 0 
   80 -100   170 90    80 -100    80 -100 
    2 -1     1 1     2 -1     2 -1 
    4    14    -8    28 

    1     1     1    -1 
    1    -1    -1     1 
    1     1    -1     1 
   -1    -1    -1    -1 

   -1    -1    -1     1 
   -1     1     1    -1 
   -1    -1     1    -1 
   -1    -3     1    -3 
    0    -3     5     3 
   -5     5    -3     5 
    1     4     0    -2 
    0     0     0     0 
    0     3    -5    -5 
   -4    -3     5     5 
   -1    -2    -6     0 
   -4    -9    -9    -3 
   -4     3     3    -3 
    8    -4    12    10 
    4    10     6   -10 
   11    -4     4     0 
   -9     0    -8     0 
  -11     2    10   -12 
    0   -10     2    12 
    1     5     1    -1 
   -3    -1    11     1 
    9    -2   -14     6 
    2     0    -4    -6 
   -3     0     8   -10 
   -2    -6    -2    10 
  -18     8   -12   -10 
  -10    22    -6    10 
   12     9   -15   -15 
    5   -13    15   -15 
  -16   -10   -10   -10 
   -8     4     4    10 
   20     4    24     0 
    6    10   -18     0 
   17    18     2    16 
   -8    -2   -10    16 
   15   -18    10    22 
  -13   -18    22    22 
   -9     7    -9    -1 
  -24     5    17   -15 
   15    23   -25   -15 
   18     8     8   -16 
   -3   -14    -2    16 
   -8   -11     5   -13 
  -10    11    23   -13 
   -7    14    -6   -28 
  -10   -16   -12   -28 
  -15   -22    -6    18 
   11    -6    18   -18 
    1     5    29     3 
  -27    27    19    -3 
  -28     0   -24     0 
  -20   -22     6     0 
   -9    24     8   -24 
   24    24    16    24 
  -24    29    25    -7 
  -12    27    -1     7 
    2     2   -10    26 
  -24   -22    -2   -26 
  -12    -4   -12    26 
  -20    16     0   -26 
  -11    13    13    -1 
   22   -21   -17    -1 
  -26   -11     9   -25 
  -10   -21    27   -25 
  -29   -26   -26     0 
  -18    -2   -10     0 
   20   -20    16    -4 
   -1   -24    20     4 
    6     3   -25    29 
   -4    -7    -7    29 
  -32    27    -9    23 
  -30    -3     9   -23 
  -37    -4   -12   -16 
  -27    16    24   -16 
  -17   -24    16    30 
    3    30    34    30 
   10    26     2    14 
   -7   -28    20    14 
   18   -12    24    30 
   -7     0    24    30 
   20    -4    20   -14 
   12   -30    38   -14 
   29    13    25     3 
   -1   -17    35    -3 
   19    -4   -20   -32 
    6    26    14    32 
   -1   -32    24   -16 
  -23    12    36   -16 
   18    -8   -28    28 
   -2    28   -28    28 
   39   -16    -8   -24 
    0    16     8    24 
    4   -22     2   -20 
  -42   -34    10    20 
   24    -4    32    22 
  -35   -26   -10    22 
  -16   -29     3     9 
   16   -25   -21    -9 
   -8   -26   -42   -18 
   17    18   -42    18 
