2 12
500
    1     1 
 -528    48 
    6     6 
    1     1 
    1 0     1 0 
 -528    48 
    -42 17     -42 17 
    1 0     1 0 
    42 42     42 42 
    1 -1     1 -1 
 1268    12 

    1     1 
   -1    -1 
   -1    -1 
   -1    -1 

   -1    -1 
    0     0 
    0     0 
    0     0 
    1     1 
    1     1 
   -4     6 
   -4     6 
    8    -2 
   -8     2 
    0     0 
    0     0 
    0     0 
  -12     8 
  -12     8 
   -6     4 
    6    -4 
   10   -10 
  -10    10 
   10   -10 
  -10    10 
   -6    -6 
    6     6 
   12    12 
  -12   -12 
  -14     6 
   14    -6 
   -6    -6 
   -6    -6 
    0    20 
    0   -20 
  -10    20 
  -10    20 
  -10    10 
   10   -10 
   20     0 
   20     0 
  -22   -22 
   20    20 
   20    20 
  -18    -8 
  -18    -8 
   -8    -8 
    8     8 
   30    10 
  -30   -10 
   10   -10 
   10   -10 
  -20     0 
  -20     0 
  -18     2 
   18    -2 
  -24    16 
  -24    16 
   12    -8 
  -12     8 
  -30   -10 
  -30   -10 
  -12   -32 
   12    32 
    6    -4 
   -6     4 
   26   -14 
  -26    14 
   -8    22 
   -8    22 
   14    -6 
  -14     6 
    0    10 
    0   -10 
  -16     4 
  -16     4 
  -28    32 
   28   -32 
  -22   -12 
  -22   -12 
   -2    18 
    2   -18 
   30   -10 
  -30    10 
  -28   -38 
  -28   -38 
    6    26 
    6    26 
  -12   -32 
   12    32 
    0     0 
    0     0 
    6   -34 
   -6    34 
   -2    28 
    2   -28 
   24    -6 
   24    -6 
  -20    20 
  -20    20 
   -6   -16 
    6    16 
  -10    10 
  -10    10 
   18    28 
   18    28 
  -20    40 
  -20    40 
   -2    18 
    2   -18 
   -2    18 
    2   -18 
  -32   -42 
   32    42 
   18    -2 
   18    -2 
    2    22 
    2    22 
   -4   -24 
    4    24 
   16   -24 
   16   -24 
  -40   -40 
   40    40 
   38     8 
  -38    -8 
    6   -44 
    6   -44 
   12   -28 
  -12    28 
   22    32 
   22    32 
   10   -50 
   10   -50 
   42    12 
  -42   -12 
  -20    40 
   20   -40 
  -46    14 
   46   -14 
    4    24 
    4    24 
  -42   -22 
  -42   -22 
  -12    18 
   12   -18 
    6     6 
   -6    -6 
   30    10 
   30    10 
    2    -8 
    2    -8 
   16    16 
   16    16 
   54    54 
    2    22 
   -2   -22 
   -4   -24 
    4    24 
  -24     6 
   24    -6 
   36    36 
   36    36 
  -32     8 
  -32     8 
   28   -22 
  -28    22 
   42    22 
  -42   -22 
   -8   -18 
   -8   -18 
  -46   -26 
   40    40 
   40    40 
   -2   -22 
    2    22 
   36    16 
  -36   -16 
   20    20 
   20    20 
   -2   -22 
   -2   -22 
  -16    -6 
   16     6 
   20     0 
   20     0 
   30   -20 
   30   -20 
  -54    46 
   54   -46 
    8     8 
    8     8 
   12    52 
   12    52 
  -20    40 
   20   -40 
   18   -32 
  -18    32 
   24   -66 
   24   -66 
    0    10 
    0    10 
   14    -6 
   14    -6 
   -2    38 
   -2    38 
   20   -10 
  -20    10 
   26   -44 
  -26    44 
  -50    50 
   50   -50 
   20    60 
  -20   -60 
   -4    16 
    4   -16 
   70   -10 
   70   -10 
   30    50 
   30    50 
    8    48 
   -8   -48 
  -24    16 
  -24    16 
   40    40 
   40    40 
  -70    70 
  -42   -12 
  -42   -12 
  -32     8 
  -32     8 
  -34    26 
  -34    26 
  -40    30 
  -40    30 
  -50   -10 
  -50   -10 
   48   -52 
  -48    52 
   42   -48 
  -42    48 
   50    30 
  -50   -30 
   34     4 
   34     4 
  -68   -18 
  -68   -18 
  -28   -28 
   28    28 
   16    56 
  -16   -56 
   30     0 
  -30     0 
  -40   -40 
   40    40 
  -12   -72 
  -12   -72 
   62    22 
   62    22 
  -64   -74 
   64    74 
   48   -12 
   48   -12 
   36    76 
  -36   -76 
    4   -66 
    4   -66 
   22   -38 
   22   -38 
   46    46 
  -46   -46 
   46   -54 
  -46    54 
  -46   -46 
   64    14 
  -64   -14 
  -40   -30 
   40    30 
   18   -12 
   18   -12 
   22   -18 
  -22    18 
   32   -48 
   32   -48 
   36   -64 
  -36    64 
   32    22 
   32    22 
    6   -14 
   -6    14 
   -8   -48 
   -8   -48 
   18   -32 
  -18    32 
  -36    64 
   36   -64 
   60   -80 
   60   -80 
  -46   -26 
  -46   -26 
   20     0 
  -20     0 
   66   -44 
   66   -44 
   50   -30 
  -50    30 
  -20     0 
   20     0 
   72    12 
  -72   -12 
  -68   -28 
   68    28 
  -10    10 
   10   -10 
   40    80 
   40    80 
  -60    20 
  -60    20 
  -64    -4 
  -64    -4 
   -6    54 
   -6    54 
  -30    60 
   30   -60 
   34   -16 
   34   -16 
   -8    12 
   -8    12 
  -54   -54 
   54    54 
  -46   -86 
   46    86 
   30   -30 
   30   -30 
  -42    58 
  -42    58 
  -54     6 
  -54     6 
   14    84 
   14    84 
   14   -66 
   14   -66 
  -32     8 
   32    -8 
  -74   -74 
   74    74 
   20   -20 
   20   -20 
   42   -78 
  -42    78 
  -54   -14 
   54    14 
  -28    -8 
   28     8 
   -2    78 
   -2    78 
  -94   -74 
   94    74 
  -84    36 
   84   -36 
   18    48 
   18    48 
    2    72 
   -2   -72 
  -78   -18 
   78    18 
  -38   -18 
  -38   -18 
  -26   -86 
  -26   -86 
   92    42 
  -92   -42 
   32    32 
  -32   -32 
    0   -60 
    0    60 
   32     2 
   32     2 
   36    16 
   36    16 
   60     0 
  -60     0 
  -58     2 
  -58     2 
    0   -80 
    0   -80 
   58    -2 
  -58     2 
   24    54 
  -24   -54 
   -2    18 
   -2    18 
   56    96 
   56    96 
   34    -6 
   34    -6 
   40    40 
   40    40 
   82   -18 
  -82    18 
  -20   -60 
  -20   -60 
  -40   -10 
  -40   -10 
   36    -4 
  -36     4 
  -58    12 
  -58    12 
   10   -50 
   10   -50 
  -92   -32 
   92    32 
   14   -26 
   14   -26 
  -90    70 
   42   -78 
  -42    78 
   66    -4 
   66    -4 
   36    -4 
   36    -4 
   18    38 
   18    38 
   48   -12 
  -48    12 
   48    38 
  -48   -38 
  -44    36 
  -44    36 
  -90   -70 
  -90   -70 
   12    12 
  -12   -12 
   26   -24 
  -26    24 
    0    50 
    0    50 
  -76   -56 
  -76   -56 
   42    22 
  -42   -22 
   12    82 
  -12   -82 
  -50    10 
  -50    10 
   24   -16 
  -24    16 
  -30    10 
   30   -10 
   94   -86 
   94   -86 
   70   -10 
  -70    10 
  -56   -16 
   56    16 
  -20    30 
  -20    30 
  -80    50 
   80   -50 
   98    98 
   98    98 
   66   -74 
  -66    74 
  -64    -4 
   64     4 
  -62   -62 
  -62   -62 
  106    66 
 -106   -66 
    2   -38 
    2   -38 
  -36   104 
   36  -104 
   30   110 
   30   110 
   18   -52 
   18   -52 
  -28    32 
   28   -32 
  -90   -20 
   90    20 
   76   -64 
  -76    64 
   32   -18 
   32   -18 
  -94   -34 
  -94   -34 
 -102  -102 
  -32   -82 
  -32   -82 
  -42   -62 
   42    62 
   42    72 
   42    72 
   48    88 
  -48   -88 
   50   -40 
   50   -40 
   48   -72 
  -48    72 
   56   -64 
   56   -64 
  -16   -26 
   16    26 
