10 8
100
   -1    -1     1    -1     1    -1     1    -1     1    -1 
    0     0    32     0    84     0     0     0   -12     0 
    9     8     8     7     7     5     4     4     3     3 
    2     1     1     2     2     2     1     1     2     2 
    0 0     0 0     1 0     0 0     1 0     0 0     0 0     0 0     1 0     0 0 
    0     0    32     0    84     0     0     0   -12     0 
   78 9    78 9   192 -51    78 9   -48 13    78 9   -48 13    78 9   -48 13    78 9 
    1 0     1 0     2 0     1 0     1 0     1 0     1 0     1 0     1 0     1 0 
   32 96    32 96   -32 -96    32 96    16 48    32 96    16 48    32 96    16 48    32 96 
    1 1     1 1     1 -1     1 1     1 -1     1 1     1 -1     1 1     1 -1     1 1 
   14    -2     8    -2     6   -26    -2     4    12     6 

   -1    -1     1     1    -1    -1    -1     1    -1     1 
   -1    -1    -1     1     1    -1     1     1     1     1 

    0     0     0     0     0     0     0     0     0     0 
   -3    -2    -2    -1    -1     1     2     2     3     3 
    2    -1     2     3     3     3    -1    -1     2     2 
   -3     0    -3    -1     1    -1     0     0    -3     3 
    0     0     0     0     0     0     0     0     0     0 
   -5    -1     3    -5    -5    -5    -1    -1    -5    -5 
    3     3    -2     0     0     0    -3     3    -3     3 
   -4    -3    -2     1    -1     1    -3     3    -4     4 
   -3     1    -1     2     2    -2    -1    -1     3     3 
   -5    -2     1     7     7     7    -2    -2    -5    -5 
   -5     5     0    -7     7     7    -5     5     5    -5 
   -8     8    -5     4    -4    -4    -8     8     8    -8 
    3     9    -5    -1     1    -1     9    -9     3    -3 
    1    -3    10     8    -8    -8     3    -3    -1     1 
    5     1    10     8    -8     8     1    -1     5    -5 
    0     9     8     3    -3    -3    -9     9     0     0 
   -7     9    -8   -12    12    12    -9     9     7    -7 
   11    -5     0    -2    -2    -2    -5    -5    11    11 
  -10    13     0     3     3    -3   -13   -13    10    10 
   -2   -13    11   -13   -13   -13   -13   -13    -2    -2 
   13     5   -11    10    10   -10    -5    -5   -13   -13 
    7     5    -2    -9     9    -9     5    -5     7    -7 
    9    -9     2    17   -17    17    -9     9     9    -9 
    9   -11    10   -17   -17    17    11    11    -9    -9 
   -6   -14   -10     6     6     6   -14   -14    -6    -6 
  -13     3   -14     0     0     0    -3     3    13   -13 
    7    -4    14     3    -3    -3     4    -4    -7     7 
  -10    -3    19    15    15   -15     3     3    10    10 
    9    21    19    -6    -6     6   -21   -21    -9    -9 
  -21    12    -6   -11    11   -11    12   -12   -21    21 
    1   -16     6   -13    13   -13   -16    16     1    -1 
  -23   -22    -8     3     3    -3    22    22    23    23 
   22   -15    -8    -1    -1     1    15    15   -22   -22 
    2    14     0    14    14   -14   -14   -14    -2    -2 
   -1    -5     0    -1    -1    -1    -5    -5    -1    -1 
   -7    -5    -6    11   -11   -11     5    -5     7    -7 
    4    -4    -6   -16    16   -16    -4     4     4    -4 
   10   -14   -17    10    10   -10    14    14   -10   -10 
  -24     5   -11   -15    15   -15     5    -5   -24    24 
   25    12   -11    -3     3     3   -12    12   -25    25 
   -3     1    -4    27    27   -27    -1    -1     3     3 
   -3    -3    -4   -13   -13    13     3     3     3     3 
    3     0     7    -5     5     5     0     0    -3     3 
   12   -11    -7    -1     1     1    11   -11   -12    12 
   -5     2    12    11    11    11     2     2    -5    -5 
   21     9   -12     6     6    -6    -9    -9   -21   -21 
   -3     1   -14    -6    -6     6    -1    -1     3     3 
   21   -30   -14    -1    -1     1    30    30   -21   -21 
    0   -21    -1     5    -5    -5    21   -21     0     0 
   20    -1    -1    -5     5    -5    -1     1    20   -20 
   -5   -17    20    24   -24    24   -17    17    -5     5 
   -7   -23   -20   -24    24   -24   -23    23    -7     7 
  -21     8    -8     9    -9     9     8    -8   -21    21 
  -23    -3    -8    -4     4     4     3    -3    23   -23 
  -24   -16   -11   -20    20    20    16   -16    24   -24 
  -15    -9    11   -25    25    25     9    -9    15   -15 
    1    25    30    22    22   -22   -25   -25    -1    -1 
    6    21    30     3     3    -3   -21   -21    -6    -6 
  -16   -11   -14    11   -11   -11    11   -11    16   -16 
   11    28    14    -5     5     5   -28    28   -11    11 
   23   -25    11    -4     4    -4   -25    25    23   -23 
    7     0   -11    33   -33    33     0     0     7    -7 
   -6    10   -21    10    10   -10   -10   -10     6     6 
   11   -29    21    -9    -9    -9   -29   -29    11    11 
   20    15    16    -9     9    -9    15   -15    20   -20 
   -1   -28    16   -17    17    17    28   -28     1    -1 
    6   -15    28    -1    -1     1    15    15    -6    -6 
   30    15   -28     7     7     7    15    15    30    30 
   21   -23   -31    19    19   -19    23    23   -21   -21 
   15   -21    31   -21   -21   -21   -21   -21    15    15 
    0    -9   -19   -25    25   -25    -9     9     0     0 
  -11   -15   -19   -12    12    12    15   -15    11   -11 
  -13    17     8    19   -19    19    17   -17   -13    13 
  -17    -3    -8    -1     1    -1    -3     3   -17    17 
    9     5   -26     6     6    -6    -5    -5    -9    -9 
    5     6   -26    -9    -9     9    -6    -6    -5    -5 
   -7   -26     2    -1    -1     1    26    26     7     7 
   27     7    -2   -18   -18   -18     7     7    27    27 
    1    15   -14   -19    19   -19    15   -15     1    -1 
   -9    -3    14   -21    21   -21    -3     3    -9     9 
    3   -21    22    32   -32   -32    21   -21    -3     3 
   29     4    22     7    -7     7     4    -4    29   -29 
  -22    41    -1    23    23   -23   -41   -41    22    22 
   25   -23    -1    26    26   -26    23    23   -25   -25 
  -19    14     4    11    11   -11   -14   -14    19    19 
  -13   -30    -4    19    19    19   -30   -30   -13   -13 
    1    16   -32   -11    11    11   -16    16    -1     1 
   -7    28   -32   -37    37   -37    28   -28    -7     7 
   -7    21     8    -8     8     8   -21    21     7    -7 
   -4    -7    -8    31   -31   -31     7    -7     4    -4 
   20    16   -40   -12    12   -12    16   -16    20   -20 
   25    39    40    25   -25    25    39   -39    25   -25 
   13   -33     8   -17    17    17    33   -33   -13    13 
   37    23     8     9    -9     9    23   -23    37   -37 
    8     5   -18   -19    19   -19     5    -5     8    -8 
    1    20   -18   -11    11    11   -20    20    -1     1 
  -15    11    -1    -9     9     9   -11    11    15   -15 
  -13    29     1   -23    23    23   -29    29    13   -13 
   23    10     2    39    39    39    10    10    23    23 
    2    15     2   -13   -13   -13    15    15     2     2 
