2 26
100
    1     1 
    0     0 
    8     8 
    1     1 
    3 1     7 1 
   32    48 
  -67 135    85 -23 
    0 -1     1 0 
 -243 -27    54 -108 
    2 0     2 -1 
  -16     3 

   -1    -1 
    1     1 

   -3    -3 
    0     0 
    0     0 
   -2    -2 
   -2    -2 
    0     0 
   -5     5 
   -5     5 
    2    -2 
    2    -2 
   -1    -1 
    8    -8 
    8    -8 
  -10   -10 
  -10   -10 
   -9     9 
   -9     9 
    5     5 
    5     5 
    7     7 
    7     7 
   15   -15 
   15   -15 
    8    -8 
    8    -8 
    4    -4 
    4    -4 
  -18    18 
  -18    18 
    2     2 
    2     2 
   -6     6 
   -6     6 
  -21   -21 
  -21   -21 
    0     0 
    0     0 
  -10   -10 
   15   -15 
   15   -15 
    4    -4 
    4    -4 
  -24   -24 
  -24   -24 
    1     1 
    1     1 
   24   -24 
   24   -24 
  -15    15 
  -15    15 
  -20    20 
  -20    20 
   -1     1 
   -1     1 
  -24   -24 
  -24   -24 
   13    13 
   13    13 
   -4    -4 
   -4    -4 
   21   -21 
   21   -21 
  -17   -17 
  -17   -17 
   -4     4 
   -4     4 
   15    15 
   15    15 
   10   -10 
   10   -10 
   -8     8 
   -8     8 
  -32   -32 
  -32   -32 
  -30    30 
  -30    30 
  -29   -29 
  -29   -29 
  -23    23 
  -23    23 
   25   -25 
   25   -25 
    1     1 
    1     1 
   18   -18 
   18   -18 
   26    26 
   26    26 
   -5     5 
   -5     5 
   32   -32 
   32   -32 
    9    -9 
    9    -9 
  -28   -28 
  -28   -28 
   31   -31 
   31   -31 
   15    15 
   15    15 
