4 4
100
   -1     1     1    -1 
    0   -72   -48     0 
    6     6     4     4 
    1     1     1     1 
    3 0     1 0     1 0     3 0 
    4   -72   -48     4 
  243 -7    63 125    63 125    86 7 
    2 0     0 -1     0 -1     1 0 
  225 -125  -275 25  -275 25    50 100 
    2 -1     2 0     2 0     1 1 
   12   -30   -30    -7 

    1     1     1     1 
   -1     1    -1     1 
   -1    -1     1     1 

   -1    -1     1     1 
    0     0     0     0 
    0     0     0     0 
   -4     4    -4     4 
    2     1     1     2 
    2     1    -1    -2 
   -6    -3     3     6 
    2     0     0    -2 
    4    -3    -3     4 
    5     3    -3    -5 
   -8     2     2    -8 
    3     0     0     3 
    1     1    -1    -1 
    4     1    -1    -4 
   -7    10    10    -7 
   -7    12   -12     7 
    6     0     0     6 
   -2   -10    10     2 
    4     5    -5    -4 
    8     1     1     8 
   10    -2     2   -10 
   -3    12   -12     3 
   -9     0     0    -9 
   14   -15    15   -14 
   14    -6     6   -14 
    0     6     6     0 
  -20    15    15   -20 
    2    12   -12    -2 
   22   -18   -18    22 
   -5    -4     4     5 
  -12    11   -11    12 
  -12    15   -15    12 
   15   -12    12   -15 
  -21    16    16   -21 
   10     4    -4   -10 
   11     4     4    11 
   -4    22   -22     4 
    7     8    -8    -7 
  -23     9     9   -23 
   -5    24    24    -5 
   -2     6     6    -2 
  -26    -6     6    26 
   -8    -4    -4    -8 
  -10   -22   -22   -10 
    8     5    -5    -8 
   -5   -22    22     5 
   11     3    -3   -11 
   -3   -12   -12    -3 
    0    -6    -6     0 
   12     0     0    12 
    2    24    24     2 
   -2    -6    -6    -2 
   -6    15    15    -6 
    4   -12    12    -4 
   28   -25    25   -28 
   -9   -10    10     9 
    2     4    -4    -2 
  -14   -17   -17   -14 
   -1    13   -13     1 
    0    22    22     0 
   13     0     0   -13 
  -14   -24    24    14 
    4    -8     8    -4 
    2    10    10     2 
    6    12    12     6 
   32     3    -3   -32 
  -11     5     5   -11 
  -19    -1    -1   -19 
   21     3    -3   -21 
  -31   -18   -18   -31 
    0     6    -6     0 
    4    30   -30    -4 
   36    37   -37   -36 
    7    10    10     7 
   25    -9    -9    25 
   32   -30   -30    32 
   34     7    -7   -34 
  -14   -20   -20   -14 
   13    15    15    13 
   -3    33    33    -3 
  -15     6     6   -15 
  -22   -30    30    22 
  -37    25   -25    37 
  -40   -11   -11   -40 
   10    24    24    10 
   -2     0     0    -2 
   -4    40    40    -4 
   -9    31   -31     9 
  -36   -24    24    36 
   32   -12   -12    32 
  -21    30   -30    21 
  -17    12   -12    17 
  -12    -6    -6   -12 
   12     9     9    12 
  -18    29   -29    18 
    7   -22    22    -7 
   24     0     0    24 
  -40     0     0    40 
  -30     2    -2    30 
   13     2    -2   -13 
