1 0
100
    1 
    0 
    7 
    1 
    7 1 
  144 
  138 -11 
    0 -1 
  -33 55 
    2 0 
    2 
    0 
    0 

   -1 
   -1 
   -1 
    1 

   -2 
   -1 
   -2 
    0 
    1 
    0 
    1 
    1 
    5 
   -1 
   -3 
   -6 
   -8 
  -11 
   -5 
    0 
   12 
    1 
    0 
    5 
   -4 
  -10 
    4 
   10 
    0 
   -3 
    4 
   -1 
  -15 
  -11 
  -14 
  -11 
    1 
   -2 
    8 
   18 
   11 
   -1 
  -17 
  -17 
  -14 
  -12 
   -4 
  -24 
   20 
  -16 
  -26 
   18 
   -9 
  -11 
  -24 
   -4 
  -12 
   24 
    7 
  -20 
   22 
  -14 
  -10 
   20 
  -27 
  -30 
  -32 
   -6 
    9 
   20 
  -35 
    9 
   -5 
  -14 
    8 
   24 
  -19 
   18 
    8 
    6 
  -31 
  -28 
   -7 
   16 
  -34 
   16 
  -17 
  -10 
  -12 
    4 
   42 
    4 
    4 
   -5 
  -18 
   21 
  -12 
    5 
    4 
   -5 
   24 
  -11 
  -23 
  -22 
