5 20
100
   -1     1     1     1     1 
    0     0     0    72    72 
    8     5     5     3     3 
    7     1     1     1     1 
    0 0     0 0     0 0     1 0     1 0 
    0     0     0    72    72 
   18 9   123 0   123 0   123 0   123 0 
    1 0     0 -1     0 -1     0 -1     0 -1 
   98 0   -49 49   -49 49   -49 49   -49 49 
    3 -1     2 0     2 0     2 0     2 0 
   14     2     2    26    26 
    1    -1    -1     0     0 
   -7     0     0     0     0 

   -1     1    -1     1    -1 
   -1    -1     1    -1     1 

   -3     0     0     2     2 
    0    -2     2     1     2 
    0     2    -2     2     1 
    0     0     0     0     0 
    0     0     0     0     0 
   -6    -2    -2    -1    -1 
    4    -5    -5     5    -1 
    4    -5    -5    -1     5 
    0    -3     3     2     7 
    0     3    -3     7     2 
    0     0     0     3     3 
    8    -7    -7    -3     0 
    8    -7    -7     0    -3 
  -12    -4    -4     1     1 
  -12    -4    -4     1     1 
    0     3    -3     3     3 
    0    -3     3     3     3 
    0    -1     1    -1    13 
    0     1    -1    13    -1 
    0     7    -7     3     9 
    0    -7     7     9     3 
    0    15   -15     5   -17 
    0   -15    15   -17     5 
    0    -7     7   -10   -17 
    0     7    -7   -17   -10 
    0   -15    15   -12    21 
    0    15   -15    21   -12 
  -10    -3    -3     9     9 
  -10    -3    -3     9     9 
    0     5    -5     8     4 
    0    -5     5     4     8 
   22   -18   -18     1    10 
   22   -18   -18    10     1 
    0    -3     3     5    10 
    0     3    -3    10     5 
  -20    19    19    20    -1 
  -20    19    19    -1    20 
  -26   -22   -22    18    18 
    8     0     0   -20     1 
    8     0     0     1   -20 
  -26    -7    -7   -27     9 
  -26    -7    -7     9   -27 
    0   -16    16     7   -16 
    0    16   -16   -16     7 
    0    23   -23    19    14 
    0   -23    23    14    19 
   22     1     1   -22    29 
   22     1     1    29   -22 
   16   -13   -13   -21   -21 
   16   -13   -13   -21   -21 
    0    12   -12   -21    -3 
    0   -12    12    -3   -21 
   32    -9    -9    13    16 
   32    -9    -9    16    13 
    0     5    -5    -3     0 
    0    -5     5     0    -3 
  -10     5     5    13   -23 
  -10     5     5   -23    13 
    0     4    -4    12   -21 
    0    -4     4   -21    12 
    0     1    -1   -16   -23 
    0    -1     1   -23   -16 
    0   -15    15    17   -26 
    0    15   -15   -26    17 
    4   -16   -16    12   -33 
    4   -16   -16   -33    12 
    0   -31    31    33   -21 
    0    31   -31   -21    33 
    0    -6     6     9    -9 
    0     6    -6    -9     9 
    8    -7    -7   -15   -21 
    8    -7    -7   -21   -15 
    0   -24    24    35   -17 
    0    24   -24   -17    35 
  -38    21    21    -2    13 
  -38    21    21    13    -2 
    0    -7     7    17    10 
    0     7    -7    10    17 
    0   -27    27    15   -27 
    0    27   -27   -27    15 
  -20   -19   -19     4     7 
  -20   -19   -19     7     4 
   -6    37    37    -3    -3 
   -6    37    37    -3    -3 
    0    13   -13    30    -6 
    0   -13    13    -6    30 
  -40     3     3   -12    24 
  -40     3     3    24   -12 
    0   -27    27    15   -21 
    0    27   -27   -21    15 
    0    33   -33     9     0 
    0   -33    33     0     9 
   44   -11   -11    23   -13 
   44   -11   -11   -13    23 
   36    -4    -4     4    13 
   36    -4    -4    13     4 
    0   -43    43   -25     1 
    0    43   -43     1   -25 
  -34   -30   -30    11   -22 
  -34   -30   -30   -22    11 
