2 2
100
    1    -1 
   48     0 
    6     6 
    1     1 
    1 0    -4 1 
   48   144 
    6 17     6 17 
    1 0     1 0 
  -80 40   -80 40 
    1 1     1 1 
    6    24 

    1     1 
    1     1 
    1    -1 
   -1    -1 

    0     0 
   -1    -1 
   -1     1 
    2     2 
    1     1 
    4    -2 
    6     0 
    0    -6 
    6    -6 
    6     6 
   -4    -4 
    0     0 
   -6     6 
    8     8 
   -4    -4 
   12     0 
   12     0 
    8   -10 
  -10     8 
  -10   -10 
   -4    -4 
   -6     6 
  -12    12 
    6    12 
    0    18 
   12   -12 
  -12   -12 
   12   -12 
   -6     6 
   20     2 
  -16     2 
    6   -12 
   18   -24 
  -22    14 
    2     2 
   -4    -4 
    2     2 
  -10     8 
  -24   -12 
    0     0 
    6   -18 
   12     0 
    8     8 
  -16   -16 
    8   -10 
  -22    -4 
   12   -12 
    6     6 
   24     0 
  -12    12 
   12     0 
  -12     0 
  -24    12 
   12     0 
   26   -28 
   14    -4 
    8   -28 
  -10   -10 
  -16    20 
  -16    20 
  -24   -18 
   24   -30 
   20    20 
  -10   -10 
  -12   -24 
  -24   -24 
    2     2 
   14   -22 
  -24   -12 
   -6   -30 
   24    30 
   -6     0 
  -10   -10 
  -16   -16 
  -30    -6 
   18    18 
  -28   -28 
    2     2 
  -12    12 
   24     0 
   12   -12 
   18    18 
   -4    32 
  -34     2 
   30    30 
  -18   -18 
   -4    32 
   14   -22 
    0    24 
   36   -12 
   24   -30 
    0     6 
   36    12 
  -24   -36 
  -40   -22 
  -10     8 
  -12     0 
   24   -24 
  -16     2 
  -28   -10 
