2 18
100
   -1    -1 
    0     0 
    9     3 
    1     3 
    3 1     3 1 
   12    12 
   31 -23    31 -23 
    1 0     1 0 
  -54 -54   -54 -54 
    2 -1     2 -1 
   -1    -3 

   -1    -1 
   -1    -1 

    1     1 
   -3     3 
   -3     3 
   -1    -1 
   -1    -1 
    0     0 
    3    -3 
    3    -3 
    0     0 
    0     0 
    2     2 
    6    -6 
    6    -6 
  -10   -10 
  -10   -10 
   -6     6 
   -6     6 
    8     8 
    8     8 
   -7    -7 
   -7    -7 
    3    -3 
    3    -3 
    3    -3 
    3    -3 
   15   -15 
   15   -15 
   -6     6 
   -6     6 
   -4    -4 
   -4    -4 
   -3     3 
   -3     3 
   -4    -4 
   -4    -4 
   20    20 
   20    20 
  -10   -10 
   12   -12 
   12   -12 
   -9     9 
   -9     9 
   -7    -7 
   -7    -7 
   14    14 
   14    14 
  -18    18 
  -18    18 
  -30    30 
  -30    30 
    0     0 
    0     0 
   30   -30 
   30   -30 
  -25   -25 
  -25   -25 
    8     8 
    8     8 
   14    14 
   14    14 
    6    -6 
    6    -6 
  -19   -19 
  -19   -19 
   -3     3 
   -3     3 
  -10   -10 
  -10   -10 
   -6     6 
   -6     6 
  -18    18 
  -18    18 
   17    17 
   17    17 
   21   -21 
   21   -21 
   20    20 
   20    20 
  -12    12 
  -12    12 
   12   -12 
   12   -12 
   -1    -1 
   -1    -1 
   21   -21 
   21   -21 
  -13   -13 
  -13   -13 
   27   -27 
   27   -27 
   -6     6 
   -6     6 
  -39    39 
  -39    39 
   14    14 
   14    14 
   18   -18 
   18   -18 
   20    20 
   20    20 
