5 7
100
   -1     1    -1    -1     1 
    0    24     0     0    24 
    6     6     6     6     2 
    1     1     1     1     1 
    0 1     1 0     0 1     0 1     1 0 
   24    24     8    48    24 
   32 21   -52 63    32 21    32 21   -52 63 
   -1 0     0 -1    -1 0    -1 0     0 -1 
  -63 -42  -105 -21   -63 -42   -63 -42  -105 -21 
    2 0     2 0     2 0     2 0     2 0 
   14    20    -2    -2    12 
    0     0     0     0    -1 
    0     0     0     0     0 

   -1     1    -1    -1    -1 
   -1    -1    -1    -1    -1 
    1     1     1     1    -1 

   -1    -1    -1    -1     3 
   -2     0     2     4     4 
   -4    -2     0     2    -4 
    1    -1     1     1     1 
    0     0     0     0     0 
   -1    -1    -1    -1     1 
   -4     6     0     2     4 
    2     0     6    -4     4 
    2     0    -2    -4     0 
    4     2     0    -2     0 
    0     8    -8     0     0 
    0     6    -4    -6    -4 
   -6    -4     6     0    -4 
    4     0    -4    -8    -4 
   -8    -4     0     4    -4 
    6    -6     6    -6    -6 
    6    -6     6    -6     6 
  -10    -2   -10    14   -10 
  -14    10     2    10    10 
    6     6     6     6    -2 
   -6    -6    -6    -6     2 
    8     0   -16     8     6 
   -8    16     0    -8    -6 
    2     0   -18    -4   -16 
    4    18     0    -2    16 
   18     2    10    -6   -18 
    6   -10    -2   -18    18 
  -12    12    -4   -12    18 
  -12    -4    12   -12    18 
   20   -12    -4    -4   -16 
    4     4    12   -20    16 
    4     4    -4   -20    -6 
  -20    -4     4     4    -6 
    2    -6     2   -22    18 
   22    -2     6    -2   -18 
   -4    12    -4    -4     4 
   -4    -4    12    -4     4 
    6    -2    -2     6   -22 
   22    20    10    16    24 
   16    10    20    22    24 
   24   -24     0     0    26 
    0     0   -24    24    26 
  -20    20     4   -20     8 
   20    -4   -20    20    -8 
   10   -10   -14    -2   -22 
    2    14    10   -10    22 
    8   -16     0     8    10 
    8     0   -16     8    10 
  -12     2   -16     6   -16 
    6   -16     2   -12   -16 
  -12     0   -28     0    18 
    0    28     0    12   -18 
   22    16    18     4   -12 
    4    18    16    22   -12 
  -12   -24   -20     0    -4 
    0    20    24    12     4 
   -2    14   -18    -2    26 
   -2   -18    14    -2    26 
   24    16   -16   -24   -20 
   24    16   -16   -24    20 
   32   -28    16    20    -2 
  -20   -16    28   -32     2 
  -10    14     6    14   -18 
  -14    -6   -14    10    18 
  -18     0    -6   -12   -16 
  -12    -6     0   -18   -16 
  -18    26    22    18     2 
  -18   -22   -26    18    -2 
   18    24   -18   -12     0 
   12    18   -24   -18     0 
   -6     0   -34    12    -4 
   12   -34     0    -6    -4 
   32    -8    32     8   -12 
   -8   -32     8   -32    12 
   -8   -20    -8    28    30 
   28    -8   -20    -8    30 
   14    18   -10   -22    26 
   22    10   -18   -14   -26 
    0    -4    16   -36    -6 
   36   -16     4     0     6 
  -20    -6    24    -2    -4 
   -2    24    -6   -20    -4 
  -30   -22   -38    18    22 
   18   -38   -22   -30    22 
  -18    20    -6     0   -32 
    0     6   -20    18    32 
  -24   -16    -8     0    24 
    0    -8   -16   -24    24 
   -6   -18   -22   -18    -6 
   18    22    18     6     6 
   24   -12   -40   -12     6 
   12    40    12   -24    -6 
    8   -42    20    26    -8 
   26    20   -42     8    -8 
   40   -36     0     4    20 
    4     0   -36    40    20 
  -34    14   -42   -10   -22 
   10    42   -14    34    22 
    2   -18    34   -34   -18 
  -34    34   -18     2   -18 
