2 0
100
    1     1 
   20     8 
   10     4 
    1     2 
    1 0     1 0 
   20     8 
    0 -11     0 -11 
    1 0     1 0 
  -56 0   -56 0 
    1 -1     1 -1 
    4   -16 
    1     1 
    0     0 

   -1    -1 
   -1     1 
   -1     1 

    0     0 
   -4     2 
   -4     2 
    1    -1 
    1    -1 
   -2    -6 
    0    -4 
    0    -4 
   -2    -6 
   -2    -6 
   -2     8 
    8     0 
    8     0 
    8    -4 
    8    -4 
   -4    -8 
   -4    -8 
    4    -6 
    4    -6 
  -14    10 
  -14    10 
    6     8 
    6     8 
   12     2 
   12     2 
   14     8 
   14     8 
    2    -6 
    2    -6 
   18    -8 
   18    -8 
   -2     6 
   -2     6 
    0    18 
    0    18 
   16   -12 
   16   -12 
  -26   -22 
   -8   -16 
   -8   -16 
  -18     6 
  -18     6 
   -4     0 
   -4     0 
  -16    10 
  -16    10 
   26   -22 
   26   -22 
  -16     8 
  -16     8 
  -14    24 
  -14    24 
    0    24 
    0    24 
   32     0 
   32     0 
   22    22 
   22    22 
  -10    16 
  -10    16 
  -24     8 
  -24     8 
   14   -14 
   14   -14 
  -24    12 
  -24    12 
    8   -30 
    8   -30 
  -30   -14 
  -30   -14 
    0     0 
    0     0 
    8    16 
    8    16 
   10    -2 
   10    -2 
   -8   -14 
   -8   -14 
   26   -16 
   26   -16 
   -4    36 
   -4    36 
   22   -38 
   22   -38 
    0   -30 
    0   -30 
  -16   -16 
  -16   -16 
    6    -8 
    6    -8 
    4   -24 
    4   -24 
  -36   -12 
  -36   -12 
    4    -4 
    4    -4 
  -32    40 
  -32    40 
   22    14 
   22    14 
