5 9
100
   -1     1    -1    -1     1 
    0     0     0     0    -8 
    6     6     4     4     2 
    1     1     1     1     1 
    3 1    -8 1     7 1     3 1     1 0 
   64    16    16    16    -8 
    8 30  -112 60     8 30     8 30     8 30 
   -1 0     0 -1    -1 0    -1 0    -1 0 
  -15 -60   -75 -45   -15 -60   -15 -60   -15 -60 
    2 0     2 0     2 0     2 0     2 0 
  -92     4     2    -2    -4 

    1     1     1     1     1 
    1    -1     1     1     1 
   -1     1    -1    -1     1 
   -1     1    -1    -1    -1 

   -1    -1     1     1     3 
   -1    -1    -1    -1    -1 
   -1     1    -1    -1    -1 
   -2    -2    -4     2     2 
   -4    -2    -2     2    -4 
    1    -1     1     1    -1 
    6    -6     0     2     2 
    4     2     2     2     0 
    2     2     2     2    -2 
    1    -1     1     1     1 
    6    -4    -2     0    -6 
    6    -4    -2    -4    -6 
   -4     4     4    -8     0 
   -6    -2    -4    -6     6 
  -10     2     4   -10    -2 
    6   -12    -2   -12    -2 
    6     4    -2    -4    10 
  -14    -2    10     2    -2 
    6    -2     6     2    -2 
  -14   -10    10     2     6 
   -2    -6    -6   -14    -2 
    4   -12   -16    16   -16 
  -12   -12     0     0    -8 
  -18    -6    10    10     6 
   10     2     2    10    10 
  -18    -6     8    18     6 
    8    -6    14    -6    20 
  -18    -6    -6   -18     6 
   10     6    -6    -2    18 
    6   -16   -14   -20    -2 
    0    16    12    16    16 
   10   -10    14    -6   -18 
   18    14    -6    10    14 
  -22   -18     2    10    22 
  -14   -10   -14    10    18 
   18    -2    20    18     2 
  -20    -2    18   -14     4 
   -2   -22    14     6   -10 
  -16    -6    18   -14    12 
   -8   -10   -10    14    12 
    2   -10    10   -18     6 
  -22    10    -6   -10    26 
  -18   -20   -22    16    10 
   -4    -4     8    -4   -12 
   26    22    18    -6   -10 
  -14   -10    -6    -6   -10 
   -6   -30    18   -18    18 
   22   -18     6    22     6 
   -6   -22     0    10     2 
    6    -2    -8   -26   -26 
   -2     2    16    10    -2 
    2     6     0   -18     2 
    4    32    -8    12     0 
   28    24   -24    -4     8 
   10   -20    -2     8     2 
   22    20     2   -24    30 
  -22    -2    -2   -14     2 
   22   -22    18   -30   -10 
  -28    26   -26    -2    20 
   26   -14    16   -26     2 
  -32   -18    -2   -18    28 
  -14   -18   -20    30   -18 
   10    22    -6   -22    10 
   -2    -6   -14     2   -10 
  -18   -12    -6    20   -30 
    0   -28    12     0    28 
   -6    -2    18   -34     2 
    2    30    26    30   -14 
  -30    18   -18    -2   -14 
   18   -26   -30    -2    34 
  -12   -10   -30    30    -8 
    0    18    10   -22    28 
  -28    -2    22   -14    -4 
   -2   -10     4     2    14 
  -30     6   -10   -30    -6 
   34   -10    14    -6   -22 
   34    10   -38   -22     2 
    2    30     2     2     6 
    8   -30    30    18    28 
   18     2   -12   -30    -6 
   -6   -32   -38   -24    22 
   18    -8    -6   -16    26 
   10    -2   -38    -6   -14 
  -14    22   -18    26    22 
  -14    18   -22    18    18 
   18   -14   -30    10   -30 
    6    18   -16    22    22 
   38   -26     4   -22    10 
  -32    16   -32    28   -12 
  -16    -8    24   -28    20 
    0    26    18    18    28 
  -30    -6   -32    26   -10 
   22    30   -12     6   -10 
    6     2     8    26    -2 
  -18     8    -6     4   -10 
  -20    24    40    16    -4 
    0    24    44    12   -36 
  -22   -32     6   -24    26 
   10   -38   -22    -2    22 
   30    18     2    22    30 
