1 0
100
    1 
    6 
    6 
    1 
    1 0 
    6 
   28 -33 
    0 -1 
   55 11 
    2 0 
    2 
    0 
    0 

   -1 
   -1 
   -1 
    1 

   -1 
    1 
   -2 
    0 
    1 
   -2 
    1 
   -1 
    6 
    2 
    4 
   -8 
    0 
   -8 
   -4 
    0 
    0 
  -10 
  -10 
    6 
   10 
   12 
  -12 
  -14 
   18 
    0 
   16 
    2 
    6 
   20 
  -20 
   -2 
   -6 
    2 
  -18 
   -4 
   16 
    2 
   12 
    4 
   22 
    6 
   28 
  -16 
  -14 
   22 
   -6 
   -6 
  -24 
    4 
   12 
    0 
   24 
   16 
    0 
   24 
  -10 
   18 
    4 
   12 
    0 
  -24 
   -6 
  -10 
  -20 
   36 
  -18 
  -18 
   34 
   14 
   -8 
  -16 
    4 
   -8 
  -10 
  -26 
   14 
   38 
  -24 
   28 
  -20 
   32 
    2 
   42 
  -18 
  -18 
   40 
   -4 
  -16 
   12 
  -32 
  -40 
   24 
   12 
  -12 
  -20 
   24 
  -28 
   26 
   30 
