8 0
100
    1    -1     1     1     1    -1    -1    -1 
 -168     0    12   -12    96     0     0     0 
    7     7     6     3     3     7     7     7 
    1     1     1     1     1     1     1     1 
    1 0     3 1     1 0     1 0     1 0     3 1    -4 1    -4 1 
 -168    24    12   -12    96    40    80    16 
  -25 11    61 -14   -25 11   -25 11   -25 11    61 -14    61 -14    61 -14 
    1 0     1 0     1 0     1 0     1 0     1 0     1 0     1 0 
  -56 -14   182 -42   -56 -14   -56 -14   -56 -14   182 -42   182 -42   182 -42 
    0 1     3 0     0 1     0 1     0 1     3 0     3 0     3 0 
  -12    -3     2    -2    20   -15   -10     8 
    0     0    -1     0     0     0     0     0 
    0     0     0     0     0     0     0     0 

    1     1     1     1     1    -1    -1    -1 
   -1    -1     1     1     1    -1     1     1 
    1    -1     1     1     1     1    -1    -1 
    1     1    -1    -1    -1     1     1     1 

   -1    -1    -1    -1    -1     1     1     1 
   -1    -1     0     3     3    -1    -1    -1 
    0     0     0     0     0     0     0     0 
   -1     1    -1    -1    -1    -1     1     1 
   -1    -1     1     1     1    -1    -1    -1 
    1     4     2    -4     2    -4    -1     2 
    6     4     0     6     3    -4    -6    -3 
   -5     0     0     0     6     0     5     2 
    6     6     6     0    -3     6     6    -3 
   -6     1    -6     3     3    -1     6    -3 
    7    -8     2     2    -7    -8     7     1 
   -4    -4     0     6     6    -4    -4     2 
   -3    -7     0    -9     6     7     3    -6 
    2   -12    -8    10     1    12    -2     7 
   -4     1     8    -1    -1     1    -4    -1 
   12     8    12    -6     6    -8   -12     6 
   -1     9   -12     3     0     9    -1     8 
  -10   -10    -8    10     1    10    10    -5 
   11    -6    -8    -8    -8     6   -11     4 
  -10    10     2     2   -16    10   -10    -4 
   14     1    -2   -11    -2    -1   -14    10 
    6     4     6    12     9    -4    -6    -9 
  -14   -14    -6     0     6   -14   -14    10 
   13    -8     0     0    12     8   -13   -16 
   14     6     0     6    -3    -6   -14   -17 
   -7     8    18     6    -9     8    -7    -1 
  -13     2    18     0     9     2   -13    17 
   14   -14   -18    18   -21    14   -14    13 
   -2     3    18    21     6     3    -2    -2 
   -8    23   -14    -5    13   -23     8    11 
   -4    -1   -14    -5    -5     1     4    13 
   -4     9    18    15     6    -9     4    10 
    0   -10    18     6   -15    10     0   -21 
   -3     2    -4   -22    23     2    -3     3 
   20   -10     4     4    13    10   -20   -17 
  -20    -5   -16    11   -16    -5   -20   -20 
   -1     6    16    16    -2    -6     1    -2 
   -8   -12    10    -8     1    12     8    -1 
  -16    24    24   -18   -15    24   -16   -19 
   16    26    24    18    18    26    16    22 
    2    22   -18    -6     6    22     2     2 
    6    -1    18   -15     6     1    -6    18 
  -25    -5    20    -7    -7    -5   -25     5 
  -21   -16    20    20   -16   -16   -21   -24 
   22    -2     4    22    22     2   -22   -22 
  -14    -6     4   -14   -14     6    14    14 
   10   -20     6    18   -21    20   -10   -19 
   12    -3    -6     3    -6    -3    12   -18 
  -20   -20    24   -24     6   -20   -20    -2 
   -8   -18    24     0    -3   -18    -8    25 
   24    -6   -18     0     6    -6    24    -6 
   18     8   -18     0    30     8    18   -18 
   -5   -30     0   -18    -9   -30    -5    -5 
   24    -4     0   -12    -9     4   -24    -3 
  -13   -32    16    -2    -2    32    13    10 
    3    -8    16    16    16     8    -3    24 
   22    13    10   -17   -17   -13   -22   -19 
  -18    12   -10    26     8    12   -18     0 
  -13    13    22    -5    22   -13    13    10 
   31    16   -22   -22    23    16    31     7 
  -16   -24    24    -6    33    24    16    19 
   -4    24    24     6   -12   -24     4     4 
   11    19    10   -17    -8   -19   -11    16 
   12   -28   -10    26   -10   -28    12     6 
    3   -17   -24     9    -3   -17     3   -27 
  -10    30    24     0    36   -30    10    28 
  -30    25   -28    17    26    25   -30   -30 
   20   -35   -28    -1   -28   -35    20   -28 
    3     2   -18    -6    18    -2    -3     6 
    6    -4    18    24   -36    -4     6   -12 
  -13     3    24    -3   -18    -3    13   -14 
    2     3    24    -9   -24    -3    -2    -8 
   24     6    -8   -26    37    -6   -24    -9 
  -16    -1     8   -37    26    -1   -16   -10 
   34   -16    18    30   -36   -16    34   -32 
  -36   -36    18     0     0   -36   -36    12 
    7     8   -20    16    16    -8    -7    20 
  -16   -21    20    -7    20   -21   -16    20 
    2    22     6    30     0    22     2   -40 
   24    34     6    36    30    34    24   -30 
   16   -24   -12    12    24   -24    16    40 
  -28    18    12    12    12   -18    28    40 
  -30   -40    10    10   -26    40    30    -6 
   -4   -34   -10    26     8   -34    -4   -40 
   19   -21    12    15     6   -21    19    22 
   34     9    12    -9   -18     9    34   -26 
    6   -14    32    14   -40   -14     6   -12 
    9   -19   -32    -5   -32    19    -9    36 
   31   -21     6   -27    30    21   -31    14 
    4    -6    -6    12   -36    -6     4    28 
    0    30    36    24   -12   -30     0   -12 
   18    -8    36    36     3     8   -18   -15 
  -36   -21   -12    27    12   -21   -36   -36 
   -9    -9   -12   -15    36    -9    -9    36 
  -40   -10     4    22   -14    10    40    22 
    2   -22     4     4     4    22    -2    28 
   37   -33     0    21   -39   -33    37   -11 
  -17    42     0    -6     6   -42    17   -10 
   25   -15   -38   -11   -38    15   -25   -22 
  -25    35   -38    43   -38   -35    25    -2 
