2 0
100
    1     1 
-8064 -10080 
    8     5 
    1     1 
    1 0     1 0 
-8064 -10080 
   83 66    83 66 
    0 -1     0 -1 
 -165 33  -165 33 
    2 0     2 0 
-2688 -8736 

   -1    -1 
    1     1 
   -1    -1 
   -1    -1 

   -3     0 
    1     1 
    2    -4 
   -2    -2 
    4    -2 
   -1    -1 
    1     1 
    1     1 
    0     3 
   -6     3 
   -6     0 
   -8     4 
    4     4 
   -2     4 
    4     4 
    4    -2 
    8     8 
   12    12 
    8     2 
  -16    14 
   -2     4 
   -6     9 
    0     9 
  -12   -18 
   -4     2 
   10     7 
   18    -3 
   18   -12 
  -18   -12 
    0     0 
   16    10 
   20     5 
   12    15 
   10   -17 
    2    -7 
   -4    -1 
   24     9 
  -22     5 
   12    12 
  -24   -18 
   20    23 
   10   -17 
  -16     5 
    8     5 
   18   -15 
   10    25 
    6    -6 
   -4    14 
   18     0 
  -30     0 
  -28     2 
   12    12 
  -24   -21 
  -10    -1 
  -28     2 
   -8    22 
    2   -22 
   12   -12 
    6    -6 
   16     4 
    0   -18 
  -24    12 
  -14   -11 
  -10    -1 
  -24     3 
  -18     3 
   10    10 
    6     0 
  -18    24 
   30    -6 
   12    15 
    0   -15 
  -28    -7 
  -16    23 
    6   -30 
    6     0 
    2    -7 
   -6     3 
  -12     0 
    0     0 
   28     4 
   12   -36 
  -22     8 
    0   -12 
  -30   -33 
   -6    -3 
    8    29 
    8    -1 
   32   -22 
   12    18 
   36   -15 
   24    15 
    2   -13 
  -34    17 
   12    15 
   20   -25 
   12    24 
   -6    24 
  -20   -38 
  -20    22 
