1 0
100
   -1 
    0 
    8 
    2 
    7 1 
   48 
   -2 11 
    1 0 
   48 24 
    3 -1 
   12 
    1 
    0 

   -1 
   -1 

    0 
   -2 
   -2 
    0 
    0 
    1 
    4 
    4 
    2 
    2 
   -4 
   -8 
   -8 
    4 
    4 
    0 
    0 
   -2 
   -2 
   10 
   10 
   -4 
   -4 
  -18 
  -18 
   -4 
   -4 
   -6 
   -6 
  -12 
  -12 
   14 
   14 
   -2 
   -2 
   12 
   12 
  -22 
    0 
    0 
  -18 
  -18 
   16 
   16 
   22 
   22 
   10 
   10 
  -16 
  -16 
   20 
   20 
   -8 
   -8 
    8 
    8 
  -26 
  -26 
  -28 
  -28 
  -24 
  -24 
   -6 
   -6 
  -12 
  -12 
   30 
   30 
    2 
    2 
  -24 
  -24 
   -8 
   -8 
   -2 
   -2 
   14 
   14 
   12 
   12 
   20 
   20 
  -22 
  -22 
  -26 
  -26 
    8 
    8 
  -36 
  -36 
  -16 
  -16 
  -12 
  -12 
   12 
   12 
   24 
   24 
  -18 
  -18 
