2 0
100
   -1    -1 
    0     0 
    9     7 
    3     1 
    7 1     7 1 
   12    36 
   15 -11    15 -11 
    1 0     1 0 
  -26 -26   -26 -26 
    2 -1     2 -1 
    3     1 
    1     1 
    0     0 

   -1    -1 
   -1    -1 

    1     1 
   -3    -1 
   -3    -1 
   -1     1 
   -1     1 
   -5     3 
    6    -2 
    6    -2 
   -3    -3 
   -3    -3 
    2     6 
    0    -4 
    0    -4 
   -1    -5 
   -1    -5 
    3    13 
    3    13 
    8    -8 
    8    -8 
    2   -10 
    2   -10 
   12     0 
   12     0 
  -12     4 
  -12     4 
  -21    -1 
  -21    -1 
    0    12 
    0    12 
  -13     7 
  -13     7 
   -6   -18 
   -6   -18 
   14   -10 
   14   -10 
  -16    -4 
  -16    -4 
    1     1 
  -18    10 
  -18    10 
    3     9 
    3     9 
    2   -10 
    2   -10 
  -13   -15 
  -13   -15 
  -27   -11 
  -27   -11 
   15     9 
   15     9 
   24     0 
   24     0 
  -12    12 
  -12    12 
   11    13 
   11    13 
  -28    12 
  -28    12 
   -4     4 
   -4     4 
  -30    18 
  -30    18 
   -1    -1 
   -1    -1 
    3    -9 
    3    -9 
  -19     7 
  -19     7 
   24     4 
   24     4 
    0    24 
    0    24 
   26   -10 
   26   -10 
   -6   -30 
   -6   -30 
  -34   -22 
  -34   -22 
    9    21 
    9    21 
   21   -39 
   21   -39 
  -10    10 
  -10    10 
    9   -21 
    9   -21 
  -40    16 
  -40    16 
   36    20 
   36    20 
  -21    -3 
  -21    -3 
   -9    -5 
   -9    -5 
  -40   -32 
  -40   -32 
  -30   -14 
  -30   -14 
   11    17 
   11    17 
