2 0
100
   -1     1 
    0  -300 
    6     4 
    1     1 
   -4 1     1 0 
    8  -300 
   53 -42    53 -42 
    0 -1     0 -1 
   63 21    63 21 
    2 0     2 0 
    2   -60 

   -1     1 
   -1     1 
    1    -1 
    1     1 

   -1     1 
   -2     2 
   -4     2 
    1    -1 
    1    -1 
   -1     1 
    4    -4 
    4     4 
   -1    -1 
   -6    -2 
   -6     4 
    4     0 
   -4     8 
    4     4 
   10     4 
    0   -12 
    8    -4 
  -10    14 
    2    -2 
  -14   -14 
  -10     2 
    4     8 
    0     0 
   -2    10 
   -4    10 
   -2    -8 
  -12     0 
    0    18 
   12    18 
   -4    20 
    0    20 
   -6   -10 
    6     6 
   14    14 
    8    14 
   -4    12 
   18    12 
   -6    10 
    6    -8 
   16   -16 
   -8   -26 
    6     6 
  -24     0 
   18    16 
   -4    -2 
  -22    -2 
  -16   -30 
  -18    18 
   24    16 
    0     8 
   20    24 
  -20   -16 
  -22   -24 
   12     0 
  -22    16 
   22     0 
   14    22 
    8   -10 
   18    20 
   24     4 
    0   -28 
   16    12 
   22    10 
    8    -6 
   14    12 
   28    36 
  -14    -2 
   -8   -34 
   30    30 
  -24   -18 
  -18   -24 
   20   -16 
  -20    -8 
   32   -24 
  -10   -18 
   18    -2 
    2   -18 
    2    30 
  -36    16 
   -8    24 
  -36   -20 
   24    36 
  -32    26 
   -8    26 
  -22   -30 
    0     2 
   -4   -32 
   30    32 
   18   -16 
    6     8 
    8    12 
   24   -12 
    4    20 
  -32    -4 
   28   -44 
  -28    20 
    0    28 
  -26     4 
  -18    30 
   14    30 
