2 18
100
    1    -1 
   80     0 
    5     5 
    1     1 
    1 0     7 1 
   80     8 
  -87 105    53 35 
    0 -1    -1 0 
 -175 -35  -105 -70 
    2 0     2 0 
   40    -8 

   -1    -1 
    1    -1 
   -1    -1 
   -1    -1 

    0     0 
    1     1 
   -1     1 
    1     1 
    0     0 
   -1     5 
    5    -1 
   -3     3 
    3    -3 
    7    -5 
    2    -4 
    2    -4 
   -4     2 
   -4   -10 
   -4     2 
    1   -11 
    1     7 
    2    -4 
    6    12 
   -6    -6 
    2   -10 
   12     0 
   -4    -4 
   14    14 
    2   -10 
   18    -6 
   12    12 
    2   -10 
   18    -6 
  -14     4 
   -4    14 
  -14    10 
   18     6 
    2     2 
    6    18 
    6    -6 
    4   -20 
  -17     1 
  -15    -3 
   -7    -7 
   18   -12 
  -20    -2 
   26     8 
  -24     6 
  -10    14 
  -12    12 
  -10    -4 
  -22    -4 
   15    -9 
   27   -21 
  -10     2 
   16   -20 
  -26    -8 
    6   -24 
   -2    22 
    2     2 
    0    18 
    2     8 
    7   -29 
    7   -11 
   24   -12 
  -24   -24 
   25     1 
   25   -29 
   18   -12 
  -28    26 
   16   -26 
  -32    -2 
  -21    -9 
   27    21 
   28    16 
  -12   -24 
   25   -35 
   17    23 
    9     9 
  -19    17 
  -37   -13 
   35    29 
   36     6 
    6    24 
    6    24 
   -6   -36 
   20    32 
   18     6 
   22     4 
    6   -24 
   -4    26 
   16   -26 
   23   -25 
   -1    29 
    0   -18 
   18   -24 
  -37   -37 
  -33    15 
    1   -29 
   41   -13 
   27     9 
   11    -1 
   -1     5 
  -25   -43 
