1 9
100
    1 
    0 
    7 
    1 
    0 0 
    0 
   48 38 
    0 -1 
  -95 19 
    2 0 
   -2 

    1 
   -1 

   -2 
    0 
   -1 
   -1 
    3 
   -5 
   -5 
    3 
    1 
   -6 
    0 
    5 
   -1 
    1 
   -8 
    3 
   -8 
    2 
    7 
    1 
  -10 
  -12 
   12 
   -3 
   -7 
  -12 
   -9 
   -6 
    5 
  -11 
   -4 
   -6 
  -11 
  -11 
  -15 
   16 
    4 
  -19 
   27 
  -25 
   18 
   -6 
    8 
  -15 
  -19 
    5 
   -2 
   -5 
   19 
  -25 
    0 
  -17 
   16 
  -21 
   29 
  -21 
  -27 
  -19 
  -20 
  -19 
   -3 
   21 
  -33 
   -1 
    0 
    3 
  -11 
    1 
  -14 
    2 
    0 
  -23 
  -19 
   35 
   -6 
   -5 
   25 
  -30 
  -20 
  -28 
  -41 
  -28 
   -1 
   39 
    9 
    6 
  -11 
   41 
   21 
   -3 
    5 
   -1 
   41 
   -9 
   43 
  -36 
  -19 
   -1 
   -9 
   30 
