1 2
100
   -1 
    0 
    5 
    1 
   -1 1 
   16 
   28 44 
    0 -1 
  -99 11 
    2 0 
    8 
    0 
    0 

   -1 
    1 
   -1 

    0 
    1 
   -3 
    2 
    1 
   -1 
    0 
    1 
    0 
   -2 
   -2 
    3 
   -1 
   -2 
    0 
    0 
    8 
    8 
    8 
    8 
   -8 
   -2 
    8 
   -6 
   12 
   10 
   20 
    5 
   -7 
   14 
   -4 
  -20 
  -14 
  -15 
  -23 
  -24 
   20 
    6 
  -23 
    9 
   22 
    8 
  -24 
  -20 
   23 
   -1 
   24 
  -12 
   22 
    8 
    9 
   25 
   12 
   -6 
  -24 
   20 
   -8 
  -14 
  -14 
  -14 
   24 
    8 
   -1 
  -17 
   -6 
   -2 
   12 
   10 
    7 
    3 
   22 
  -18 
  -33 
   11 
  -27 
  -15 
    6 
   14 
   12 
  -20 
    9 
  -11 
  -22 
    2 
   12 
   28 
    9 
   29 
   -3 
  -35 
   -6 
   18 
   12 
  -40 
  -28 
   -8 
   32 
   42 
   -2 
   18 
