1 0
100
   -1 
    0 
   64 
   43 
    0 0 
    0 
   26 -7 
    3 0 
  -25 -11 
    2 -1 
   43 
    0 
    0 

    1 
    1 

    1 
   -1 
    2 
    0 
    0 
    1 
    0 
    5 
   -1 
    2 
  -10 
    1 
    4 
    9 
  -14 
  -14 
    2 
  -10 
    4 
    4 
   -2 
   -1 
    0 
    6 
   12 
   -9 
   16 
    6 
  -12 
  -10 
  -12 
   -1 
  -12 
  -17 
   10 
    0 
   -7 
   -2 
    7 
   -9 
  -21 
  -16 
   -1 
    4 
   -1 
   17 
    2 
   18 
   23 
  -27 
  -22 
  -19 
    8 
   24 
   28 
  -20 
    1 
  -12 
   28 
   -2 
    0 
   26 
  -11 
   -7 
  -24 
   -9 
  -16 
   -8 
   10 
   30 
  -18 
   28 
   17 
  -26 
   -6 
   19 
   -8 
   12 
  -18 
   -4 
  -12 
   19 
   19 
  -40 
  -14 
  -28 
   16 
  -11 
   39 
   12 
   37 
   26 
    0 
    1 
    2 
    7 
  -16 
   -7 
   -9 
  -15 
