2 0
100
    1    -1 
  224     0 
   56    44 
    1     1 
    1 0     0 0 
  224     0 
    4 -3     4 -3 
    1 0     1 0 
    53 1     53 1 
    0 1     0 1 
    4     2 

   -1     1 
    1     1 

   -2     2 
    0     0 
    1     1 
    0     0 
    3     3 
    2    -2 
    6    -6 
    7     7 
    3     3 
  -10    10 
   12   -12 
    6    -6 
   -9    -9 
    0     0 
   -6     6 
  -15   -15 
    6    -6 
   12   -12 
    8     8 
    0     0 
   -9    -9 
    3     3 
    3     3 
    2    -2 
   -4     4 
  -15   -15 
   15    15 
    6    -6 
   -8     8 
   -4     4 
   12   -12 
   -6     6 
    5     5 
   14   -14 
  -10    10 
   15    15 
   18   -18 
   12   -12 
    0     0 
   16   -16 
   22   -22 
   15    15 
   -3    -3 
  -12   -12 
    4    -4 
   -4     4 
    0     0 
   -6     6 
  -12    12 
    8     8 
    9     9 
  -23   -23 
   -8     8 
   -6    -6 
   -2     2 
    4    -4 
   21    21 
   -3    -3 
  -15   -15 
  -12    12 
  -17   -17 
    3     3 
   24   -24 
  -27   -27 
   14   -14 
   24    24 
  -15   -15 
    9     9 
   33    33 
  -15   -15 
   -9    -9 
    0     0 
  -15   -15 
  -12    12 
   -6     6 
   30   -30 
   20    20 
    6     6 
   22    22 
   22   -22 
   16   -16 
  -15   -15 
    3     3 
  -32   -32 
   12   -12 
   32    32 
    6    -6 
    0     0 
  -27   -27 
  -15   -15 
    4    -4 
   21    21 
   -8     8 
  -17   -17 
   36   -36 
  -36   -36 
  -18   -18 
   10   -10 
  -16    16 
   18    18 
