1 6
100
   -1 
  324 
   54 
    1 
    1 0 
  324 
    5 -4 
    1 0 
    71 1 
    0 1 
    3 

    1 
    1 
    1 

   -1 
   -1 
    2 
    0 
   -2 
    0 
    4 
   -1 
   -2 
   -6 
   -2 
    4 
    2 
    0 
   -4 
    6 
   10 
   -2 
  -10 
   -8 
    6 
   12 
    6 
   14 
    6 
   -2 
    2 
   16 
    0 
   -4 
    2 
  -20 
    2 
    0 
   -4 
   20 
    4 
   22 
    0 
   12 
    0 
    6 
   -8 
  -22 
   12 
   -4 
  -22 
    8 
   -4 
   28 
  -10 
    2 
   10 
  -10 
   12 
    4 
   28 
    4 
   14 
    0 
  -10 
  -14 
   -4 
    6 
   26 
   -4 
   -4 
  -26 
  -10 
    6 
  -30 
   12 
  -24 
  -16 
  -34 
  -12 
  -22 
  -22 
  -14 
   28 
   20 
   32 
  -24 
   26 
    8 
   -6 
  -44 
  -24 
  -36 
    6 
    0 
  -26 
  -26 
  -34 
   28 
    8 
    2 
  -24 
   28 
    6 
