1 0
100
   -1 
   92 
   46 
    1 
    1 0 
   92 
  -23 -12 
    5 0 
   43 -7 
    0 1 
    3 
    0 
    0 

    1 
    1 

    1 
   -1 
   -1 
    0 
    0 
   -2 
    6 
    2 
  -10 
    5 
   -1 
   -8 
  -11 
    9 
    4 
    7 
   -7 
   14 
    1 
  -14 
    4 
   14 
  -12 
    3 
    3 
    3 
  -17 
   12 
   -9 
   -4 
  -15 
    2 
  -12 
   -8 
    4 
  -18 
   11 
   10 
   10 
    3 
   12 
   20 
    2 
   16 
  -13 
   17 
    8 
  -24 
  -16 
    6 
   14 
    5 
   26 
   -6 
   -5 
   -2 
  -14 
  -12 
   -8 
   -2 
   30 
   17 
  -20 
   -7 
   -6 
   -6 
  -16 
   28 
    4 
   27 
   15 
  -29 
   26 
    4 
   -6 
  -23 
   19 
   12 
    0 
  -31 
  -12 
   40 
  -20 
  -37 
   16 
   20 
   28 
   -8 
   12 
  -18 
  -14 
   -4 
   30 
    1 
  -22 
   -2 
    8 
  -22 
   24 
   -9 
