3 2
100
    1    -1     1 
  828   192    92 
   46    48    46 
    1     1     1 
    1 0     1 0     1 0 
  828   192    92 
   23 -4    23 -4    23 -4 
    1 0     3 0     1 0 
  -27 -27    -9 -9   -27 -27 
    2 -1     2 -1     2 -1 
    9     1     1 
    0     0     0 
    0     0     0 

   -1    -1    -1 
   -1    -1     1 
   -1    -1    -1 
    1    -1    -1 

   -1     0     2 
    0     0     0 
    0     0     0 
    1     1     1 
   -1     1     1 
   -4    -3    -1 
   -6     2    -6 
    8     2     2 
   10    -3    -5 
   -8     3     1 
   -4     2     8 
   10    -1     7 
    4     5   -11 
    6     8     6 
    4     2     4 
    8   -15    11 
    2   -10    14 
   -4     2    14 
    4   -10   -14 
   10    14     4 
   -4     0     2 
    4   -12    -8 
   -6     0   -18 
    6   -12     6 
  -18   -12     0 
    6     0    12 
   16    -1   -17 
    6    -4     0 
    0   -12    18 
   10    -9   -11 
   18   -10     6 
    2     5     5 
    6    17    -3 
   -4     0     8 
    8    18   -10 
   12   -16    -6 
  -10   -10    20 
   10   -13     7 
    4    -4     4 
   12    12     6 
   18     3     9 
    2     2   -10 
    4     0     4 
   -4    18     8 
   22   -12    -8 
   22     3    25 
    8     5     5 
    0     5     9 
  -22    14    14 
    0     5    -3 
  -22    -4    14 
  -22   -22   -22 
  -20    -9    25 
   -6    -6     6 
  -10    -9    -7 
   14   -27    23 
  -16     9    11 
   24     0    12 
   -8   -16   -20 
  -20   -13     7 
    6     2    18 
    2    29     5 
  -32     2   -20 
   10     6    -2 
   24    30     6 
   24   -12     0 
   -8    27    13 
  -14   -19    13 
   22   -16    28 
   24     0     0 
  -24   -12   -18 
   28   -13     7 
  -28   -22     8 
   16   -16   -32 
   18    23   -33 
  -14     8   -26 
   16   -16     4 
    6    38    12 
   18   -10    24 
  -20     0   -14 
    0   -30    -6 
   32   -30     2 
  -16   -24   -10 
   20   -22    20 
    4    41   -11 
  -28    29   -31 
   28    -1    31 
  -28     0   -16 
    0    24     0 
   30    24     6 
  -10    42    38 
   10    30    10 
  -36   -18     6 
  -14    38   -14 
   20   -37   -13 
   28    20    28 
   22    -3    -5 
   10   -30    34 
   12   -21    45 
   42    -6     6 
