3 0
100
    1    -1     1 
   90   126  1170 
   45    63    39 
    1     1     1 
    1 0     1 0     1 0 
   90   126  1170 
    175 -36     -77 0     -77 0 
    0 2     0 1     0 1 
    -92 -34     -30 30     -30 30 
    7 0     7 0     7 0 
    2     6    14 

    1    -1    -1 
   -1     1    -1 
    1     1    -1 
    1    -1     1 

   -1     1     1 
    1    -1     1 
    1     1     1 
    0     0     0 
    0     0     4 
   -1     1    -1 
   -4    -4     4 
    5     5     3 
    9    -3     3 
    3     9     1 
    2     2     6 
  -10     2    10 
    2   -10   -10 
   11     5     3 
    5   -13    11 
    3    15     9 
  -10     2   -10 
    2   -10     2 
   -1   -13     5 
   -4   -16   -12 
    0   -12    12 
    6    -6   -14 
    0     0   -12 
    9    15    -7 
    0    12    12 
    6   -18   -10 
    8   -16    -8 
   -4    -4     4 
   -6    18    -2 
  -12   -12    -4 
    2    14   -10 
   -7    11   -19 
    8   -16    12 
  -15    15   -15 
    6   -18   -10 
    8    -4     0 
   17    11    11 
   14     2   -14 
    5    23   -15 
    0     0    16 
   12     0     8 
   -1    -1     1 
  -18   -18   -18 
  -15   -15   -15 
  -27    15     7 
  -15     3     3 
    2   -10     2 
   -7    11    13 
   20     8     4 
  -10     2   -26 
    2   -22   -18 
   -1   -13     5 
   -3     3     5 
   15    -9     1 
  -12     0   -12 
   21    27     3 
  -21    -9    15 
   -6    -6    -6 
    2    14   -10 
    5   -25     1 
   14   -10    -2 
   -1    11    21 
  -25    -7     1 
   18    -6    14 
   12   -12   -12 
   18     6    18 
    0    12    -4 
  -19   -19   -21 
   14     2    18 
    6   -18    34 
   36     0   -24 
   -7   -37    -5 
   11   -25    -1 
   17   -13   -27 
   23     5    29 
   20    20   -20 
  -34    14    -2 
  -10   -10    10 
  -22   -22    38 
    9    -9    -7 
  -24    12    12 
   21     9     9 
   15    27    19 
  -22   -22    26 
   -4   -28   -32 
   35   -13   -13 
   11    29   -29 
   36    12   -36 
  -24    24    16 
   -3   -39   -15 
   30   -30   -34 
   33   -15   -33 
  -12   -24     0 
  -34    26    10 
  -37    29    37 
   20     8    -8 
   39     3    27 
  -12     0    24 
    6    -6    26 
   36    12    40 
