8 0
100
   -1    -1     1    -1     1    -1    -1     1 
  232    88     0   184     0   104   112   368 
   58    44    60    46    54    52    56    46 
    1     1     1     1     1     1     1     1 
    1 0     1 0     0 0     1 0     0 0     1 0     1 0     1 0 
  232    88     0   184     0   104   112   368 
    4 -3     57 -2     4 -3     4 -3     4 -3     4 -3     4 -3     4 -3 
    1 0     5 0     1 0     1 0     1 0     1 0     1 0     1 0 
    53 1     7 11     53 1     53 1     53 1     53 1     53 1     53 1 
    0 1     0 1     0 1     0 1     0 1     0 1     0 1     0 1 
    7     1     3     1     3     1     1     1 

   -1     1     1     1    -1    -1     1     1 
   -1     1    -1     1     1    -1     1    -1 

   -2    -2     0     0     0     1     2     2 
    0     0     0     0     0     0     0     0 
   -3    -1    -1     1     1     0    -1     1 
    0     0     0     0     0     0     0     0 
   -1    -3    -3    -1    -1     2    -3     3 
    2    -2     0    -4     4     2     2    -2 
    2     6     4    -8     8    -4    -6     6 
    7     7    -1    -5    -5     4     7    -1 
    7     3    -9    -1    -1    -2     3    -1 
    0   -10     6     4    -4    -6    10     4 
    6    12    -2     4    -4    -6   -12    -2 
   -4    -6   -10    -8     8     2     6    -8 
   -1     9     1     7     7     8     9    11 
   10     0     2     8    -8     4     0    -6 
   -8     6   -10     4    -4    -2    -6     4 
  -15    15    -9   -11   -11   -12    15     5 
    0     6    -2     4    -4     6    -6     4 
   -4    12    16     0     0    14   -12     4 
   16    -8    -8   -12   -12     4    -8   -16 
  -10     0   -14     8    -8     8     0    14 
   -9     9    -3    -9    -9     0     9    11 
   -5     3    -9    -9    -9     4     3    11 
   11    -3   -15    -1    -1   -10    -3    15 
   -4     2     6     0     0    14    -2     0 
   12    -4     0   -12    12    -6     4    12 
   -3   -15    -3    13    13     6   -15    -3 
   -1   -15   -11    -1    -1    -4   -15    11 
   -6     6     4   -12    12     0    -6     6 
   12     8   -12    12   -12   -12    -8   -12 
    6    -4     6   -12    12   -12     4    -2 
   -8    12     4     8    -8    10   -12     0 
   -6     6   -16    -4     4    18    -6   -10 
   -7    -5   -17     5     5    14    -5    -3 
  -22   -14   -12   -12    12    20    14    -2 
   12   -10    -6   -16    16   -12    10     8 
    7    15    11    -5    -5    16    15    15 
    2   -18     8     8    -8     8    18   -10 
   10    12   -14   -12    12   -14   -12     2 
   22     0    14     4    -4   -14     0    -2 
  -10   -16     6   -12    12   -16    16   -18 
  -16   -22    18   -12    12     8    22   -12 
   -1   -15     1     7     7   -10   -15    19 
   13    -3     9    17    17   -20    -3     5 
  -12    12    12     0     0   -24    12    20 
  -18    -4    18    16   -16     0     4   -10 
    6     4    18    12   -12   -24    -4   -10 
    4     0    -8     4     4     4     0   -20 
   -4    -6    22   -16    16     8     6     0 
   16    12    -4    -4     4    16   -12   -16 
  -16     8   -16     4     4     8     8    24 
   -3    -9    -5    17    17    -6    -9     1 
   13   -23    -7     1     1   -26   -23    29 
   -6    -8     6    -8     8     6     8   -14 
   18     6   -18     6     6   -18     6    -6 
  -18     2     0     0     0    12    -2    10 
   -4     4    24     0     0   -28    -4    20 
   -7    21    -3     9     9   -16    21     1 
  -15    -3   -15    -3    -3     0    -3     9 
  -11    15     7    21    21    28    15    17 
   26   -12   -14    20   -20     8    12     2 
    7    17   -11    31    31   -14    17     3 
   -5     3   -13    -5    -5    22     3   -13 
  -24   -24   -16    -4     4     6    24    16 
  -11   -27     9   -19   -19   -26   -27   -19 
  -22    14   -12    28   -28     2   -14     6 
   24    24     0    28    28     0    24     0 
   21   -15   -15     9     9     0   -15     5 
   25    -9   -17    21    21    -2    -9    29 
  -19   -33    -5    17    17    14   -33   -31 
   13    15     3    25    25   -20    15   -15 
   11     9     9    27    27    -4     9    15 
  -10     0   -10    16   -16     8     0    22 
  -23   -15    29    -7    -7   -32   -15    17 
  -32    12    -4   -20    20   -14   -12    16 
    6    -6     4   -36    36    -6     6    -6 
   16   -30     2     4    -4   -20    30     4 
  -20   -20   -20    24    24   -32   -20    -4 
  -38    -6   -26    38    38    -2    -6    -6 
   26   -22    10    26    26   -10   -22    -6 
    8   -22   -30    24   -24   -28    22    20 
  -22    16    30   -32    32    -4   -16   -30 
  -19   -15   -27   -31   -31   -16   -15    13 
  -17     3   -21    35    35    16     3     7 
    8    32   -20     4     4    -4    32    16 
  -22    12   -14   -24    24   -16   -12    26 
  -28   -32   -20   -16   -16     8   -32   -20 
   16    -6     2   -32    32   -20     6   -20 
  -12     0   -24    12    12    24     0     4 
    5   -27   -39   -27   -27    32   -27    21 
  -27    15   -21    21    21    18    15   -15 
   18    -4     6    24   -24    -6     4    10 
   29   -21   -21    33    33    14   -21    25 
  -26    -8    42    40   -40    -2     8    30 
   -5   -17   -13   -37   -37    34   -17    19 
   22    36   -26    -8     8   -44   -36    22 
  -12   -36   -28     8     8   -36   -36    28 
  -26    18    -6    34    34   -14    18    -2 
   22   -10   -12    16   -16   -38    10   -22 
  -24    16    24   -40    40     6   -16    24 
  -42    18   -30     6     6    42    18     6 
