6 0
100
    1    -1    -1     1    -1     1 
    0   294   216    82   112   264 
   58    49    54    41    56    44 
    1     1     1     1     1     1 
    0 0     1 0     1 0     1 0     1 0     1 0 
    0   294   216    82   112   264 
    -43 24     -43 24     -43 24     -43 24     -43 24     -43 24 
    0 1     0 1     0 1     0 1     0 1     0 1 
    108 12     108 12     108 12     108 12     108 12     108 12 
    5 0     5 0     5 0     5 0     5 0     5 0 
    1     3     1     3     1     3 

    1     1     1    -1    -1    -1 
   -1    -1    -1    -1    -1    -1 
    1    -1     1    -1     1     1 
    1     1    -1     1     1    -1 

   -1    -1    -1     1     1     1 
    0     0     0     0     0     0 
    0     0     0     0     0     0 
   -1    -1     1    -1    -1     1 
    4     4     0     0     0    -4 
   -4     2     0     2     2    -2 
   -1     5    -1    -3     3    -5 
    5    -7    -7    -7    -1    -5 
    2     2    -6    -6     6   -10 
    1    -8     9     4     1     1 
   10     1     2    -7     8    -8 
   -5     7    -1    -1    -7   -11 
    0    -9     8    -1   -10   -10 
    6    -3     2   -11    -8    -4 
   -8     1    -4     9    -6     6 
   12   -12     0     8    14    -6 
   10     1     2     9    -6    -6 
    7   -14    11    10   -11     9 
    5   -16    -7     0     3    -1 
   -4    -7     8     1     4     8 
   17     2   -15     6   -15    -7 
   16    -8     0     8     2   -14 
   15    18     3     2     5    -7 
   18     0     6     8   -10   -14 
   -1   -10    15    -6     3     3 
   13    -8   -15     4     7     3 
   -1     5    11   -11     1   -19 
   14     8    14    16   -14     2 
   -1     2     3   -10    17   -11 
   -8   -14   -12     6   -18     2 
   -6    -9    14     7    -8     4 
   -3    -3    -7    13    -5   -17 
   -4     5    20   -19    -4     4 
   -5    -8    -9     8    17    -3 
    2    -4    18     8    -4   -12 
  -22     5   -10   -11   -20   -16 
  -13   -16   -13     0    15    23 
    0    18    20     2   -10   -14 
   15    18    11     2    17    13 
  -16     8    12    16    -2   -14 
   -2   -20    -6    12     0    20 
   10   -23   -10     1     4    24 
    6    18   -18    10     4    12 
   24     0   -24     0   -12    12 
   16    10     0    -6    18    10 
    2     2     6    22   -14   -10 
   -8   -17   -16    -1   -16    16 
   10   -23   -10   -15   -24   -20 
    0    21   -16    -3     0     8 
    6    21   -10    13   -20    20 
  -14   -23   -22     1   -26     6 
  -14    -5     2    -5     4   -12 
   -6    12   -18    24     0    -4 
    9     6    -3     2    11   -17 
    4   -26    12   -30   -12   -20 
    8     2    12    14    20     8 
    9     6     9    26    29   -27 
   24     6    24    18   -24     0 
  -29   -20    -1   -20   -11    25 
   28   -23    20    25   -14    10 
   15    21    -1   -11    31     7 
  -24    15   -16    -1   -10    -2 
   20    11   -16    19     4   -32 
   -9    12    27     0   -15   -27 
    9    12     9   -24    21    21 
    1     4    33    24    -3    21 
   17   -22   -15    30    21    -3 
   -2    10   -22   -14   -26    10 
  -20     1   -16   -31   -10   -14 
  -10    26   -30    10   -14    22 
   -8     4   -12   -20    10   -34 
   -7    35    17   -37    -7    25 
    2    29   -34    -3   -12    -8 
   34     7   -22    15    30   -10 
   -8    -2    -4   -10    20     8 
  -32    37   -16    21    18   -14 
  -38   -20   -34   -12     6    10 
  -28   -25   -40    15   -18    -6 
  -28   -25    32    31     4   -24 
   21     0   -39   -24   -21     7 
  -24   -30    12    -6     0    20 
   15    12    39     0    39    -1 
  -33   -24    -9   -12    15     7 
    1   -23     5     1   -29    15 
  -32    16     8   -24    -6   -30 
  -24   -15    -4   -15    12    32 
   36     3    32     3   -24    -4 
  -24    -6   -24   -26    40     8 
   21   -18    -3    26   -19   -11 
    2    20   -18    28   -20   -16 
  -14     4    -6    20   -40   -32 
    3   -12    -9     4   -35    17 
  -12   -24   -24   -20    22   -14 
   -6    15    26    15   -30    10 
  -44   -20    44   -20    28   -36 
   28   -11   -28    -3    36   -36 
   30   -30    30    -6    18     2 
  -24    -6    12    10   -20    -8 
   37   -20    21    24   -39   -39 
  -22    14    18    -6   -18   -42 
