3 4
100
    1    -1     1 
   80   122   204 
   40    61    51 
    1     1     3 
    1 0     1 0     1 0 
   80   122   204 
  -43 24   -43 24   -43 24 
    0 2     0 1     0 1 
   54 6   108 12   108 12 
    5 0     5 0     5 0 
    7     3     6 
    0     0     0 
    0     0     0 

    1     1     1 
   -1    -1    -1 
    1    -1     1 

   -1    -1    -1 
    0     0     0 
    0     0     0 
   -1    -1     1 
    1     1     3 
   -4    -1    -3 
    8     5    -7 
   -7     5     5 
   -4    -7     9 
    1    -2    -6 
   -2    10     2 
   -8    -2   -10 
    6     9    -1 
    3   -12    -4 
   10   -11    -1 
   -9     0    12 
    4    10     2 
   10   -14     2 
   11    -1    -1 
   -4     5    11 
    2    -7     9 
  -11   -11    -9 
  -12    -3   -15 
    6    15   -15 
  -10     2    -6 
   -2    13    -3 
   -1    -4   -16 
   11    -7   -13 
   -7     5    -3 
   -8     7    -3 
   -6    -3    -1 
   18     9    -7 
   14   -13     5 
   13     7    -9 
  -10    20     0 
   -4    17    11 
    2     8     8 
    3   -18    14 
  -18     9     5 
    8    -1    21 
   -2    -8    24 
   16    19     5 
    3    15     9 
   18   -15     9 
    4     7    -3 
   14   -13    -3 
   25     7    23 
   -8     7    -7 
   12   -15   -19 
  -12   -21    -7 
   -5   -14   -10 
   22    -5    29 
   12    -9    -3 
  -24    -3     9 
   -8   -23    -3 
    8    11     9 
    0    12   -24 
   18   -21    -9 
  -32    -8   -16 
   19     4    32 
    6    18     2 
  -18    15    17 
  -25     2   -10 
    6    21   -27 
  -33    -6    -6 
   10    19    15 
   -4    11   -33 
  -14    19   -19 
  -32   -26    26 
  -25    11    -3 
   28   -11    27 
    8     8   -16 
  -22     5    23 
  -14   -35    29 
   13   -23    23 
  -20     1   -13 
  -32    13   -25 
   -4    35   -19 
  -34   -34   -10 
   27   -12    12 
    6    -9    21 
  -18    36     0 
  -36    24    12 
   13    19    -1 
   19    -8    -4 
   12    -3    35 
  -36    15    17 
    0   -21   -21 
   24    -3   -15 
   17   -34    -6 
   40   -29    21 
    6   -15   -15 
   12   -21     9 
   -6     3   -25 
  -26    43    35 
  -41     4   -28 
   30   -39     3 
  -30   -45    33 
  -47    22     6 
  -19    17    27 
