2 0
100
   -1     1 
   80    88 
   40    44 
    1     1 
    1 0     1 0 
   80    88 
  101 -8   101 -8 
    0 1     0 1 
  -12 -28   -12 -28 
    5 0     5 0 
    2     5 
    0     0 
    0     0 

   -1    -1 
   -1    -1 
    1    -1 

    0     0 
    0     0 
   -1     1 
   -1    -3 
    0     4 
    3     3 
   -1    -7 
   -4     0 
    6    10 
    9    -3 
  -10     2 
   -2    -2 
   -2     2 
    1    -5 
   10     6 
    9     7 
  -16    -8 
    2     6 
  -14    14 
    8     0 
   -9     1 
   -3    15 
   -6    -2 
  -15     5 
    3     7 
    0     0 
    4     8 
   11    13 
   -6   -18 
   12    -4 
  -16     4 
    4    -4 
  -17    -5 
    6    -2 
   12   -16 
    8    12 
  -11    23 
   14    14 
  -14   -14 
   18    -6 
    6   -22 
    1     5 
   12   -12 
    9    23 
   18   -10 
   18   -18 
   22     6 
    8     8 
   16   -16 
   -4   -12 
    7   -13 
    5    13 
  -18   -10 
   -6    18 
  -24    16 
    0   -12 
   15    21 
    3    -7 
  -14    14 
   -7     7 
   13     1 
   11   -29 
   16     8 
  -12   -24 
   -9     3 
   15    21 
    0     0 
   -5   -17 
  -17    11 
   -9    17 
   -3    11 
  -29    33 
  -10     2 
    4    16 
   -4    12 
  -20   -12 
   -2    30 
   10   -22 
  -26     6 
  -30     6 
   30     6 
   21    15 
   27   -15 
  -14     6 
   20   -20 
   -2     6 
  -20   -36 
   39     5 
   24    16 
    6   -26 
   21     5 
  -42    14 
  -21     7 
  -13     3 
  -28   -12 
   26   -26 
  -12    32 
    6   -18 
  -30    18 
  -24   -24 
