2 0
100
    1     1 
  360    96 
   60    48 
    1     1 
    1 0     1 0 
  360    96 
    -115 0     -115 0 
    0 1     0 1 
    -32 32     -32 32 
    5 0     5 0 
    2     4 

    1    -1 
    1    -1 
   -1    -1 

    0     0 
    0     0 
   -1    -1 
    1     1 
   -1    -1 
    0     4 
   -4     8 
    1     1 
   -5     3 
    2     6 
  -10     6 
  -10     2 
   -7     1 
   -2     6 
  -10     2 
    3     3 
   -6    -2 
   -4    -4 
  -16     8 
    6     6 
  -11   -11 
  -15     9 
   -1    15 
  -18    -6 
  -20   -12 
   -7     1 
  -15   -15 
    4    -8 
    8     8 
    2    18 
   16     0 
    4    16 
   17   -15 
    0    12 
   -6   -18 
    9    17 
   -4   -24 
  -18    22 
   14    -2 
   18    18 
  -22   -18 
   -1    -1 
    7    15 
   20   -20 
  -14    26 
  -22    -6 
   16   -16 
    2   -26 
   -4    -4 
  -16     8 
    1    17 
  -11   -19 
  -18   -18 
   10   -14 
    0    -4 
   24     0 
   15     7 
    3   -21 
   -5     3 
   30    14 
  -17    -9 
  -25     7 
  -20    28 
   -3   -27 
   12    -8 
   16    24 
   -5    11 
    1    25 
   21   -27 
   15    -9 
   -3    21 
    2    -6 
    7   -25 
   24    16 
  -20   -16 
   34   -10 
   28   -12 
  -38    26 
   14    14 
    2    30 
   -2     6 
   -1   -25 
   33     1 
   36     4 
    2    18 
   -4    -4 
  -26    10 
   -8    24 
  -13     3 
  -15     9 
  -34    30 
   -3   -11 
   14   -42 
   19    -5 
   22    22 
  -12    -4 
    6   -18 
   12    40 
    0    32 
  -14     2 
