1 0
100
   -1 
  420 
   42 
    1 
    1 0 
  420 
  -29 -2 
    1 0 
    6 -33 
    1 1 
   10 
    0 
    0 

    1 
   -1 
   -1 

   -1 
    0 
    1 
    0 
    0 
    1 
   -4 
   -7 
   -6 
    6 
  -10 
    2 
    2 
   -4 
    8 
   15 
   11 
   14 
    5 
   -1 
    0 
   -6 
   12 
    0 
  -15 
   18 
   -4 
   -4 
    3 
   12 
   -1 
   14 
   20 
  -12 
    9 
  -10 
   14 
   -4 
  -22 
  -12 
   -9 
  -22 
  -12 
    3 
   18 
  -18 
    2 
   -4 
    8 
   -4 
  -10 
  -13 
   -6 
  -27 
    0 
   30 
   -9 
    0 
    8 
   20 
   23 
   26 
  -22 
    3 
    9 
    0 
  -30 
   11 
  -10 
   24 
   24 
  -22 
  -25 
   -4 
  -22 
   11 
    8 
   17 
   35 
    6 
  -15 
    9 
   24 
   32 
  -16 
    5 
   -4 
   24 
   -6 
    6 
  -24 
    3 
    3 
  -10 
    2 
  -10 
  -18 
  -18 
   -6 
   -6 
