2 0
100
    1    -1 
   84    98 
   42    49 
    1     1 
    1 0     1 0 
   84    98 
    25 -2     79 -14 
    1 0     3 0 
    135 15     189 3 
    4 1     4 1 
    1     1 

   -1     1 
   -1     1 
    1    -1 
   -1    -1 

    0     1 
    1    -1 
    0     0 
   -1     1 
   -2    -1 
    1     1 
    4     1 
    4     6 
    7     0 
    0    -5 
    4     0 
    8     9 
    1     4 
   -1    -8 
    8     1 
   12     8 
   14   -16 
    4   -10 
  -11    -1 
   15     8 
    4    -6 
  -14    15 
    1    -1 
  -11    13 
   19   -11 
  -10     0 
   19    -1 
    8   -13 
  -13    -4 
   17    12 
    6    -2 
   11     2 
   10     2 
  -18   -21 
   11     0 
    8   -22 
  -12   -12 
    3   -20 
   22    13 
  -13   -15 
   24   -12 
   10    16 
  -16    -7 
    9   -24 
  -15    -7 
   -3   -11 
  -16    -1 
   14     3 
    1   -20 
    6    -2 
    3    -2 
   24   -25 
   19   -11 
  -18    -3 
  -28    15 
  -16    12 
    6    -9 
   21     9 
   16     0 
  -24    11 
    8    -8 
   -8   -19 
   10     5 
  -17    -4 
  -14     6 
  -23    33 
  -32     0 
   18    -4 
  -18     4 
  -15    20 
  -17    22 
   18   -10 
   11    10 
   10    22 
   17     0 
   20    -8 
    0    19 
    5    32 
  -17   -10 
   10    21 
    0    22 
  -12    24 
  -16    -3 
  -34     8 
  -39   -41 
   12     3 
  -35    28 
   42   -12 
  -27     3 
   21   -34 
   20    22 
  -28    18 
   -4    21 
   12   -30 
  -17    11 
    1    38 
   30   -11 
   33     0 
   -7     0 
  -11   -40 
