2 0
100
   -1     1 
    0   768 
   56    48 
    1     1 
    7 0     1 0 
   48   768 
    -4 -31     -4 -1 
    3 0     1 0 
    -189 -9     -27 3 
    2 -1     2 -1 
    1     8 

    1    -1 
    1    -1 
    1     1 
    1    -1 

   -1    -1 
   -1     1 
    0     0 
   -1    -1 
   -1     1 
    1     3 
    5    -1 
   -5    -7 
    5    -5 
   -6    -2 
  -10     2 
   -3     9 
   10    10 
   -1     9 
   -6     2 
  -10     6 
  -10     6 
   10    -6 
    1     7 
    3     1 
    1    -7 
  -10    10 
    2     6 
   -6     6 
    0     0 
    0     0 
  -16    -4 
  -19    -1 
   16     0 
   10   -18 
   -9   -17 
   -9    -5 
   13   -15 
    4   -20 
    3    15 
  -16     0 
   -3    -5 
   -7     1 
   22    18 
  -25     7 
   12    -8 
   24     4 
   11    15 
   -9    15 
   16    24 
   10    18 
   -2     6 
    0   -20 
    8    24 
   28   -28 
   22    10 
  -20    20 
   26    -2 
   16   -24 
    4    24 
    0    12 
    8     0 
    0   -16 
   20    24 
   10     6 
   26     2 
   23     7 
    6    10 
   12    16 
  -18   -30 
  -12   -24 
  -18    -2 
   13   -15 
  -12   -24 
   25    33 
  -13    19 
  -28   -24 
   32     8 
    6   -10 
   37    29 
   32   -16 
   -3   -29 
  -24    32 
   10    14 
  -29    -5 
    9    21 
   -5     7 
   40   -32 
    7     1 
   24   -32 
    8    28 
   22    26 
   -8   -36 
   21    17 
  -28    16 
  -30     6 
   21   -17 
   -3    27 
   10    -2 
   -2    22 
  -13   -31 
    6    18 
  -30    42 
   37   -33 
   17   -25 
