3 0
100
    1     1    -1 
  464  2912   370 
   58    52    37 
    1     1     1 
    1 0     1 0     1 0 
  464  2912   370 
   43 4    43 4    43 4 
    3 0     3 0     3 0 
   33 21    33 21    33 21 
    4 1     4 1     4 1 
    4    22     4 
    0     0     0 
    0     0     0 

    1    -1    -1 
    1     1     1 
    1     1    -1 
   -1     1     1 

   -2     1     2 
   -1     1     1 
   -1    -1    -1 
    0     0     0 
    0     1     1 
    1    -1    -1 
    1    -5     4 
    0     5     0 
    7     2     0 
    4     5     8 
   -8    -7    -9 
    2    10    -6 
    0    -1   -11 
    5    -2     4 
   -8    -2    13 
    0    -6    16 
    2    -6     8 
  -10    -2   -13 
    7    -1     5 
    9     5   -16 
  -12    -6   -15 
    4   -11     9 
  -15     6     4 
   15     6   -10 
  -18    12   -10 
    2    -4   -15 
    9    -7    11 
  -14     8   -16 
    8    14    -5 
    3    -8    15 
    4    -5    -2 
    1     3   -16 
   -6     5   -16 
    0     7     6 
   12   -12    -9 
   16    17    -4 
   -4   -16     9 
   -3    -2    10 
  -17    -3   -14 
  -15   -16   -12 
  -20    15    -6 
    9   -16    -5 
  -18    11     4 
   15    -9   -24 
   25    10    -5 
    3   -12    23 
   20    -8   -10 
   26    14     9 
  -27     8    -2 
   -8     0   -20 
  -17    24    22 
   -8     2    14 
  -22     0    -1 
  -14    18     9 
    5    -4   -12 
   12     0   -18 
   -4    32   -21 
  -16   -24     6 
  -26    26   -30 
   20     8    11 
   20    11    22 
   26     2     8 
   -2    26    11 
   -6    30     4 
   -7    12     9 
   21    30    -6 
    7     4    18 
    1    28    26 
    2   -19    10 
   37   -21    22 
    0    -7     8 
   18   -16     8 
   25     4   -11 
   -3    25    16 
   35   -14    -6 
  -10   -35    19 
  -21    16   -23 
  -30    -6   -13 
   23    28    14 
    6     5    24 
  -23   -17    -1 
  -16    24    -3 
  -28   -13    15 
   28    12   -22 
   -8     3    22 
   -8     6   -24 
   29   -20   -14 
  -28    -3   -39 
    4   -20    18 
    1   -22   -20 
  -30     0   -10 
   20    25   -15 
  -14   -39     6 
   16    42     6 
   39    -5   -40 
  -37    22   -25 
  -27   -18   -28 
  -25   -26    -3 
   -6    21    42 
   37   -15   -20 
