1 0
100
    1 
    0 
   52 
    1 
    0 0 
    0 
    -43 12 
    0 1 
    48 12 
    5 0 
    1 

   -1 
   -1 
    1 
   -1 

    0 
    0 
   -3 
   -1 
   -4 
    3 
    1 
    0 
   -5 
   -7 
    4 
    5 
   -4 
    8 
   -2 
    6 
   -5 
   11 
    1 
   10 
  -12 
   -8 
   15 
    6 
    3 
   16 
  -14 
    8 
    3 
  -17 
    7 
    0 
   10 
   20 
    6 
   11 
   -2 
   -2 
   22 
    0 
    3 
    8 
  -14 
    8 
   -4 
   16 
    4 
  -22 
   -4 
    5 
   14 
    5 
   16 
  -23 
  -30 
   21 
   -4 
  -11 
   13 
   -7 
  -26 
   26 
    6 
  -26 
    8 
   31 
   12 
  -11 
   21 
    8 
   -3 
   14 
   12 
    6 
   11 
  -33 
  -34 
  -35 
  -20 
   12 
  -36 
  -15 
   -5 
   32 
    2 
   29 
   20 
  -16 
   30 
  -14 
  -34 
  -26 
  -44 
  -12 
  -13 
    6 
   -8 
    3 
   18 
   30 
