4 0
100
   -1    -1     1    -1 
  152   200   116   160 
   38    50    58    40 
    1     1     1     1 
    1 0     1 0     1 0     1 0 
  152   200   116   160 
  103 80   103 80    31 -24    31 -24 
    0 2     0 2     0 1     0 1 
  300 -20   300 -20  -156 -12  -156 -12 
    7 0     7 0     7 0     7 0 
    3     3     2     4 
    0     0     0     0 
    0     0     0     0 

   -1    -1    -1    -1 
    1    -1     1    -1 
    1     1    -1    -1 
   -1     1    -1    -1 

    0     0     0     0 
    0     0     0     0 
   -1    -1     1     1 
    0     0     0     2 
    0     2     0     0 
    1    -1     1     1 
   -4    -2     0     4 
   -2     6    -2     2 
    4    -8     8    -6 
   -2     0    10     0 
   -6    10     2    -2 
   -4     4    -8    -2 
    2    -8     6    -4 
   -4     4    -4    -8 
   12     0    -8    10 
  -12     2     8     0 
   -4     2   -12     4 
    2     6    -6    -2 
  -10     4    10    -4 
    8    -6     4    16 
   16    14    12     0 
  -12   -12    12   -12 
   14   -10   -10    -6 
   -2    10     6    -6 
   -6    14     2   -18 
  -10   -18    14    -6 
   -6    16    14    -4 
   -8    -4    16    -8 
    6   -18   -10   -18 
   12     4   -12   -12 
   -6    14    10    -2 
   10     2    18    -2 
   22   -10     6   -10 
   -4     4   -20     0 
   16     4     0   -12 
    2   -18   -22     2 
   16    -4   -16    10 
    4    -2   -20    16 
   10    10    10   -14 
   -2   -18    14    18 
   24   -16   -24   -24 
  -22     4    14     8 
  -20   -12    -4     0 
   20    16    20    12 
    2   -10   -22     6 
   -6   -18     2     6 
   16     0     8     8 
   -8   -20     0    -8 
   16   -16   -24    -8 
   14    -6   -10     2 
  -14     4   -10   -16 
   26    22     2    14 
   22    -2     6     6 
   24   -18    -8    12 
  -22    -2     2   -18 
   -6   -12     6    12 
    0     0    -8    12 
  -12   -16     4    -6 
   20   -32   -28   -16 
    0    20    32    -8 
   18   -10    10   -10 
  -18    22     6     2 
  -32   -16   -20    -2 
   28    12   -24     6 
  -18    -6     6   -30 
  -12     0     4   -18 
   20    24    20   -18 
   -2   -16    26   -16 
   18    22    10    14 
   24   -20   -24   -24 
   24   -32     8     0 
    0    12    32    -2 
  -28   -28   -28     8 
   10   -14     2   -14 
   32     6   -24     4 
   28    24     4    34 
   -2    36    18   -16 
   34   -32    -2    20 
   14     0    26     8 
  -28    24   -12    36 
  -16   -12    16    36 
  -32     0    16   -12 
  -24   -24     0   -24 
  -12    24     4   -16 
  -24     2     4    40 
  -12    12   -20    -4 
  -20   -12     4    -8 
    0     8    16   -12 
  -16   -32    24    42 
   -2     2     6    42 
  -30    14    34    30 
  -24    22    -8   -12 
  -18    -4   -14   -12 
  -30    30   -22   -10 
  -32    30   -36    -8 
  -28    -8   -12    -4 
   18    46   -14    30 
   -6    30    18    30 
   30   -18     6   -30 
   24     0   -12   -18 
