7 0
7 0 0 0 
100
   -1    -1    -1    -1     1     1    -1 
 3744   480    96   120   324   792    96 
   48    48    48    60    54    44    48 
    1     1     1     1     1     1     1 
    1 0     1 0     1 0     1 0     1 0     1 0     1 0 
 3744   480    96   120   324   792    96 
    29 18     29 18     29 18     29 18     29 18     29 18     29 18 
    0 1     0 1     0 1     0 1     0 1     0 1     0 1 
    96 -6     96 -6     96 -6     96 -6     96 -6     96 -6     96 -6 
    5 0     5 0     5 0     5 0     5 0     5 0     5 0 
   16     9     2     1     6     8     4 
    0     0     0     0     0     0     0 
    0     0     0     0     0     0     0 
    0     0     0     0     0     0     0 

    1     1     1    -1    -1    -1    -1 
    1     1    -1     1     1    -1    -1 
    1    -1    -1     1    -1    -1    -1 
    1    -1     1    -1    -1     1    -1 
    1     1     1     1     1     1     1 

   -1    -1    -1     1     1     1     1 
   -1    -1     1    -1    -1     1     1 
   -1     1     1    -1     1     1     1 
   -1     1    -1     1     1    -1     1 
    0    -3    -2     1     0     4     0 
   -4     3     0     3     0     4    -4 
   -1    -1    -1    -1    -1    -1    -1 
    6     5     2     1     2     2     4 
    4    -1    -2    -1     2    -4    -4 
    6    -1     4    -5     2     2    -4 
    2    -4    -2     8     2    -2   -12 
  -12     5     6    -3     2    -4    -8 
    2     2     2   -10    -4     6     2 
   -2     3    -2    -1    12     6     2 
    6     3     6    -9    12    -2    14 
    4     8   -10     8   -10     4    -6 
  -14     2    -2    -2     2     2     6 
    2    -4     0    12    14     2     8 
   -4   -16     4     8     2     8   -16 
   18   -10   -18   -18     8     2     2 
   -2    17   -10    13   -16     6     2 
  -18   -15    14    -7    -6   -18    -8 
   -6   -18   -14    -2     6    10     4 
   -6     5    -8   -19    -4     6   -14 
    8   -13    16    -1    -4    -8   -18 
   18    -3     0    -3   -12   -10    12 
   -4   -12     4     8     0    -4     4 
  -18    18     2   -14     6    -6    -2 
   16    -9   -14    -1   -18     0    14 
  -18     8     8    -8    -4   -14    -2 
    8     2    -4    -2    20     0   -18 
   -6     6    12   -18   -12    10   -16 
    0   -21   -20     7   -12    -8     0 
  -12   -22    -8    10    14     8   -12 
    8    14     8   -10    14    12   -12 
   -6    12    -6     0   -18    -6     4 
   -6   -21    22    -5    -6    10   -16 
   18    18    -8     2    -6     2    12 
   -2   -18   -24    18   -18   -18    12 
    6    -6   -18    -6    24     6   -26 
  -12    18    14   -14    12   -24   -18 
  -20   -18     0   -18    24    12    10 
   16   -15    -4    17     0     0    26 
   22     8   -14    -4   -10    26   -22 
  -10   -13     2    19    14   -22    10 
   16    14   -20    10     8    -8   -24 
   26     2     8   -10    -4    18    16 
  -20   -10    20   -14     8     4   -10 
    8   -10   -24    -6    -4   -16     2 
  -10   -21     0     3     0    -6   -20 
    8     0    20    -8    12     8    12 
    0    20   -26   -20   -10   -16    10 
   18     5   -14    25    26     2   -22 
  -30   -12    16   -20    18   -10    30 
  -26   -27     0   -15     6   -30    -6 
  -10    12    20   -28     0    -2     0 
   -4    12    -4   -28    24    12   -24 
   12     3    18    27   -18   -12    18 
   14   -18     2    -2    30    18    26 
  -12    29     0   -27    20    12    28 
   16    20   -12   -12    20    -8   -24 
   -4    11     6    15    20    16   -14 
  -18   -21    -2    11    18    18    -2 
    6   -12    -6    24     6    -6    14 
   10   -28     0   -12    26   -14     0 
   -2    -4    16   -28   -22   -18    32 
  -16     0    -4     8     0    24    -6 
  -32    18     0    18    24     0    18 
   26     0    26    28    18    22    -6 
   18    30    -6   -18    30    -2   -18 
  -22    14   -14   -22   -22   -10   -18 
   18    26    34     2     2   -26    22 
   14   -10    18    30   -34    22    34 
  -14   -37    -2    -5   -10   -30     6 
  -18    15   -32    -5    -6   -30     2 
  -14     0   -24     0     6   -34     6 
  -14   -28   -10     4   -22   -26   -16 
   14   -10     6     6    14    34    16 
   32    24    24    24     0    -8   -12 
  -20   -27    12    21    24    -4     0 
    2    -6    -6    30    -6   -22    -8 
    6   -24   -30     0     6   -10   -24 
   20    -6   -12    30    12    -4    20 
  -10    -6    36   -30    12   -10   -20 
   -2   -22    26   -26    26    18   -38 
  -14   -16   -14    -4     2    30    34 
   32   -33   -10   -13    24     4    12 
  -10    12    14   -28   -12   -30    40 
    0   -21   -20    -5     0    -8   -30 
   40   -24    36     0     0    32    30 
  -16    26    12   -18   -16    -8   -34 
   28   -40     0   -12    20    28     2 
   20   -12   -12    12     0   -28     0 
   16    27     0    27    36     0    16 
  -30   -13    20   -25    14     6   -20 
   16    -4     0     0   -22   -20    -4 
  -16   -25   -20    11   -34   -20   -24 
   16    -7   -28   -11   -34    -4    24 
   -6    38     2   -10     2    -6   -26 
   38     8    14     8   -22    -2    -2 
