1 0
1 0 0 0 
100
   -1 
  972 
   54 
    1 
    1 0 
  972 
    29 -30 
    0 1 
    -144 -6 
    5 0 
   31 
    0 
    0 
    0 

   -1 
    1 
   -1 
   -1 
   -1 

    1 
   -1 
    1 
    1 
    0 
    0 
    0 
    2 
    1 
    2 
  -10 
  -10 
   -4 
    0 
  -12 
    2 
  -10 
    2 
    2 
   -4 
    8 
   -6 
    6 
    8 
   -4 
    0 
  -12 
   -6 
   -6 
  -16 
    8 
    0 
    0 
    2 
  -10 
    6 
   -6 
    6 
  -18 
    0 
  -12 
  -24 
    0 
   14 
   14 
  -16 
    8 
    8 
   -4 
   12 
  -24 
  -22 
   14 
    6 
    6 
   12 
    0 
   -6 
  -18 
   20 
    8 
   20 
   -6 
   30 
    2 
  -22 
   24 
    0 
  -30 
    6 
  -22 
    2 
   26 
   14 
   -6 
   -6 
  -10 
   14 
   24 
    0 
   18 
    6 
   12 
   24 
    2 
    2 
   36 
   12 
  -24 
   24 
  -28 
   20 
  -36 
  -36 
  -34 
  -34 
    2 
  -34 
    2 
  -10 
