2 2
2 0 2 0 
100
   -1     1 
  116    88 
   58    44 
    1     1 
    1 0     1 0 
  116    88 
    -19 -4     71 -14 
    3 0     5 0 
    -45 5     -39 -17 
    2 -1     2 -1 
    1     1 
    0     0 
    0     0 
    0     0 

   -1     1 
    1     1 
   -1    -1 

    1     1 
    0     0 
   -1    -1 
   -2     0 
    1     1 
   -2     4 
    0     4 
   -6    -6 
   -4     2 
   -6     4 
   -2    10 
    2    -2 
   -8     6 
   -8     2 
   -6    -2 
  -14     6 
    0    10 
    4    -4 
    8     4 
    2   -18 
   -2    -2 
    0    10 
  -12     2 
    4     8 
    4     8 
   12     4 
    2     0 
   18     2 
  -10    14 
   20    16 
  -12     0 
   12     0 
  -20   -12 
   -8   -16 
   -8     0 
    2   -10 
   -6     6 
  -12     0 
    2    12 
    0   -14 
   22   -18 
    0    12 
   24    12 
   18   -14 
   -8     6 
    2    16 
   12    16 
   24   -16 
    2   -28 
    8     4 
  -20    28 
   -6   -10 
   22   -26 
   -8    24 
  -24    16 
   -8    24 
   -4    12 
  -14   -10 
    8    14 
    8    -8 
  -14   -16 
   28   -10 
    6    -6 
  -26    26 
   16   -20 
   12   -28 
   18     0 
  -14     0 
   10    34 
   26    -6 
   24    30 
   22     2 
  -16    10 
  -10    30 
   24     0 
  -24   -16 
   -6    10 
  -14    -2 
  -16     0 
   24    24 
   16    10 
  -24   -22 
   -4   -12 
   18    28 
    4    30 
  -26   -38 
   18    14 
   18   -18 
  -24     4 
    4    20 
  -32   -16 
    2   -20 
  -36    12 
   28   -16 
   32    16 
  -40   -40 
   28    -4 
   16    -4 
   22    10 
   24   -14 
