1 0
1 0 0 0 
100
   -1 
  220 
   55 
    1 
    1 0 
  220 
    -19 32 
    0 1 
    156 4 
    5 0 
    1 
    0 
    0 
    0 

    1 
   -1 
   -1 

   -1 
    0 
    0 
    1 
   -2 
   -2 
   -6 
   -7 
    1 
   -4 
   10 
   -6 
   -5 
   -1 
    9 
  -12 
   -4 
   -5 
    3 
    0 
    4 
   14 
   10 
   10 
  -18 
    7 
   -7 
   -4 
  -16 
    4 
  -20 
   18 
   -6 
   10 
   10 
    4 
   16 
  -20 
    8 
  -14 
  -18 
   27 
    5 
   10 
   10 
  -15 
   -7 
    2 
   -2 
    9 
  -17 
   -8 
   -8 
  -15 
   -9 
   -8 
  -12 
    6 
   14 
  -27 
   29 
   -7 
   29 
   11 
    4 
    4 
   27 
   -3 
   -3 
    3 
    2 
   22 
   20 
  -16 
   11 
   21 
  -33 
   -1 
    2 
   -6 
   18 
    6 
   26 
  -14 
   -2 
   18 
   -4 
   12 
   32 
  -32 
  -18 
   34 
    4 
  -12 
  -10 
   34 
   11 
   27 
   13 
  -38 
