4 6
4 0 6 0 
100
    1     1    -1     1 
  240   384   176   306 
   60    48    44    51 
    1     1     1     1 
    1 0     1 0     1 0     1 0 
  240   384   176   306 
    -115 0     -115 0     -115 0     -115 0 
    0 1     0 1     0 1     0 1 
    -24 24     -24 24     -24 24     -24 24 
    5 0     5 0     5 0     5 0 
    4     8     4     2 
    0     0     0     0 
    0     0     0     0 
    0     0     0     0 

    1     1    -1     1 
    1     1    -1     1 
   -1    -1     1    -1 

    1     1     1     2 
    0     0     0     0 
   -1    -1     1    -1 
    1     1    -1     1 
   -2    -2    -2    -3 
   -4     2     0     3 
    0     6     4     3 
   -6     0    -2     4 
    2    -4     6     6 
    4    -8     4    -4 
    2    -4    -2     2 
   10    -8   -10     2 
  -10     2     6    -1 
    6    -6     6    -4 
   -2    -2   -10    12 
   -2   -14    -2    -1 
    2   -10   -14    13 
    8    -4    16     4 
    8    -4     0    -2 
  -10   -16     2    12 
  -10     8    18    10 
   -2    -2    -2   -14 
   -2    -2    -2   -10 
    0    12     0    18 
   12     0     4    14 
   20    -4    -4    10 
  -12    12    12    18 
    2    14    18   -18 
  -18     6   -18     4 
   16    -8    -8    -6 
   12   -12   -20   -20 
   -4   -10    -8    -5 
    0    -6    12   -17 
   12     0   -20    -1 
   20   -16    20    13 
  -10     2   -18   -19 
   -2    10     6   -11 
    8     8   -24     4 
  -16   -16   -16    18 
    6     6    14    20 
   14     2   -18   -20 
  -16     2    -4   -15 
   -8    22    12    11 
   14   -16   -14   -16 
  -26    -8    -6   -10 
   -8    16   -16   -25 
    0     0     0    -5 
    4    16   -20     6 
    0   -12    16    26 
   20    -4     4     8 
   20    20   -12    10 
  -26   -14     6   -27 
   -6     6    26    -5 
   12    18   -16    15 
   -4   -10    -8   -11 
  -12    30     0     9 
  -24   -30   -12    21 
   -2   -14   -26    28 
  -22     2    18     0 
    0     0   -16   -24 
  -24     0    16    12 
  -26    22   -10    13 
   -6   -18    18     2 
  -22   -22    -6    30 
  -16     8   -16     8 
   -8   -32    24    -2 
    0   -18    20    23 
  -24    -6    20   -23 
    2   -10   -22    18 
   18   -30    18    28 
    6    36   -14    10 
  -34    20    10   -24 
  -30   -30     2    25 
   -2    -2    -2    15 
   36    -6   -24    15 
   28   -26   -24    21 
  -22    -4     6    -2 
  -22    32   -26   -14 
    0    24     8   -14 
   24     0   -16   -26 
  -10   -10     6    15 
   30    30    14   -21 
   24   -30    20    -4 
   12     6   -24    -4 
  -10   -16    26    30 
   30    24    18    16 
   14   -22   -26    19 
  -18    -6   -10   -21 
    8    14    -4    16 
    0    -6    -4    16 
    4   -20   -12   -22 
   -8    16    32   -28 
    0    18   -20    20 
   12    30   -24     8 
  -36     0   -20     3 
   -4    32    -4     9 
  -16    20    24   -20 
    0   -12     8   -20 
  -14    10   -30     2 
  -14    34     2   -33 
