2 0
2 0 0 0 
100
   -1    -1 
 3264   160 
   51    40 
    1     1 
    1 0     1 0 
 3264   160 
    101 12     101 12 
    0 1     0 1 
    81 -21     81 -21 
    5 0     5 0 
   57     4 
    0     0 
    0     0 
    0     0 

    1     1 
    1    -1 
   -1    -1 
   -1     1 

    0     1 
   -1    -1 
    0     0 
    1     1 
    3    -2 
    1    -1 
   -3     0 
    2    -6 
    2    -2 
    5    -4 
   -7     2 
   -1    -2 
   -1    10 
    3    -6 
   -3     2 
    2    -2 
  -10     6 
    5     0 
  -10    -8 
  -16     6 
  -10     6 
  -15    -6 
  -12   -14 
    5    -8 
  -10    -4 
   -9    12 
   12   -12 
    6     6 
   12    14 
    8    -8 
    8    12 
   -6   -12 
  -12     8 
    2     4 
  -10    12 
   18    -6 
  -15    -6 
    3     0 
    9   -24 
    6    18 
  -18    18 
   -9     0 
  -18    -8 
    5    10 
   14    -6 
    5   -24 
   20     8 
   11    12 
  -16    -8 
    3    12 
   -9   -12 
  -10     6 
   20    -2 
    6    20 
  -18     4 
   21    12 
  -18     0 
  -12    14 
    0    -2 
    8     8 
    2     8 
  -22   -14 
   21    26 
   18    26 
  -22    16 
   26    -8 
    0    32 
  -33     8 
   15     2 
   27   -14 
  -13    18 
  -28    18 
   23    14 
   -4    14 
  -18    12 
   -6   -12 
  -10    26 
  -22    14 
    3    24 
   18   -24 
   -6   -14 
   -3    -6 
   12    32 
    3   -12 
  -16    -6 
  -16   -30 
   12    -2 
  -18    -2 
   33   -40 
  -24   -32 
  -40    28 
    2   -16 
    0     0 
   -3   -12 
  -22    20 
   20   -44 
   20     8 
   44    40 
   20     2 
   26    22 
