1 0
1 0 0 0 
100
   -1 
    0 
   39 
    1 
    0 0 
    0 
    29 48 
    0 1 
    246 -6 
    5 0 
    1 
    0 
    0 
    0 

    1 
   -1 
   -1 

    2 
    0 
    1 
   -3 
    0 
   -4 
   -3 
   -4 
    1 
    5 
  -11 
    4 
   11 
   -6 
    6 
   -8 
    6 
  -12 
    7 
   17 
   12 
   -2 
   10 
   12 
    7 
  -12 
  -10 
  -19 
   12 
   17 
   10 
    1 
  -20 
    7 
    2 
   -3 
   -3 
   15 
   14 
   10 
   15 
    3 
   16 
  -14 
   26 
   22 
   24 
   17 
   -1 
  -11 
    6 
   13 
  -20 
  -20 
    0 
  -22 
   18 
   13 
  -28 
  -19 
  -11 
  -16 
  -22 
  -11 
    2 
   26 
  -27 
   15 
  -33 
   -7 
  -20 
    2 
  -10 
    7 
   15 
   -8 
   26 
   21 
   -5 
   16 
    4 
  -39 
    0 
   28 
    6 
    9 
  -19 
   30 
   -6 
  -31 
   22 
  -42 
   15 
    4 
  -20 
   -4 
   -6 
    8 
   26 
  -38 
