1 0
1 0 0 0 
100
   -1 
   88 
   44 
    1 
    1 0 
   88 
    -20 -3 
    1 0 
    71 -23 
    0 1 
    1 
    0 
    0 
    0 

   -1 
    1 
   -1 

    2 
    0 
   -2 
   -1 
    0 
    0 
    1 
   -3 
   -2 
    5 
   -1 
    2 
    6 
    1 
    0 
    2 
    1 
    1 
    4 
   10 
   -3 
   12 
  -11 
    4 
   -8 
  -12 
   11 
  -13 
    3 
  -18 
    8 
  -10 
    8 
    4 
    6 
    4 
   10 
    0 
  -17 
   18 
   12 
   10 
  -11 
    8 
  -23 
    9 
    0 
   -4 
   19 
  -12 
  -21 
   -4 
  -16 
    9 
    8 
   12 
   -2 
  -14 
  -22 
   22 
   20 
   22 
  -22 
  -14 
   28 
  -34 
   11 
  -12 
   21 
   30 
   -8 
    3 
  -14 
   30 
  -33 
   -8 
   28 
   11 
   -9 
   36 
  -12 
    5 
   20 
    8 
  -20 
   14 
   33 
   -3 
  -17 
   27 
  -18 
  -38 
   39 
  -15 
   25 
  -12 
  -26 
    7 
   32 
   34 
