2 0
2 0 0 0 
100
    1    -1 
  120    90 
   60    45 
    1     1 
    1 0     1 0 
  120    90 
    -1 2     -66 -29 
    1 0     5 0 
    -49 1     139 -19 
    0 1     0 1 
    1     3 
    0     0 
    0     0 
    0     0 

    1     1 
    1    -1 
   -1    -1 

    1     1 
    0     0 
    0     0 
    0     0 
   -3     0 
    5     2 
    1     1 
    1    -5 
   -1     2 
   -1     5 
    4    -8 
   -7   -10 
  -10     5 
    1     1 
    9     6 
   10    10 
    8    -1 
   14   -13 
   16    -8 
   18    -9 
   -5   -14 
  -15    15 
   12     6 
    1    19 
   15    18 
    9    -3 
   -6    12 
  -20     4 
   -1     2 
   -8    16 
    6   -15 
    0     3 
   21   -12 
    0    12 
    0    -6 
   -6     0 
   -9    15 
   -2    19 
  -18   -15 
   14     5 
    6   -18 
   10    -5 
  -15     6 
  -10    -7 
   -3     0 
    8     2 
    4   -11 
  -24   -24 
  -14    22 
  -21   -24 
    4   -20 
  -16   -16 
   19    28 
    8    29 
   25   -11 
   22     7 
   30    -6 
   -1     2 
   -6    12 
   11    20 
  -16    14 
   15    12 
   17     8 
   30   -21 
   14    17 
    4     7 
  -16   -22 
   30     0 
  -18     3 
   26    -7 
   14   -13 
    2     2 
   10    -2 
    1    19 
   15    -9 
   -4    29 
   26    14 
  -26     7 
  -30    -6 
    3     0 
   -8    16 
   -2    10 
  -20   -20 
    6   -12 
   -8     1 
   18   -30 
   -5   -20 
    0   -33 
   11     2 
    8    14 
   -2    -8 
  -22    38 
   20   -40 
  -15    36 
   15    27 
  -34   -10 
   13    40 
    3    -6 
   -8    -8 
  -28    14 
