1 0
1 0 0 0 
100
    1 
  102 
   51 
    1 
    1 0 
  102 
    17 8 
    1 0 
    -193 25 
    0 1 
    2 
    0 
    0 
    0 

    1 
    1 
   -1 

    2 
    0 
    2 
   -1 
   -1 
   -5 
    3 
   -4 
    0 
    1 
   -8 
   -6 
   -1 
   12 
  -12 
    7 
    7 
    4 
   -4 
  -14 
   -2 
  -10 
  -10 
   -4 
    6 
  -14 
    8 
   -6 
    4 
   14 
   12 
  -15 
   -7 
    3 
   19 
    1 
  -11 
    2 
   12 
   -8 
   18 
    3 
  -13 
    4 
  -12 
    7 
   15 
  -12 
    2 
   16 
  -12 
    9 
  -27 
   -5 
   23 
  -15 
  -15 
    6 
  -14 
    4 
   16 
    3 
  -24 
   -4 
   -4 
    4 
   17 
  -19 
    6 
  -28 
    0 
    8 
    1 
   33 
  -29 
   -5 
   22 
  -34 
   -6 
    6 
  -13 
   -1 
    0 
   20 
   -2 
   36 
   -7 
   -3 
   16 
   32 
  -20 
  -14 
   40 
  -28 
    1 
   33 
   28 
  -26 
   14 
   11 
