1 0
1 0 0 0 
100
   -1 
  378 
   63 
    1 
    1 0 
  378 
    -19 12 
    0 1 
    56 4 
    5 0 
    6 
    0 
    0 
    0 

    1 
   -1 
   -1 
    1 

   -1 
    0 
    2 
    0 
    0 
    3 
    0 
   -1 
   -5 
    5 
   -5 
   -8 
  -13 
    9 
   12 
    8 
   -4 
   10 
   -2 
   13 
   -2 
    0 
   -3 
    4 
    1 
   15 
    3 
   -6 
   18 
    7 
   -2 
    9 
    3 
   -4 
   -4 
   15 
   15 
  -21 
   12 
  -24 
    9 
    9 
    0 
  -23 
   10 
  -25 
  -16 
   10 
   -8 
  -27 
   12 
  -16 
   -1 
    0 
   30 
   12 
  -30 
   -9 
    6 
  -16 
  -16 
   20 
   18 
   30 
  -20 
    4 
  -21 
    0 
  -18 
   12 
   25 
   -2 
  -13 
   -4 
   -6 
  -21 
    4 
   16 
  -21 
    6 
   30 
  -30 
   18 
   12 
  -20 
   16 
  -33 
  -18 
  -33 
    0 
   25 
  -23 
  -27 
   12 
  -31 
   -4 
   34 
   28 
  -37 
    5 
