1 4
1 0 4 0 
100
    1 
  432 
   54 
    3 
    1 0 
  432 
    125 12 
    0 1 
    86 -26 
    5 0 
    9 
    0 
    0 
    0 

    1 
    1 
   -1 

   -1 
   -1 
    1 
    0 
   -3 
    0 
    3 
   -4 
    5 
    5 
    8 
    5 
   -4 
  -12 
   -6 
  -10 
  -13 
  -16 
  -10 
   17 
    5 
   18 
  -18 
   -4 
   -4 
   12 
   12 
   -6 
    0 
    2 
  -16 
    6 
  -15 
   -1 
  -13 
   12 
    6 
    3 
   -3 
   -6 
   -6 
  -15 
   24 
   -4 
  -10 
  -16 
  -19 
  -19 
  -28 
   -3 
   18 
   -4 
  -10 
   -6 
    0 
  -12 
   15 
    6 
    6 
  -25 
  -16 
   20 
  -18 
    3 
  -22 
   32 
   -9 
  -15 
    9 
    3 
  -28 
   14 
   29 
  -28 
   18 
   24 
   -4 
    2 
  -24 
  -18 
    6 
  -30 
   12 
    6 
   38 
   26 
   -6 
  -33 
   24 
  -21 
   11 
   26 
  -12 
   30 
    5 
    5 
   38 
  -16 
    2 
  -25 
