2 3
25
   -1     1 
    0  -608 
    4     4 
    1     1 
   -3 4     1 0 
 1216  -608 
   13 34   -45 53 
    1 0    -1 0 
 -150 60   -60 -45 
   -1 2     1 -1 
   76  -608 

   -1    -1 
    1    -1 
   -1     1 
    1    -1 

    1     1 
   -1    -1 
   -4     4 
   -1     1 
    4     0 
    2     0 
    1    -1 
    0     0 
   -1     1 
    0    -2 
  -10     6 
    0     6 
    8   -10 
   -8     8 
   -6     0 
   10   -10 
   -6     6 
   -2    -8 
  -12     0 
    2    12 
    4    12 
   -8    -8 
   -4     8 
   -8   -12 
   12    12 
