5 0
25
   -1     1     1    -1    -1 
    0   -32   -32     0     0 
    8     8     8     8     4 
    1     1     1     1     1 
    5 0     1 0     1 0    -1 4     5 0 
   32   -32   -32     8    16 
  103 -62   -41 10   -41 10   103 -62   103 -62 
   -1 -1     1 0     1 0    -1 -1    -1 -1 
 -144 0     0 -72     0 -72  -144 0  -144 0 
   -1 2    -1 2    -1 2    -1 2    -1 2 
   -3    -6    -6    -1     7 

    1     1     1     1    -1 
    1    -1    -1     1    -1 
    1     1     1     1     1 

    0     0     0     0     0 
    0     0     0     0     0 
    0     0     0     0     4 
    0     0     0     0     0 
   -4    -2     0     2    -4 
    4     2     0    -2    -4 
    0     6    -4    -6     4 
    0    -6     4     6    -4 
    2     2    10     2    -2 
    2     4     2    -4    -2 
    2     4     2    -4     6 
  -10     2     6     2    -2 
  -10     2     6     2    -2 
   -4    -4     4    -4     4 
    4     4    -4     4   -12 
   -6    12    -6   -12     6 
   -6    12    -6   -12    -2 
  -12    12     4    12   -12 
   12   -12    -4   -12     4 
    0    -6    12     6     0 
    0     6   -12    -6     0 
   -8    -8    16    -8   -12 
    8     8   -16     8     4 
   12    18    -8   -18   -12 
  -12   -18     8    18   -12 
