7 2
25
    1     1    -1     1     1    -1    -1 
   60    20     0    12  -108     0     0 
   15    10     8     6     6    14    11 
    1     1     1     1     1     1     1 
    1 0     1 0     3 0     1 0     1 0     3 0     3 0 
   60    20    40    12  -108    16     4 
  -37 -14   -37 -14   -37 -14   -37 -14   -37 -14   -37 -14   -37 -14 
    0 1     0 1     0 1     0 1     0 1     0 1     0 1 
  -98 56   -98 56   -98 56   -98 56   -98 56   -98 56   -98 56 
    3 0     3 0     3 0     3 0     3 0     3 0     3 0 
   -3     1     6     1   -11    10     1 

    1     1     1     1    -1    -1    -1 
    1     1     1    -1     1    -1    -1 
    1     1    -1     1     1    -1    -1 
   -1    -1    -1     1     1    -1    -1 

   -1    -1    -1    -1     1     1     1 
   -1    -1    -1     1    -1     1     1 
    0     0     0     0     0     0     0 
   -5     0     2     4     4    -4    -1 
    0    -5     0    -3    -3    -6     0 
    0     0     0     0     0     2    -4 
    6     1    -8    -3     9    -8    -2 
   -9     6    -2     6     6     6    -9 
   -1     4     6    -4     8     2     5 
   -3     2   -10    -6    -6    -2    -5 
    6     6     6     6    -6     2   -10 
   -1   -11     6    -1     5     2     5 
   -4     1    -4    11    -1    -8    -8 
  -10     5     4    11     5    -6    -6 
   -1     9    -8    -1    -1   -10    -1 
    0     0   -14     0    12     2    -4 
    1     1     1    -1    -1     1     1 
   11   -14     4    14     2   -12    -9 
  -13    -3     8   -13   -13    -4     5 
   -6     4    -6   -12     0     6    -6 
   -3    -3     4     9     3     0     9 
   14    14     0    14     2     8     2 
    5   -15    12     5    -1    -8     7 
  -12    -7   -12    -9    15   -12    12 
   12     7   -16   -15    -9     4     4 
