1 0
200
   -1 
    0 
    3 
    1 
    5 0 
   16 
 -113 50 
   -1 -1 
  132 22 
   -1 2 
    3 

    1 
   -1 
   -1 

    0 
    0 
    0 
    1 
    1 
    0 
   -3 
   -1 
   -1 
   -6 
    2 
   -3 
    1 
    8 
   -4 
   -2 
    6 
   -3 
    3 
   11 
   -7 
   10 
  -14 
    2 
  -18 
    4 
    0 
  -15 
    9 
   18 
    2 
   -9 
   -9 
  -14 
   18 
   -6 
    2 
  -20 
   -4 
   10 
   -9 
    9 
  -13 
   -7 
  -22 
   -6 
   18 
  -10 
  -10 
   10 
   22 
    6 
  -12 
  -16 
  -14 
  -18 
   12 
   -8 
   32 
  -20 
  -10 
  -23 
   -3 
   29 
  -13 
  -22 
  -14 
   30 
   30 
   12 
   16 
   14 
   16 
   -8 
  -31 
   -9 
   25 
   21 
   26 
  -14 
  -38 
   10 
    0 
   -8 
   -9 
  -23 
   33 
  -31 
   36 
  -12 
  -19 
   -9 
    5 
  -17 
   34 
  -26 
  -36 
   -4 
   44 
  -24 
   20 
  -28 
  -26 
  -42 
   10 
   10 
   44 
   28 
   -8 
   24 
  -36 
   12 
  -18 
   -2 
   45 
   -1 
  -23 
   -7 
  -21 
  -41 
   26 
   18 
  -12 
  -24 
  -28 
  -12 
  -12 
   36 
   35 
   -1 
  -26 
  -10 
  -24 
   16 
  -33 
   21 
   38 
   -2 
   22 
   -6 
   22 
  -30 
   41 
  -45 
  -52 
   -8 
   -4 
  -20 
  -46 
  -18 
   52 
   44 
    8 
  -24 
  -48 
    0 
  -56 
    4 
  -55 
  -41 
   28 
  -36 
   13 
   14 
   10 
  -19 
   37 
  -40 
   24 
  -20 
   -8 
   -8 
    4 
   -6 
    2 
   12 
    8 
   10 
   14 
  -63 
   61 
  -28 
  -44 
  -39 
  -59 
  -37 
    9 
  -16 
  -20 
   -4 
    4 
  -10 
   -6 
   21 
  -29 
   42 
   42 
   40 
  -56 
   -7 
