1 0
200
   -1 
    0 
   11 
    1 
   -1 4 
    4 
   67 -40 
    0 1 
  -20 -100 
    3 0 
   -1 
    0 
    0 

   -1 
   -1 
   -1 
   -1 

    0 
    0 
    1 
   -1 
   -1 
   -1 
    6 
   -2 
    1 
   -1 
   -5 
    2 
   -6 
    2 
    2 
   -4 
   -4 
  -12 
    4 
   -8 
    0 
    1 
   -3 
   -6 
   -6 
    5 
  -15 
  -18 
   14 
  -16 
    0 
  -12 
    4 
  -22 
   -6 
    5 
   17 
   22 
    6 
   15 
    4 
   20 
   -1 
   27 
  -20 
   12 
   16 
   16 
   13 
  -11 
    8 
  -24 
    1 
    5 
   18 
  -22 
  -26 
  -18 
   15 
   15 
  -13 
   -2 
    6 
  -28 
    4 
   -2 
  -18 
   10 
  -22 
   24 
   32 
   -2 
  -20 
   12 
   20 
  -28 
   -3 
  -15 
   -7 
  -31 
  -15 
  -19 
    3 
  -17 
  -30 
   18 
   -9 
  -25 
    8 
    8 
  -16 
  -16 
  -22 
  -14 
  -15 
  -15 
   -9 
   31 
  -41 
   27 
    8 
  -40 
   24 
    8 
   18 
   18 
  -20 
  -36 
  -17 
  -29 
   10 
  -14 
   26 
  -22 
   27 
    7 
  -30 
   34 
  -30 
   42 
  -45 
  -21 
   36 
  -28 
  -24 
  -40 
   19 
   15 
  -41 
   43 
  -41 
   31 
   44 
   12 
   33 
  -27 
  -32 
   16 
   45 
   29 
   17 
   29 
  -12 
  -44 
   26 
   -6 
  -56 
   24 
  -46 
   26 
  -36 
   -4 
    6 
   22 
    0 
  -56 
   49 
  -43 
  -16 
    0 
   32 
    0 
   18 
   46 
   38 
  -18 
  -50 
    0 
   -8 
   -7 
    9 
   40 
   24 
    3 
   39 
   -6 
  -38 
   39 
  -17 
  -51 
    9 
  -52 
   60 
   54 
   30 
  -12 
  -44 
  -32 
   32 
  -19 
   29 
   50 
  -30 
  -47 
   65 
  -20 
   28 
   -9 
  -33 
   12 
