10 0
200
   -1    -1     1    -1    -1     1    -1    -1     1     1 
    0     0    20     0     0    16     0     0    16    16 
   12    12    10    10     8     8     6     6     4     4 
    1     1     1     1     1     1     1     1     1     1 
   -1 4     3 0     1 0     3 0     3 0     1 0     3 0     3 0     1 0     1 0 
    8    16    20     4    16    16     8    16    16    16 
   39 66    39 66     7 -30    39 66    39 66     7 -30    39 66    39 66     7 -30     7 -30 
   -1 -1    -1 -1     1 0    -1 -1    -1 -1     1 0    -1 -1    -1 -1     1 0     1 0 
   80 -112    80 -112   112 -16    80 -112    80 -112   112 -16    80 -112    80 -112   112 -16   112 -16 
   -1 2    -1 2    -1 2    -1 2    -1 2    -1 2    -1 2    -1 2    -1 2    -1 2 
   -1     5     2     1    -3     2    -1    -1     2     2 

    1    -1     1    -1    -1     1    -1     1    -1     1 
    1    -1    -1    -1    -1     1    -1     1     1    -1 
    1     1     1     1     1    -1     1     1     1     1 

    0     0     0     0     0     0     0     0     0     0 
    0     0     0     0     0     0     0     0     0     0 
   -4    -4    -2    -2     0     0     2     2     4     4 
   -2     2     4     4    -2     2    -4     4     2     2 
   -1    -1    -1    -1    -1     1    -1    -1    -1    -1 
    4     0    -2    -2    -4     0     6    -2     0     0 
    0     0     0     8    -8     8     0    -8     0     8 
   -4     0    -4    -4     0     4     0    -8     8     0 
  -10    -2    -2     6     6    -2    -2     6    -2     6 
    6    -6     6    -2    10     6    -6    -6     2     2 
    6     6    10    -6    -2    -2    -6    -6   -10     6 
    2     2     0    -8     6    -2    -4     4    -6     2 
    6    10     2    -6     2    -2    -2    -2     2     2 
    4     4    -4     4     4     4     4    -4   -12    -4 
   -4    -4     4     4     4    -4    -4    -4    12    -4 
   -6    -6    -4   -12   -10    -2     0     8     2    -6 
   14    -6     2    -6     2   -10     6   -10     2     2 
    4    -8    -2    -2     4    16    -2     6     8    -8 
  -12    -4     4   -12    -4    -4    -4    -4    12    12 
    8     0   -12    12     0     0   -12    12     0     8 
  -12    12    14    -2     0     8    -6    -6     4     4 
   -8     8    12   -12     8     0    -4     4    -8     0 
    8   -16    16     8     8     8     8     0     0     8 
   12   -12     4   -12   -12     4    12    12     4   -12 
    4     0   -10     6    12     0   -18   -10     0   -16 
   18   -14   -14    18     2     2   -14     2     2    18 
  -14     2    -4     4    14     6   -16     8    10     2 
  -18   -18    -6     2    -2    14    -6   -14    14   -10 
   14     6   -18     6   -18     6     6    14     6    -2 
   -4    -8    -4   -20     8     4    -8   -16    16    -8 
  -20    16    16   -16    -8    12   -20     4     8   -16 
  -14    -6    -6    -6    -6    18    18     2   -22    10 
    2    18     6     6   -22    10   -18   -18     2   -14 
    2    -6    20   -20     6    22     0    -8    18    -6 
   10    -6    22     6    -6    -6   -18    -2    10    10 
    8    16   -16    -8    -8     0    -8     0     0    -8 
    8    -8     0     8    -8    -8    16    -8     8   -16 
  -12    20   -16    16    -4   -12     8     8     4   -12 
   -4     4     8   -16   -20    20    16    24   -12    -4 
    6    10     8    -8    -2   -14    -8    16    -6    -6 
  -12   -12    24     0    12    -4     0   -24   -12    12 
   -4   -12    16    16    -4   -20     0   -16    20   -12 
  -24   -24    12   -12     8     0    12   -12    -8     0 
  -12    12    18    18   -24    16     6   -10    20   -12 
   -2    10     4     4   -10   -14     4    -4    -6    10 
   -2    22   -18   -10    -2    22    22   -18   -10    -2 
    6     6     6    22     6   -10   -18   -18     6   -10 
    6    -6     2    -6     2   -18   -18   -18   -14    18 
  -12    -4    20   -12   -20   -20    -4   -20    12    12 
  -20    16   -14     2   -12     0    10     2    16   -16 
  -22    -6     6     6   -22    -6     6   -26    -6    26 
   10   -30   -10   -26    -6   -14     6     6     2    18 
  -20     0     0   -16    -8    12    12    20    -8     0 
   12     0   -24     8    -8    12   -12   -20    24    16 
   12    12    22   -10     0     0    -6    -6    20   -28 
  -12    12   -26     6    16   -24    18     2     4   -12 
    2    10   -10   -10   -22    18   -26    22   -22   -22 
   -6     2    32    24     6    22    20    12    10   -30 
   10    -6   -10   -10    -6    10     6     6    -6    -6 
  -22    18    14   -18    10   -14    30   -18    18     2 
    2    26   -26   -10   -14    10   -10    22    -6    10 
   18   -30     2    34   -14   -30    18     2    18     2 
   14   -18   -18    30    -2   -18     6   -26    14    -2 
  -12    -4    20   -12     4    20   -28    20    -4   -36 
   -4    -8    26   -22    -4   -16    10    18     8     8 
   30    -2    10    18    -2   -34   -14    26    -2     6 
  -26   -14     0   -16     6   -14    -8    32   -14    34 
   12   -12    28   -20    36   -12   -12   -12   -28     4 
  -20   -12   -12    12   -28   -36   -36     4   -12    28 
    8   -24    16    24    24    24     0     8    -8   -32 
    8   -24   -24    16   -24    24    24    32    24     0 
  -10    22    10   -14   -26   -10    10   -30   -10    -2 
  -34   -14    30   -10   -14    14   -14   -14    26    26 
  -18   -34    34   -14   -10    22   -22    26    14    30 
  -36   -20     0    24     4    36    -8   -16   -20   -12 
   20   -28    20    36   -28   -20    20     4   -28   -12 
   14    30   -30   -30   -26     6    -6    26    14    14 
   18    -6     6   -10    26     2     6     6    -6    10 
  -18     6    22    -2   -18    38   -18     6   -26    14 
   14   -18     2    -6    30   -34    -6    18   -18   -26 
  -10   -14    22    14    18     6    34   -14    10    10 
   10     2    -8   -16    22    22    -4   -12    10     2 
   -8     0   -16   -24    32     8    24     0   -32     8 
    0    24     8   -32     0    24     0    -8     8    16 
    4   -36    40   -16   -12   -20     0   -24    12   -12 
   36   -12    -4   -20     4    12   -36    12    20     4 
  -22   -30   -22    10    18   -38   -30   -14    18    18 
  -22    -6    30    14   -30   -30     6   -10    10    -6 
  -10    10   -24    40    -2     2    -8   -32    26    26 
  -10   -26    18   -22   -26    22    10    34    38   -34 
    4    -4    -6   -22     8    32    14   -18     4    20 
  -40    32    -8   -16    24     8    32    -8   -16    -8 
   16    -8    32   -40   -24   -16    40   -16    -8   -32 
  -28   -32    44    -4   -16    -4    -8   -16    -8   -32 
  -28    12   -32   -40    20    12    24    16   -36   -12 
   36   -12   -20   -20     4   -36   -36   -36   -12    20 
  -20    20    20   -28    -4    -4    20    20   -12     4 
   20   -32    34     2    20    24   -14   -22   -16    16 
  -18   -34    -2    30    -2    30   -10   -26   -34    -2 
  -42    10   -10    -2   -22   -26   -38    10   -14    18 
    4    -8   -26    22    20   -16   -26    30    40    -8 
  -20   -28    -8    40    12    28     8     8   -28   -44 
  -10    18     2    -6    42   -18     6    22    26   -38 
  -42     6    18    18   -18   -18    -6    -6   -10   -42 
  -10   -30     4    36   -34    -6   -12   -20   -14     2 
  -42   -42    26    18   -10     6    42    18   -10   -18 
    4    -4     0     0   -28   -12   -16    32    -4    12 
  -28    -8    10    10   -20   -24   -14    -6   -40    40 
   24     0   -12   -36   -16    32    36    12   -32    24 
  -12    12    14   -34   -16   -40    42    42     4    20 
  -10   -14    46   -26   -46   -26    10    -6    10    10 
   30   -34    34    18   -26   -26     2     2   -18    30 
   30   -30   -12   -28    30    34    12    36   -30     2 
   14    42    16    32   -18   -22    24    32   -22    -6 
    0     8     8   -16    32   -16   -16    -8    -8    48 
   12    20     2    18    32    24   -10   -10    -4   -20 
  -34    18     0    32    38    42    48    24   -30   -30 
  -34    -6    44    12   -42     2   -36    20    42   -38 
   18   -30   -14   -30   -30    18    18    18    18    18 
    6   -42   -30   -14   -18    46    -6    10     6    22 
  -44    12   -36    28   -20    -4   -12     4   -36    12 
   20   -12   -40     0   -36    -4     0     8   -44    44 
   34     2   -14   -14     2    34    50   -46    34    34 
   -6    26    -2   -18    34   -14   -10   -26    10    -6 
   -4   -36   -48    16    36    -4   -24     8    44    12 
   -4    36     4    12   -12    12   -36    20     4    -4 
    2    18   -50    -2    18    18   -42     6   -30   -30 
  -30    -6    16   -24   -18   -18   -12    44     2    -6 
    2   -38    38   -10    26    18   -26     6    -6    10 
  -10   -10     6    22   -26    22   -34   -34   -42    38 
   -4    16    42    10    52   -32    34   -22   -16    16 
   20   -52    12    -4    44    44    20    20    28    28 
  -36     0   -36    28   -16   -44     0   -40   -24    32 
   28    24    40    24   -48    44   -36    52     0     8 
    8    -8   -16    -8   -32   -32    16   -24    -8   -32 
  -12   -32   -32   -48    40    20     4    -4   -24    32 
   38   -10    46   -18    22    22    38   -10   -10   -42 
  -22   -38     6    22   -38    26    -2   -18   -22    10 
    6    18    36     4   -18    10    36    28   -30   -14 
  -26    30    -2   -26    22    30   -18   -42    30     6 
  -30    -6    20   -52     6   -10   -48     8    18   -38 
   10    -6    -6   -22   -38    42    42    10    42    42 
  -48   -16   -20   -12    32    -8    -4     4    32    40 
  -52    -4    54    38   -32    32    26    10    36     4 
   28   -12   -28   -12   -12   -28    12    12    36   -28 
   52    36    12   -12   -28   -28   -12    12   -12    28 
  -32     0   -32   -40     8    16    24   -16     0    24 
   12   -36   -54    10    56    -8     6     6   -12   -44 
   18     2    44     4    46   -26    32     8    10   -30 
  -22   -14   -30   -14    18   -22    10   -38    18     2 
   -4    20     8   -40   -20    44    56    -8   -44    20 
  -20    52     0    -8    12     4    40    32    36    -4 
   44   -32    -2    30    44    40    46    22   -16     0 
  -28    44    12    44    36    52   -52    -4    12   -52 
   52   -48   -40    -8   -24    36   -36   -28    -8     0 
   48    24    16    24   -48     8   -24    48   -24     0 
  -12    -4    -2    -2     0     8   -22   -38   -44    36 
    4    44   -34   -34    32    40    26   -22    36    20 
  -12    24    46   -18   -12   -48   -18    22     8   -24 
  -52    36   -12   -12   -20    12    36   -12     4     4 
   34   -30    14    14    -6   -22     6     6   -14   -30 
   -6    -6   -22   -22    26    26   -54   -22    26   -38 
  -46    26   -42   -26   -14    26   -10   -10   -38   -22 
   16   -56    16    -8   -24   -32    -8    16    40   -32 
   24    40    32    24     8     8   -32   -40    24   -48 
   50   -30    42   -22    18    34    -6   -38     2   -30 
    2   -30    38     6    18   -46   -42    22   -30    34 
   40    56   -12    -4   -40   -16    20   -36    40    16 
  -44    20    14    14   -24    56     2     2    28   -20 
  -34    -2   -22    34    30    46   -38   -62   -34   -10 
   46    34   -48   -16   -10    26    16    24    50    50 
   44    24    26    42   -20   -48    -6   -30    40   -56 
  -36    12    24   -24    36   -36     0   -48   -36   -36 
    0    48   -12   -20   -32   -40    36    28   -32    56 
  -24     0    52    28   -48     0    36    12     0   -40 
  -22    26    34    50    42    58   -46     2   -38    26 
   26    26   -42   -10    10    10   -10   -42   -38   -38 
    4    28   -48     8    20    44    -8   -16    44   -28 
   12    44    12    44   -60    12   -28    36   -36    12 
   50    -6    12   -12   -10   -42   -24   -48    18    58 
    6   -30   -34   -42    18     6    -6    10    26    -6 
   20   -56   -20   -20     8    12    64    24    48     8 
  -56    -8   -24   -32   -16   -16    -8     0    -8    16 
  -14    58   -54   -38    26   -46   -14   -62    26   -22 
   46    14   -30     2    38    38    50    34   -34    -2 
   48   -48   -16    56   -16    16   -48   -40     0     8 
  -12    24   -12    36   -24    12   -24   -16     0    24 
  -42    34   -22    18    58   -50    -2    -2   -54   -54 
  -26   -10    58    26    -2    30    50    50   -26    38 
   26    26    46   -50   -22    10   -34    30    26   -38 
  -62     2   -34    14   -22    58   -10   -26   -14    34 
   52    36    28   -36    20    60    12    12    36   -28 
   36    24    -6   -22    12    -8   -30    -6    -8     8 
  -44    16   -30    34    52     8    34   -38   -32    32 
   28    -4    20   -44   -20   -12    20   -12   -36    28 
   60   -36     4    44    12   -52    60    20    44   -44 
   60   -60    60   -36   -36    12   -36    12   -28    36 
   22   -14   -32     0   -58    34    40   -32    18    66 
  -18    22    38    30   -50   -10   -50   -10   -42   -18 
   26   -46   -12    44    46   -34   -16     8   -54   -46 
