2 3
200
    1    -1 
 -192     0 
    4     2 
    2     1 
    1 0     3 0 
 -192    96 
  -46 -34   -82 -43 
   -1 0    -1 -1 
  115 -46   -23 115 
    1 -1    -1 2 
 -192   -24 

   -1    -1 
    1    -1 

   -1     1 
   -1     1 
    0     0 
   -2     4 
    4     2 
   -4    -2 
    0     0 
   -1     1 
   -2    -8 
   -6     0 
   -6     0 
  -10     2 
   10    -2 
   -4    -4 
    4     4 
   10     2 
  -10    -2 
    4    10 
   -4   -10 
  -16    -8 
  -16    -8 
   16    10 
  -16   -10 
    4    -4 
   -4     4 
  -18     6 
   18    -6 
   -2    14 
    2   -14 
    0    12 
    0    12 
   -6   -18 
    6    18 
  -10    -2 
   10     2 
    8    -4 
    8    -4 
   -4     8 
   -4     8 
   -6    18 
   12   -24 
   12   -24 
   24     0 
  -24     0 
   18   -18 
   18   -18 
    6   -18 
    6   -18 
   -4     8 
   -4     8 
   14     4 
   14     4 
    0   -12 
    0   -12 
   -8    26 
    8   -26 
    2     8 
    2     8 
    6     6 
   -6    -6 
  -26    16 
   -6   -24 
   -6   -24 
   -4    20 
   -4    20 
    2    26 
   -2   -26 
   12   -24 
   12   -24 
    0    -6 
    0     6 
  -38   -38 
  -22    26 
   22   -26 
   12    30 
  -12   -30 
   -6    -6 
    6     6 
   30   -18 
  -30    18 
   38   -34 
  -38    34 
    0   -24 
    0    24 
   -4   -32 
   -4   -32 
   22   -28 
   22   -28 
   10   -26 
  -10    26 
   40    16 
   40    16 
    8   -40 
    8   -40 
   12   -12 
   12   -12 
   -4    20 
   -4    20 
  -38    16 
  -38    16 
  -28   -16 
  -28   -16 
   18    42 
  -18   -42 
   -6    30 
    6   -30 
   20   -28 
  -20    28 
   16    -4 
   16    -4 
  -26   -26 
   26    26 
   22   -22 
  -22    22 
  -24   -30 
   24    30 
  -30    30 
   30   -30 
   14    46 
   14    46 
   12    36 
  -12   -36 
   22   -20 
   22   -20 
   -4    -8 
   -4    -8 
  -14    38 
   14   -38 
   -6    42 
    6   -42 
   44   -28 
   44   -28 
    0    18 
    0   -18 
    8     2 
   -8    -2 
  -38    -2 
   38     2 
   26   -26 
   26   -26 
   18   -12 
   18   -12 
  -16    44 
  -16    44 
   20   -20 
  -20    20 
  -24     0 
  -24     0 
   10    40 
   10    40 
  -36   -24 
  -36   -24 
   28    28 
  -28   -28 
  -56     2 
   56    -2 
  -24    42 
   24   -42 
  -12   -12 
  -12   -12 
   10    14 
  -10   -14 
   54    60 
  -56     4 
  -56     4 
  -50   -10 
   50    10 
  -24    48 
  -24    48 
  -46    38 
   46   -38 
  -36   -36 
   36    36 
    0    24 
    0   -24 
   22   -26 
  -22    26 
  -20   -20 
  -20   -20 
   38    22 
   38    22 
   48    36 
   48    36 
  -26    34 
  -26    34 
  -16    64 
   16   -64 
  -22    44 
  -22    44 
   30    24 
   30    24 
  -36   -36 
  -36   -36 
  -28    20 
   28   -20 
  -12   -18 
   12    18 
    2     2 
   -2    -2 
   18    54 
