11 0
25
   -1    -1     1     1    -1    -1    -1     1    -1     1    -1 
    0     0     0   112     0     0     0    16     0   -32     0 
   15    15    14    14    11    11     8     8     8     8     7 
    2     2     1     1     2     2     1     2     1     1     2 
    0 0     0 0     0 0     1 0     0 0     0 0     0 0     1 0     0 0     1 0     0 0 
    0     0     0   112     0     0     0    16     0   -32     0 
   51 -10   -61 102    75 0    75 0  -107 78     5 -34    51 -10    75 0    51 -10    75 0    51 -10 
    1 0     2 0     0 1     0 1     2 0     1 0     1 0     0 1     1 0     0 1     1 0 
  112 -112   112 112   112 -112   112 -112  -112 224  -112 -112   112 -112   112 -112   112 -112   112 -112   112 -112 
    3 -2     3 -2     3 0     3 0     5 -2     5 -2     3 -2     3 0     3 -2     3 0     3 -2 
   -2     2    -2    14    -2     2    -3     2    -3    -4    -2 

    1    -1     1    -1    -1     1    -1    -1     1     1     1 
    1    -1     1    -1     1    -1     1    -1    -1     1     1 
    1     1    -1    -1    -1    -1    -1    -1    -1    -1     1 

    0     0     0     0     0     0     0     0     0     0     0 
    0     0     0     0     0     0     0     0     0     0     0 
    0     0     0     0     0     0     0     0     0     0     0 
   -5    -5    -4    -4    -1    -1     2     2     2     2     3 
   -3     3    -6     2    -1     5    -4    -4    -4     4     1 
   -3     3    -6     2     5    -1    -4    -4    -4     4     1 
    7    -3    -4     4     3     5     0     4     8     0     3 
    7    -3    -4     4     5     3     8     4     0     0     3 
   -9    -1    -2    -2    -3    -3     6    -8     6    -2    -9 
    2    -6    -6     2   -10     6     2     8    -6     2    -6 
    2    -6    -6     2     6   -10    -6     8     2     2    -6 
    3    -1     2    10    -7    -3     2    -8    -6    10    -5 
    3    -1     2    10    -3    -7    -6    -8     2    10    -5 
    4     4   -10    -2    -4    -4    -4     4    -4     4     4 
    4     4   -10    -2    -4    -4    -4     4    -4     4     4 
   -1     3    -2    -2   -13    -9   -10    10     6     6    -9 
   -1     3    -2    -2    -9   -13     6    10   -10     6    -9 
    9     7    -4   -12    -9    -3    12     0   -12   -12   -11 
    9     7    -4   -12    -3    -9   -12     0    12   -12   -11 
    0     0    12    12     8    -8     8     0    -8     0   -16 
    0     0    12    12    -8     8    -8     0     8     0   -16 
   -1    13     4     4   -15    -9     0    -8     0    -8    11 
   -1    13     4     4    -9   -15     0    -8     0    -8    11 
   -9   -15    -4     4    11     1    -4    -8     4    12     3 
   -9   -15    -4     4     1    11     4    -8    -4    12     3 
