1 0
200
   -1 
    0 
   10 
    1 
   -1 4 
   24 
  -49 22 
    1 0 
  -60 120 
    3 -2 
   -1 

   -1 
    1 
    1 
    1 
   -1 

    0 
   -1 
   -1 
   -1 
    2 
   -4 
    2 
    4 
    1 
    0 
   -8 
    2 
   -6 
    0 
   -4 
   12 
   12 
   -4 
    4 
    0 
  -10 
    0 
   -8 
   14 
   -8 
    6 
  -14 
   -8 
    0 
   16 
    8 
  -18 
  -10 
   -2 
   18 
    4 
  -16 
   -4 
    8 
    6 
    6 
  -16 
   -6 
    4 
   -2 
   14 
  -12 
  -20 
   28 
   -8 
    6 
    6 
   22 
    0 
  -26 
  -12 
  -10 
   18 
    4 
  -20 
  -10 
  -24 
  -16 
    8 
  -20 
   18 
  -10 
  -36 
  -22 
   -8 
   18 
   38 
  -22 
   14 
  -36 
    4 
   12 
  -36 
  -16 
  -16 
   10 
    6 
  -24 
    2 
  -24 
  -14 
    6 
    6 
   26 
  -30 
   16 
   24 
    8 
  -32 
   26 
  -12 
    4 
    8 
   18 
  -34 
   32 
  -12 
  -24 
    0 
   44 
   20 
    0 
   20 
  -36 
   42 
  -26 
   10 
  -18 
   30 
  -28 
   -8 
  -36 
  -20 
   30 
  -22 
    6 
    0 
  -14 
    2 
  -14 
  -40 
  -36 
  -44 
  -34 
   42 
   -4 
  -20 
   20 
   14 
   24 
  -12 
  -22 
   22 
  -30 
  -54 
   -2 
  -22 
   32 
   20 
   22 
   24 
  -28 
  -10 
  -18 
   34 
  -20 
    4 
   20 
  -28 
   -2 
  -28 
   -8 
    0 
  -18 
   36 
   36 
  -44 
   18 
    0 
   12 
  -46 
   18 
    0 
  -16 
    2 
    6 
  -46 
    0 
    8 
  -10 
   10 
   42 
   36 
   12 
   40 
  -40 
  -48 
   32 
  -14 
  -38 
   16 
   -2 
  -26 
  -22 
   46 
  -58 
  -62 
  -36 
    4 
   36 
  -60 
  -38 
  -50 
   46 
   14 
