6 0
25
    1     1     1    -1     1     1 
   48   -24   -32     0   -24   -16 
   12    12     8     8     6     4 
    1     1     1     1     1     1 
    1 0     1 0     1 0     5 0     1 0     1 0 
   48   -24   -32    32   -24   -16 
    7 -62     7 -62     7 -62     7 -62     7 -62     7 -62 
    1 0     1 0     1 0     1 0     1 0     1 0 
  240 -48   240 -48   240 -48   240 -48   240 -48   240 -48 
   -1 2    -1 2    -1 2    -1 2    -1 2    -1 2 
   19    -5    -7    -3    -5    -3 

   -1     1    -1    -1    -1     1 
    1    -1    -1    -1    -1    -1 
    1     1    -1    -1    -1    -1 
    1     1     1    -1     1    -1 

    0     0     0     0     0     0 
    0     0     0     0     0     0 
   -4    -4     0     0     2     4 
   -1    -1     1     1     1     1 
   -4     0    -4    -4     6     0 
   -1    -1    -1     1    -1     1 
   -4     8     0     0     4     0 
   -4     0     0     0    -2     4 
    6     2     2    -6     8    -2 
   -6    -2    -2     6    -4    10 
   -6     6    -2     6     6   -10 
  -10    -2     6   -10    -8     2 
   -2     2    -2     6    10     6 
   -4   -12    -4    -4    -2    -8 
    4     4     4   -12     4    -4 
   10     6     6    14     2   -10 
    2    -6     6   -10    -6    14 
   -4     4     4   -12     2    -8 
  -12     0    -4     4    -8     4 
    0   -12     0     0     8     8 
    0    -8     8     0    16     8 
  -12    -8    -8     0     8    16 
    4     0    -8    16     8     0 
    4    16    12    12     6    16 
   12   -12     4    -4   -20   -12 
