1 2
200
   -1 
    0 
   12 
    2 
    0 0 
    0 
   -5 -26 
   -1 -1 
  -36 36 
   -1 2 
    2 
    1 
   -3 

   -1 
   -1 
    1 

    0 
    0 
   -4 
    0 
    0 
    0 
    0 
    0 
  -10 
    0 
    0 
  -10 
  -10 
    8 
    8 
    0 
    0 
  -16 
  -16 
    0 
    0 
   -4 
   -4 
    0 
    0 
    2 
    2 
    0 
    0 
   20 
   20 
    0 
    0 
    0 
    0 
   -4 
   -4 
    8 
    8 
  -22 
    0 
    0 
    0 
    0 
    2 
    2 
    0 
    0 
  -16 
  -16 
    0 
    0 
    0 
    0 
    0 
    0 
   26 
   26 
    0 
    0 
  -34 
    0 
    0 
   32 
   32 
  -34 
  -34 
    0 
    0 
    0 
    0 
   26 
   38 
   38 
    8 
    8 
    0 
    0 
    0 
    0 
  -22 
  -22 
    0 
    0 
    0 
    0 
    0 
    0 
  -10 
  -10 
   20 
   20 
   44 
   44 
    0 
    0 
   32 
   32 
  -46 
  -46 
  -40 
  -40 
    0 
    0 
    0 
    0 
  -16 
  -16 
    0 
    0 
  -10 
  -10 
    0 
    0 
   44 
   44 
    0 
    0 
    0 
    0 
    0 
    0 
   50 
   50 
    0 
    0 
    0 
    0 
  -22 
  -22 
  -16 
  -16 
    0 
    0 
  -52 
  -52 
   26 
   26 
    0 
    0 
    0 
    0 
  -52 
  -52 
    0 
    0 
    0 
    0 
  -34 
  -34 
    8 
    8 
  -40 
  -40 
    0 
    0 
  -52 
  -52 
    0 
    0 
    0 
    0 
  -46 
   20 
   20 
    0 
    0 
   44 
   44 
   62 
   62 
    0 
    0 
    0 
    0 
  -58 
  -58 
  -64 
  -64 
    0 
    0 
   -4 
   -4 
  -22 
  -22 
    0 
    0 
  -46 
  -46 
   38 
   38 
    0 
    0 
  -64 
  -64 
    0 
    0 
    2 
    2 
   50 
