1 0
200
    1 
-1824 
    2 
    1 
    1 0 
-1824 
  -82 37 
    1 0 
  -75 -45 
    0 1 
-1824 
    0 
    0 

   -1 
    1 
    1 
    1 

    1 
    1 
    2 
   -1 
    2 
    6 
    0 
    4 
   -1 
    6 
   -1 
    2 
   -2 
    6 
   -2 
   10 
  -10 
  -14 
  -10 
   -6 
    6 
    8 
    4 
   12 
    8 
   -6 
    2 
   10 
   14 
  -18 
   -6 
  -10 
   -6 
   18 
    6 
  -24 
    0 
   -2 
   22 
  -14 
   10 
   18 
   -6 
    2 
   14 
  -26 
   14 
  -22 
  -20 
   -8 
   10 
    6 
   26 
  -26 
   12 
  -12 
   -2 
  -30 
   -6 
    2 
  -18 
   -2 
  -30 
   -4 
    8 
  -34 
   14 
   28 
    0 
   -6 
   -6 
   18 
   38 
    2 
    4 
   -8 
   10 
   22 
  -10 
   14 
  -26 
   14 
  -18 
   18 
   36 
   36 
  -30 
  -22 
   22 
   22 
   30 
   14 
    2 
  -22 
   -6 
    6 
   -4 
  -20 
    2 
  -22 
   38 
   42 
  -30 
   38 
   30 
    6 
  -16 
   32 
   30 
   30 
    6 
   34 
  -42 
   18 
  -12 
   36 
  -10 
   30 
  -18 
   18 
  -50 
   26 
  -46 
   18 
  -24 
   12 
  -18 
  -30 
    6 
   30 
  -40 
  -20 
  -36 
  -20 
   -8 
   28 
  -46 
   22 
  -10 
   14 
  -54 
  -10 
  -26 
  -46 
  -12 
   12 
   48 
  -12 
  -38 
   14 
  -10 
   10 
   22 
   14 
  -18 
  -42 
  -56 
  -32 
   28 
  -20 
   26 
   54 
  -30 
   38 
   42 
  -46 
   38 
  -40 
   32 
   30 
  -50 
  -26 
  -42 
    6 
   -6 
   10 
   34 
    8 
   40 
  -30 
   22 
  -30 
  -34 
   22 
   18 
   -8 
   12 
   14 
  -38 
  -22 
   10 
   60 
   20 
   40 
   52 
   52 
   12 
  -38 
    2 
   34 
