1 6
200
    1 
 -240 
    1 
    1 
    1 0 
 -240 
    0 58 
   -1 0 
 -115 0 
    1 -1 
 -240 
    1 
    0 

   -1 
   -1 
   -1 

    2 
    2 
    1 
   -6 
    2 
    2 
    1 
    1 
    1 
    7 
    7 
   11 
   11 
    0 
    0 
   11 
   11 
    5 
    5 
    5 
    5 
  -12 
  -12 
  -15 
  -15 
  -10 
  -10 
   -9 
   -9 
   -4 
   -4 
    6 
    6 
   16 
   16 
   12 
   12 
  -18 
  -18 
  -22 
   24 
   24 
    0 
    0 
   16 
   16 
   -2 
   -2 
   15 
   15 
    4 
    4 
  -29 
  -29 
   19 
   19 
    6 
    6 
   -6 
   -6 
  -25 
   12 
   12 
   11 
   11 
   10 
   10 
  -12 
  -12 
  -12 
  -12 
  -34 
  -34 
  -34 
   12 
   12 
   10 
   10 
    2 
    2 
   -2 
   -2 
   28 
   28 
  -32 
  -32 
  -21 
  -21 
   25 
   25 
  -10 
  -10 
  -28 
  -28 
    9 
    9 
    1 
    1 
  -26 
  -26 
   24 
   24 
   11 
   11 
   -6 
   -6 
  -16 
  -16 
  -24 
  -24 
  -26 
  -26 
   13 
   13 
   40 
   40 
   14 
   14 
   18 
   18 
  -30 
  -30 
   28 
   28 
  -28 
  -28 
    0 
    0 
   12 
   12 
   23 
   23 
   16 
   16 
  -22 
  -22 
   37 
   37 
   15 
   15 
   10 
   10 
  -16 
  -16 
  -29 
  -29 
  -18 
  -18 
   -2 
   -2 
  -56 
  -56 
    5 
    5 
  -40 
  -40 
   -4 
   -4 
  -52 
  -52 
   26 
   26 
  -37 
   44 
   44 
  -39 
  -39 
   -1 
   -1 
  -20 
  -20 
   20 
   20 
   18 
   18 
   55 
   55 
  -36 
  -36 
    3 
    3 
  -46 
  -46 
  -14 
  -14 
  -21 
  -21 
  -22 
  -22 
  -23 
  -23 
    2 
    2 
  -50 
  -50 
   24 
   24 
   58 
   58 
  -50 
