1 5
200
   -1 
    0 
   15 
    1 
    5 0 
    8 
  -29 -44 
    1 0 
  -88 -132 
    3 0 
   -2 
    1 
    0 

   -1 
   -1 
    1 
   -1 
   -1 

    0 
    0 
   -1 
   -5 
    1 
    1 
    1 
    1 
   -9 
    2 
    2 
   -9 
   -9 
    8 
    8 
   10 
   10 
   11 
   11 
   11 
   11 
  -14 
  -14 
   -6 
   -6 
    4 
    4 
  -11 
  -11 
  -10 
  -10 
   -3 
   -3 
  -14 
  -14 
  -14 
  -14 
   12 
   12 
  -10 
   15 
   15 
   -1 
   -1 
  -18 
  -18 
   -6 
   -6 
    2 
    2 
    6 
    6 
  -20 
  -20 
    6 
    6 
  -24 
  -24 
   12 
   12 
    2 
   -3 
   -3 
   25 
   25 
   14 
   14 
  -30 
  -30 
  -24 
  -24 
  -34 
   -4 
   -4 
    5 
    5 
  -27 
  -27 
  -38 
  -38 
  -26 
  -26 
   20 
   20 
   31 
   31 
   -9 
   -9 
   -8 
   -8 
  -33 
  -33 
   33 
   33 
  -34 
  -34 
   20 
   20 
   16 
   16 
   40 
   40 
  -42 
  -42 
   14 
   14 
   20 
   20 
  -24 
  -24 
  -16 
  -16 
    2 
    2 
   41 
   41 
   -9 
   -9 
  -29 
  -29 
  -46 
  -46 
   20 
   20 
   36 
   36 
    0 
    0 
   35 
   35 
    2 
    2 
   -8 
   -8 
   35 
   35 
  -42 
  -42 
   14 
   14 
  -38 
  -38 
   29 
   29 
   28 
   28 
    4 
    4 
  -46 
  -46 
   -4 
   -4 
  -24 
  -24 
    8 
    8 
   16 
   16 
  -45 
  -45 
   28 
   28 
  -61 
   42 
   42 
   17 
   17 
  -40 
  -40 
   20 
   20 
  -56 
  -56 
   -6 
   -6 
   24 
   24 
   54 
   54 
   43 
   43 
  -44 
  -44 
    1 
    1 
   51 
   51 
   16 
   16 
   64 
   64 
   30 
   30 
  -29 
  -29 
   42 
   42 
  -32 
  -32 
   51 
