3 2
200
   -1    -1     1 
    0     0  -256 
   14     8     8 
    1     1     1 
    3 0     3 0     1 0 
   64    48  -256 
   19 -42    19 -42    19 -42 
    0 1     0 1     0 1 
  -98 -28   -98 -28   -98 -28 
    3 0     3 0     3 0 
    9     8   -33 
    0     0     0 
    0     0     0 

    1    -1    -1 
    1     1    -1 
   -1    -1    -1 
   -1     1     1 

   -1     1     1 
   -1    -1     1 
    0     0     0 
   -4     2     2 
   -4     2     4 
   -2    -4    -2 
   -4    -8    -4 
   -2    -2     8 
    8     6     4 
    4    -8     8 
  -10    -6     8 
   10     6     4 
   -4    -4    -8 
    0    -2    -4 
    4    10    -4 
    6    -4   -14 
    6    -2    10 
    0    -4   -12 
    8     4    -6 
    8   -12    12 
    1    -1    -1 
    0    16    -4 
    8   -14   -10 
  -16   -12   -10 
   -2     8     8 
   -6   -10    -2 
   14    10    10 
  -18     0    -6 
  -20   -10   -18 
   10    -8    -2 
    8   -16    -8 
   18   -18    12 
   10    12     6 
    6    -6    10 
   -8    22   -14 
  -10     6    20 
   -6     8     2 
   12    -6   -20 
  -10    12   -14 
   22    10    10 
   -2   -24     0 
   20   -12    -6 
  -16     8     8 
   -4     6    26 
   14     4    26 
  -16   -14   -10 
   -6    -2   -22 
   16   -18   -10 
  -20    12    24 
   14   -28   -12 
    6    12    -6 
  -18    16     6 
   18    -2    24 
   -4    16     0 
    0    12   -12 
    8     4    24 
  -10   -10   -14 
  -22   -14   -26 
   -6   -30   -32 
   -6     0    22 
    2    -4   -14 
  -12     2   -26 
  -30    22   -14 
    4    16    16 
    4   -18    28 
  -12   -14     8 
   30    -2    26 
    4    36     0 
   24     2   -12 
  -24   -12    -8 
    0    20    -8 
   -8    30   -30 
   -8   -10    10 
   10    -8    34 
   -8     2    16 
  -36   -38     4 
   26   -18   -10 
  -16    16    -4 
    6   -34    -6 
   12   -30    36 
   20   -30     6 
  -22    22     6 
   -2    -8    30 
  -34    30   -36 
  -28    20   -28 
  -20    -4    26 
   -6   -18    30 
  -22    -6   -18 
   42   -32     6 
  -28   -26   -18 
    0   -20    16 
    8     4    16 
   24    32   -12 
    2    14   -12 
    8   -20    36 
    0   -24   -18 
    4    12   -28 
   12    20    20 
   18   -28    10 
  -14    10   -26 
  -26    -4    22 
   44   -32    40 
   24    18   -42 
  -10   -44   -42 
   30    10    10 
    6    42   -38 
  -12    38     4 
   -4    -6   -32 
    4   -14   -10 
  -24     8    32 
  -38   -38    30 
  -26    46    18 
   20   -42     4 
   48    26   -44 
  -20   -16    20 
  -40    40    -4 
    0   -14     8 
   40   -30     8 
   46     2   -30 
  -18     6   -12 
   12   -16    12 
   -6   -36    -6 
   22   -44    30 
  -50   -46    36 
   36    12   -24 
   18    -8     0 
   16    36    24 
  -38    18   -30 
   38    30   -14 
  -38    38    28 
   50   -20     6 
  -40    24     0 
    0    36    16 
  -22    16    34 
    8     0    -4 
  -30   -10    -4 
  -26    42    20 
  -50    46   -22 
   44   -22    26 
  -30   -16    26 
   42    -2   -30 
  -50   -10   -42 
  -24     8    16 
  -56    34    22 
   36    -4    30 
   56   -28    12 
  -24    -8    20 
  -24     4    -4 
  -18    -2   -46 
   22   -42   -22 
   20   -52     2 
  -20   -20    -4 
  -40   -20   -20 
   16     0    10 
   -4     0     8 
   54    16    50 
  -20    -2    46 
   56    -4    16 
  -30   -36    42 
    8   -32   -24 
    2   -18   -38 
  -58    50    10 
  -18    26   -62 
  -44   -20   -24 
  -38    16    30 
   -2   -16   -30 
  -30    48    42 
  -52    14   -10 
   24   -16   -40 
   44   -30    10 
  -28   -46    10 
  -24    12    36 
  -44    20   -24 
  -24   -12   -48 
    0    36   -48 
   34    -4   -14 
  -50    38    16 
   58    24    60 
  -28    48   -18 
    6   -10    -6 
  -16   -60   -36 
  -12    24   -20 
  -46    50    -8 
   24     8   -24 
  -54    26    -6 
  -54    42   -44 
  -18    16   -50 
  -38   -34   -30 
   62    48    18 
  -50     4   -58 
   38     4    14 
   60    36   -12 
   36    44    12 
  -52    -4   -28 
   -4    16   -34 
  -50    28   -24 
  -12    36    24 
    0    58   -36 
   14    46    -6 
   38    14     4 
