1 8
200
   -1 
    0 
   10 
    1 
    5 0 
  112 
   67 28 
    1 0 
 -180 162 
   -1 2 
    2 

   -1 
    1 
    1 
   -1 

    1 
   -1 
   -2 
    0 
    4 
    2 
    4 
   -6 
   -4 
    6 
   -6 
   -6 
  -10 
    1 
   -2 
    4 
   -6 
   -4 
  -14 
   -4 
  -12 
   -8 
   -2 
    8 
  -12 
   12 
  -10 
  -14 
   14 
  -16 
   16 
   18 
   12 
    0 
   -6 
   16 
   24 
  -16 
  -12 
  -18 
    6 
   -4 
    8 
  -16 
   -4 
  -16 
  -12 
  -22 
    0 
    4 
   -8 
   -6 
  -22 
  -12 
    8 
   16 
    4 
   26 
   28 
   -8 
   30 
    2 
   10 
   24 
  -20 
  -22 
   22 
  -28 
   18 
    6 
    0 
  -14 
    4 
  -10 
    4 
    6 
    0 
  -22 
  -18 
   -2 
    8 
   26 
  -14 
   16 
   12 
   12 
   26 
   32 
   28 
  -30 
  -36 
    4 
   40 
  -16 
   42 
  -40 
  -18 
   32 
  -22 
   20 
  -20 
   18 
  -22 
  -34 
   38 
   30 
   36 
  -20 
    8 
    8 
    0 
    6 
   18 
   22 
   32 
   16 
   26 
   30 
   30 
    8 
    0 
   32 
   14 
    2 
   -4 
   18 
   -2 
  -10 
  -16 
  -26 
   -8 
   22 
  -26 
    6 
  -24 
  -16 
  -22 
  -48 
   42 
    2 
    0 
   -2 
  -40 
   50 
   28 
  -18 
    0 
  -56 
  -14 
   42 
  -12 
  -36 
  -16 
    8 
  -32 
  -36 
   46 
   -4 
  -40 
   -4 
    4 
   46 
  -26 
    8 
   -4 
  -42 
  -26 
  -32 
  -16 
   16 
  -22 
  -30 
  -40 
   60 
    4 
  -26 
  -10 
   12 
   50 
   20 
   26 
  -56 
  -44 
   26 
  -26 
   18 
   26 
  -26 
   -2 
   50 
  -58 
   36 
   -4 
   28 
   28 
   14 
  -60 
  -10 
  -46 
  -50 
