7 0
25
   -1     1     1    -1    -1    -1     1 
    0   476    64     0     0     0   -64 
   16    17     8    12     9    15     8 
    1     7     1     1     1     1     1 
    5 0     1 0     1 0     5 0     5 0     5 0     1 0 
   32   476    64    32     4    12   -64 
  -61 46   -61 46   -61 46   -61 46   -61 46   -61 46   -61 46 
    1 0     1 0     1 0     1 0     1 0     1 0     1 0 
    0 168     0 168     0 168     0 168     0 168     0 168     0 168 
    3 -2     3 -2     3 -2     3 -2     3 -2     3 -2     3 -2 
   -1    56    13     7    -4     2    -7 

   -1    -1    -1     1     1    -1     1 
    1     1     1    -1    -1    -1    -1 
   -1    -1    -1    -1    -1    -1    -1 
    1    -1    -1     1     1    -1    -1 

    0     0     0     0     0     0     0 
   -1    -1    -1     1     1     1     1 
    0     0     0     0     0     0     0 
   -1     1     1    -1    -1     1     1 
   -4    -5     4     0     3    -3     4 
   -2     5    -4     0    -5     3     0 
    2    -4     8     0    -8     0    -4 
   -8     4    -8     8     4     0     8 
   -4     9     6    -6    -1     1    -2 
   10     5     2    -2     1    -9     6 
   -2     5     2   -10    -9    -9     6 
    8     4    10   -10     4    -8     2 
    8     4    10    -2     0    -8     2 
    8     2    -4     0     2   -10   -12 
   -8    -2     4     0     2    10    -4 
   10    -9     6    -2   -11    -3    14 
   -2    -9     6    -2    11    -3    -2 
  -12     2    -4    -4     2    10    -4 
    0    -2     4    12   -10   -10    -4 
    6     2     8     0    -6    -6    12 
    0    -2    -8   -16   -10     6     0 
    4    -3     0    -8     7     1     8 
    8     3     0    -8    17    -1     0 
  -10     3    12   -12    -5    -3    -8 
    4    -3   -12     4   -13     3    12 
