2 0
25
   -1     1 
    0    64 
    8     8 
    1     1 
    5 0     1 0 
   16    64 
  -61 46   -61 46 
    1 0     1 0 
    0 168     0 168 
    3 -2     3 -2 
    3     6 

    1    -1 
   -1    -1 
   -1    -1 
    1     1 

    0     0 
    0     0 
    0     0 
   -1    -1 
    4     4 
   -2     2 
   -2     2 
    0     8 
   -6     2 
    0     0 
   -4     4 
   -6     2 
    2     2 
   -8     0 
    4     4 
   -6     2 
   14     6 
  -12     4 
   12   -12 
   14    -6 
    4   -12 
    0    16 
    0     0 
    2     6 
   -8     0 
