1 0
200
   -1 
    0 
    8 
    1 
   -3 4 
  144 
  -59 -8 
    1 0 
   90 -126 
   -1 2 
   -3 
    0 
    0 

    1 
   -1 
    1 
   -1 

   -1 
    0 
    0 
    0 
    1 
   -4 
   -4 
    0 
    6 
   -6 
    6 
   -6 
   10 
    4 
   -8 
    6 
    2 
    0 
  -16 
   -8 
    4 
    8 
   16 
  -12 
   -4 
   14 
   -6 
   -2 
  -18 
   -8 
  -16 
  -14 
   -6 
   22 
   10 
    0 
    8 
  -20 
   -4 
    6 
    4 
  -12 
  -24 
   12 
  -18 
    6 
   14 
    2 
  -12 
   -8 
   30 
   18 
  -16 
    0 
   12 
   28 
    6 
  -22 
    6 
   10 
  -22 
   34 
    6 
    8 
   -8 
  -10 
   14 
   12 
   12 
  -20 
   12 
  -26 
  -38 
  -18 
   28 
   -4 
  -26 
   -6 
  -18 
  -10 
   -6 
   10 
  -12 
  -12 
    4 
  -20 
  -38 
   26 
   22 
  -26 
  -16 
  -32 
  -16 
    8 
  -28 
   -4 
    8 
  -32 
   22 
  -38 
   24 
    4 
   34 
   -2 
   10 
  -18 
   28 
   16 
  -48 
    4 
    2 
   14 
  -22 
   18 
   40 
    8 
  -38 
  -30 
  -14 
  -18 
   28 
  -36 
   34 
   -6 
  -12 
  -12 
  -14 
   -2 
  -34 
  -10 
  -24 
  -36 
   -8 
    0 
   16 
   32 
   -2 
  -18 
   -6 
  -18 
   38 
   -6 
   24 
  -16 
    4 
   36 
  -16 
  -36 
  -38 
   54 
  -28 
   20 
    8 
  -16 
    0 
   20 
   16 
  -56 
  -12 
  -52 
   26 
   14 
   34 
   56 
   32 
   46 
   14 
  -56 
   40 
  -50 
  -34 
  -12 
  -20 
   40 
   32 
  -30 
   26 
  -44 
  -16 
  -58 
   -6 
   32 
   32 
  -34 
  -34 
  -12 
   16 
    2 
   38 
  -38 
   26 
   20 
  -44 
  -56 
  -64 
  -12 
  -28 
   30 
  -50 
   58 
