1 0
200
   -1 
    0 
    3 
    2 
   -3 4 
  256 
   18 39 
    1 0 
 -175 75 
   -1 2 
    4 

    1 
    1 

    0 
    2 
    2 
    1 
    5 
   -5 
    6 
   -1 
    0 
   -5 
   -9 
    0 
  -10 
    0 
   -8 
   10 
   -4 
    8 
    0 
    4 
   -4 
  -13 
    1 
   10 
   -2 
  -19 
  -17 
   -6 
    6 
    2 
    2 
   20 
   14 
    6 
   -6 
  -15 
  -19 
  -20 
    2 
    1 
   -4 
   16 
   15 
   -3 
  -20 
    2 
    4 
   -8 
   -7 
   13 
   -2 
  -24 
   -3 
    9 
   18 
   16 
  -24 
   -2 
    9 
   15 
   -5 
   12 
  -18 
   -4 
    8 
  -12 
  -32 
   28 
   14 
    0 
  -24 
    6 
   26 
   -4 
   12 
   24 
  -37 
   21 
   -5 
   21 
   23 
  -35 
   -3 
  -29 
   24 
    0 
   29 
   13 
  -32 
   -8 
   24 
  -10 
  -12 
  -20 
  -21 
  -25 
   -1 
  -37 
   29 
  -11 
   26 
    8 
   -4 
  -30 
   -6 
  -10 
   20 
   -4 
   31 
   11 
  -34 
   -8 
   12 
  -18 
  -43 
  -37 
  -18 
  -38 
  -32 
  -18 
   -1 
    5 
  -30 
  -34 
   24 
   -4 
    9 
   15 
  -11 
  -29 
   45 
   25 
   46 
  -16 
  -35 
   39 
   34 
   18 
    9 
    9 
   31 
   -9 
  -12 
  -26 
   30 
  -40 
    6 
   36 
   38 
   -8 
   42 
    2 
  -16 
  -22 
  -24 
  -40 
    9 
    7 
    4 
   -8 
   50 
  -36 
  -22 
  -18 
   16 
  -18 
    0 
    0 
    0 
   47 
   -7 
    0 
   12 
    5 
    3 
   20 
  -14 
  -11 
   33 
   43 
  -13 
   36 
  -42 
   18 
  -46 
   36 
   16 
   16 
  -18 
    1 
    1 
   58 
   36 
  -51 
  -13 
   54 
   38 
   39 
   17 
  -24 
