2 0
100
    1    -1 
 1152     0 
    3     3 
    3     3 
    1 0     5 0 
 1152  1152 
  -27 14   -23 -8 
   -1 0     1 0 
    0 -27    54 -54 
    1 -1    -1 2 
 1152   288 

    1    -1 
   -1    -1 

   -1     1 
    0     0 
   -1    -1 
    0     0 
    0     0 
    6    -6 
    6    -6 
    6    -6 
   -1    -1 
   -6     6 
   -6     6 
   -7    -7 
    2     2 
   -1    -1 
   -1    -1 
    6    -6 
   12   -12 
    5     5 
  -13   -13 
   12   -12 
    6    -6 
   -1    -1 
    8     8 
    6    -6 
   12   -12 
   -7    -7 
   11    11 
   -6     6 
    0     0 
   11    11 
   -7    -7 
    6    -6 
  -18    18 
   -6     6 
    0     0 
    8     8 
   17    17 
   11    11 
   20    20 
   17    17 
  -18    18 
   18   -18 
   18   -18 
  -12    12 
  -22   -22 
    5     5 
   12   -12 
  -12    12 
    5     5 
   23    23 
  -18    18 
   18   -18 
   12   -12 
   18   -18 
    6    -6 
  -18    18 
  -19   -19 
   -1    -1 
  -18    18 
   24   -24 
   -7    -7 
   -6     6 
   -6     6 
  -28   -28 
  -19   -19 
   14    14 
  -13   -13 
   12   -12 
   18   -18 
  -12    12 
  -24    24 
   -7    -7 
  -13   -13 
   14    14 
   11    11 
   20    20 
   12   -12 
   12   -12 
  -36    36 
  -24    24 
  -19   -19 
   -1    -1 
   36   -36 
    0     0 
  -24    24 
   12   -12 
  -12    12 
   -6     6 
   26    26 
  -10   -10 
  -31   -31 
   -4    -4 
   -7    -7 
   -7    -7 
   24   -24 
    6    -6 
  -13   -13 
  -13   -13 
   11    11 
  -34   -34 
