2 2
200
   -1    -1 
    0     0 
   10     8 
    1     1 
   -1 4     1 4 
    8    88 
  -65 56   -65 56 
    0 1     0 1 
   70 98    70 98 
    3 0     3 0 
    2     1 

    1    -1 
   -1     1 
   -1    -1 
    1     1 

   -1     1 
    1    -1 
    0     0 
    0     2 
    0    -2 
    0    -6 
    8     1 
   -2     6 
    2    -6 
   -8     2 
   -6    -5 
   -6    -7 
    0     7 
    8     0 
  -10     9 
    2     4 
  -14    -4 
  -12     3 
   -4    -4 
   10     0 
   -8   -12 
   -1    -1 
  -12    11 
    4    -8 
  -12    -7 
   10   -10 
    2   -20 
    6     9 
    0     4 
    0   -19 
   12    -1 
   -6     5 
    0     0 
  -24    -3 
   -6   -15 
   20     5 
    8   -12 
  -18    -5 
    2   -11 
  -10   -22 
    4    25 
   -4    17 
  -16   -16 
  -12    -7 
   16   -10 
   22    19 
   12    22 
   -6    -7 
   16    19 
  -12    -6 
   -6    -9 
   12    24 
   26    -6 
  -24   -20 
  -30   -26 
   24   -16 
  -30    14 
    8   -13 
    0   -10 
   28    12 
  -24    22 
   -2     0 
   28    31 
   -8   -14 
  -34    19 
   10   -31 
   14     5 
  -26   -12 
   18    12 
   16    17 
    4    12 
  -10    10 
   14    14 
    6   -26 
  -30   -17 
  -16   -30 
    2     5 
   18   -18 
   30    33 
   -2   -36 
  -26    16 
   16   -22 
   24   -28 
   40    -5 
  -36   -30 
  -12    36 
   30    21 
  -30   -18 
   18   -30 
  -26   -21 
    4   -14 
  -26    36 
   20     6 
  -12    -9 
   12    12 
   12   -20 
    4   -44 
  -36   -10 
  -20   -17 
   -2    32 
    2   -17 
    2   -28 
   18    -6 
   26   -12 
   34     6 
   18    14 
    4    -2 
   24   -10 
   10   -16 
  -32    37 
   -8    31 
   18     7 
   -6   -46 
    6    12 
  -20   -34 
  -42    44 
   30    -2 
   26   -33 
  -32   -39 
   -6   -44 
  -20    26 
   26    12 
   -2   -34 
    4     2 
  -36     9 
  -32    39 
   30     2 
   -2    22 
   22    12 
   14   -44 
   22   -28 
   -4    38 
   16   -13 
   -4    48 
   44     8 
   20     7 
    2   -42 
    2   -28 
  -40   -30 
  -48    18 
    0    50 
   22    30 
   -8    35 
    4     9 
   40     9 
  -28   -12 
  -48   -24 
   -8   -11 
  -18    40 
    8   -41 
   36     8 
  -40   -41 
   12   -32 
  -52    -2 
  -16    -9 
  -28   -10 
   36     1 
  -16     0 
  -16    36 
    6   -25 
   58    49 
   46   -15 
    6   -42 
   26    50 
  -32     8 
  -54   -39 
  -36    58 
   30    -8 
  -20   -40 
   38    38 
   36     8 
   -4   -26 
  -24    13 
  -14     0 
    0   -27 
  -26    25 
   20   -12 
    4    38 
  -52    20 
  -26   -10 
    2    -4 
  -32    14 
   14   -54 
   28   -53 
  -10   -11 
  -10    16 
   64    40 
    2   -40 
  -52   -31 
  -18    30 
   14   -26 
  -20   -24 
   36    16 
   48    28 
   32   -41 
    4    -6 
  -44   -12 
   58    41 
  -14   -25 
  -30    14 
