10 12
25
   -1     1     1    -1     1     1    -1    -1     1     1 
    0     0    40     0   468  -780     0     0  -256  -128 
   17    16    10     9     9    15    15    15     8     8 
    7     1     1     3    13    13     1     1     1     1 
   -1 4     5 0     1 0    -1 4     1 0     1 0    -1 4    -1 4     1 0     1 0 
   84    32    40    36   468  -780    36   180  -256  -128 
   23 46   149 -80    23 46    23 46    23 46    23 46    23 46    23 46    23 46    23 46 
    1 0    -1 -1     1 0     1 0     1 0     1 0     1 0     1 0     1 0     1 0 
  252 0   126 126   252 0   252 0   252 0   252 0   252 0   252 0   252 0   252 0 
    3 -2     3 -2     3 -2     3 -2     3 -2     3 -2     3 -2     3 -2     3 -2     3 -2 
   -7    -2     6    -3    13  -117    -1   -11   -26   -12 

    1     1     1     1     1    -1    -1    -1    -1    -1 
    1     1     1     1    -1     1    -1    -1    -1    -1 
    1    -1    -1     1     1     1     1     1    -1    -1 
    1     1     1     1     1     1     1     1     1     1 

   -1    -1    -1    -1    -1     1     1     1     1     1 
   -1    -1    -1    -1     1    -1     1     1     1     1 
    0     0     0     0     0     0     0     0     0     0 
    0     0     0     0     0     0     0     0     0     0 
   -5    -4     2     3     3    -3    -3    -3     4     4 
   -5    -4     2     3    -3     3    -3    -3     4     4 
    4    -8     4     6    -6     6    -6     0     0     8 
    4    -8     4     6     6    -6    -6     0     0     8 
   -9    -8    -2    -1    -7    -7    -1    -1     6    -8 
    5    -2    -2    -9     3    -3     9    -9    -2     2 
    5    -2    -2    -9    -3     3     9    -9    -2     2 
   -4     4    10   -10     2     2   -10     8    -6     4 
   -4     4    10   -10     2     2   -10     8    -6     4 
    2    -4     2    -4     8     8    -4   -10     4    -4 
    2    -4     2    -4     8     8    -4   -10     4    -4 
    9    -4     2     3     9    -9    -3     3    10     4 
    9    -4     2     3    -9     9    -3     3    10     4 
   -2   -12    12     2     2     2     2   -10     4   -12 
   -2   -12    12     2     2     2     2   -10     4   -12 
   -2     0    12     0    12   -12     0     6    -8     0 
   -2     0    12     0   -12    12     0     6    -8     0 
    3   -16    -4     5    -1    -1     5    -1    -8   -16 
    3   -16    -4     5    -1    -1     5    -1    -8   -16 
   -3     4     4    -3    -3     3     3     3    -4    -4 
   -3     4     4    -3     3    -3     3     3    -4    -4 
