1 0
100
   -1 
    0 
    8 
    1 
   -1 4 
  512 
  -17 14 
    1 0 
  -40 -20 
   -1 2 
   32 

    1 
    1 
    1 

    0 
   -1 
    0 
   -2 
   -4 
    0 
    0 
    0 
   -1 
    6 
   -2 
   -6 
    2 
   -4 
    0 
   -6 
    2 
   -4 
    8 
   -8 
    0 
    0 
  -16 
  -16 
   -4 
    6 
   -2 
   14 
  -18 
  -16 
   -8 
   18 
   18 
   -2 
    6 
  -16 
   -8 
  -16 
  -12 
  -10 
    0 
  -12 
   24 
   -8 
   14 
   -2 
    2 
  -22 
   20 
   16 
   -6 
   26 
    0 
  -16 
   24 
   24 
   -6 
  -14 
   10 
   26 
  -14 
   -6 
   18 
    4 
  -24 
   30 
   -2 
   32 
   28 
  -16 
   24 
   30 
    2 
   26 
   -8 
  -12 
  -26 
  -18 
   -2 
   -2 
   -2 
   22 
  -24 
   -8 
  -36 
  -16 
   18 
  -30 
    6 
    6 
   24 
   16 
   40 
   -8 
  -24 
   36 
   28 
  -24 
  -10 
   -2 
