1 0
100
    1 
  -48 
   12 
    2 
    1 0 
  -48 
  -17 -6 
    1 0 
   40 -40 
   -1 2 
   -8 

    1 
    1 
   -1 

    0 
    0 
   -4 
   -6 
    4 
    4 
    4 
    4 
    1 
   -2 
   -2 
    6 
    6 
   -8 
   -8 
    6 
    6 
    8 
    8 
    0 
    0 
    0 
    0 
    0 
    0 
   14 
   14 
   18 
   18 
  -12 
  -12 
   10 
   10 
  -10 
  -10 
  -16 
  -16 
   16 
   16 
  -22 
   20 
   20 
    8 
    8 
  -14 
  -14 
   22 
   22 
   -4 
   -4 
   -6 
   -6 
    0 
    0 
  -12 
  -12 
  -10 
  -10 
   10 
   10 
  -30 
  -18 
  -18 
  -12 
  -12 
  -14 
  -14 
  -16 
  -16 
  -24 
  -24 
  -22 
   22 
   22 
  -20 
  -20 
    6 
    6 
   18 
   18 
    6 
    6 
  -40 
  -40 
   24 
   24 
   18 
   18 
   10 
   10 
   12 
   12 
  -20 
  -20 
   36 
   36 
  -28 
  -28 
   -2 
   -2 
