1 0
200
   -1 
    0 
    4 
    1 
    3 0 
   96 
 -102 17 
    1 0 
   33 -187 
   -1 2 
  -12 
    0 
    0 

    1 
    1 
   -1 
   -1 

   -1 
   -1 
   -4 
    2 
   -1 
    1 
    0 
    0 
    6 
    2 
   -6 
    2 
  -10 
    4 
    0 
    2 
   10 
    0 
    1 
    8 
   -8 
   -4 
   -4 
   -8 
   12 
    6 
    6 
    2 
  -18 
  -16 
   -8 
   -2 
  -10 
  -22 
   -2 
   24 
    0 
  -12 
  -16 
   14 
  -20 
   12 
   -8 
  -16 
   14 
   -6 
   10 
    2 
   16 
    4 
   14 
   10 
   24 
   -8 
   16 
   12 
   -2 
    2 
   -6 
    6 
  -10 
    6 
  -18 
  -20 
    0 
    2 
   30 
   -4 
   12 
    0 
   -8 
   -2 
   10 
   22 
  -28 
  -20 
    6 
  -10 
   14 
   18 
   -6 
   10 
    0 
  -32 
   36 
  -12 
   14 
   30 
   22 
   26 
   -8 
   -8 
  -20 
   40 
  -28 
  -12 
  -28 
   -8 
  -30 
   10 
  -12 
    8 
  -46 
  -22 
  -18 
  -38 
  -12 
   -4 
   24 
   16 
   34 
   -2 
  -18 
  -10 
   16 
  -16 
    6 
  -22 
  -30 
   14 
  -32 
  -20 
   -6 
  -18 
   -4 
  -32 
   30 
   18 
   26 
   38 
   20 
   28 
    8 
  -32 
    4 
   20 
   22 
   -2 
  -26 
   10 
  -10 
   22 
  -48 
  -16 
   16 
  -12 
   16 
   16 
   10 
   30 
  -44 
   24 
  -28 
  -36 
  -36 
  -20 
   20 
   36 
   56 
   -4 
   -6 
   34 
  -18 
  -32 
    8 
   42 
  -62 
  -40 
  -16 
  -14 
   62 
   12 
    4 
    4 
   32 
  -18 
   10 
  -12 
  -20 
   -6 
  -54 
  -20 
   20 
  -22 
   -2 
   12 
  -32 
   10 
  -38 
  -26 
  -14 
  -60 
  -36 
   20 
   -4 
  -28 
   48 
   14 
    2 
    2 
