4 0
200
   -1    -1    -1    -1 
    0     0     0     0 
    8     8     7     5 
    1     1     1     1 
   -1 4     5 0     5 0     5 0 
   16     4    32    32 
  -25 -62   -25 -62   -25 -62   -25 -62 
    1 0     1 0     1 0     1 0 
  272 -112   272 -112   272 -112   272 -112 
   -1 2    -1 2    -1 2    -1 2 
    3     2     1     1 
    0     0     0     0 
    0     0     0     0 

    1    -1    -1    -1 
   -1    -1    -1    -1 
   -1     1     1     1 

    0     0     0     0 
    0     0     0     0 
    0     0     1     3 
    2     2     1    -1 
   -4    -4     3    -1 
    0     2    -3    -1 
   -8     0    -3     9 
    8     4    -6    -2 
   -2    -8     8     4 
    6     6    -3    -3 
   -6     0     3    -3 
    6     6     2    -6 
    6    -6     2    -6 
    0    -6    -8     0 
   -4     4     1   -11 
  -10     6   -12   -12 
    6   -14    -6    10 
   -4    -8   -14    -2 
    1    -1    -1    -1 
   -8    -4    -9     5 
    4    -6     6    -6 
  -12   -10    -8     8 
    4    -2    10   -14 
   12     4    12   -20 
  -16    18    -3    -9 
   -2     2    11    11 
    6    -6   -16     0 
  -14     6    18   -18 
    6    -8   -12     4 
    0    12    -2   -18 
    8     8   -11    -7 
   -6     6     6     6 
   18   -18   -18     6 
   -6     4     9     7 
  -18   -18   -15   -15 
  -16   -16    10     2 
  -24     0    19    -9 
  -20    20    -2   -10 
   24    -6   -20    12 
   -2    16     8    16 
    4    12     6    18 
  -12     4    -6   -26 
   12     2   -12   -16 
    4   -18    18     6 
  -18   -12   -22    18 
   -2    -4    -4    -4 
   18   -16   -18   -22 
    6    -6    12     0 
   -4   -28     4     8 
   -8    10   -23    19 
   18   -10    -6    14 
   10    22     9    25 
    0    24     0    24 
   24   -24     3    -9 
   12   -26    30    22 
  -24   -28     9    11 
   -2    14   -10    14 
   -6   -12   -19     3 
   10   -30    33   -15 
   18     6   -30    18 
    2    18   -25    15 
   -2     6   -12   -12 
    6    18    24   -12 
  -20    -4    -8    20 
   28    -4    -8    20 
  -22    34    14   -14 
   22    16   -22   -14 
   12   -12   -18   -18 
  -12    24    30   -18 
   32     0    15     3 
    0   -16    30    14 
    6   -12    20   -12 
   -2   -10   -22   -22 
  -18   -30    32     0 
    4     8    16   -28 
   28     4    16    16 
  -34    -6    -6    -6 
  -26    30   -18    -6 
  -18   -20   -30   -38 
  -30    -2    -3    -5 
  -34    -2    35   -29 
   26    -4   -10    26 
    0    12    24   -36 
   -8    -8    -9    19 
   -4   -28   -36    -4 
  -12    -4     0    -4 
  -30    42   -12   -12 
  -22    22     6    10 
  -22    22    17     7 
   18    42    -1   -15 
    4    38     4    20 
   28    26   -32    20 
  -32    16   -38   -26 
   24    12   -38    18 
   24   -42    12    36 
  -12   -20    12    -8 
   -4   -44     4    28 
  -20     8     4   -16 
  -30   -36    29     3 
   -2     2    38    14 
   28     0   -26   -42 
    4   -20    -8   -20 
   -2    18    -3    -3 
   10   -32    -3    19 
  -22    -2     9    31 
  -46    18    -9     9 
  -28    32     4    44 
  -12     0    40     0 
  -40   -36     3   -39 
   24   -20     0    16 
    6   -42   -34    42 
   22    -2    38    -2 
  -42    28    18    46 
   22   -20    12   -20 
   32   -40    16   -16 
   -8    20    43    17 
  -42    40     0     4 
  -30    -2    45   -29 
  -42     6    27    27 
    6   -14    18   -50 
   20   -20   -15   -11 
  -36   -32     6    22 
  -14    38   -19   -19 
  -38    46   -28    -8 
   -4   -44   -45    31 
    0    -6     3     9 
  -34   -30    24   -24 
   10    24    15     9 
  -10   -38    35    -5 
   10   -28    -1    17 
  -32   -34   -11   -25 
   -4   -40   -29   -25 
   16    24   -36    48 
    0     0     0    48 
   16   -20   -32    40 
   16   -16    31   -37 
   26    52   -43    43 
   22    26     2   -34 
   -2   -48    -6    18 
   26   -26    33     7 
   30    10     0    52 
  -26    18    12   -36 
  -56   -20    40   -32 
  -52    46    40   -32 
   -4     4   -27   -47 
  -52    36   -42    30 
  -56     0     3   -39 
    4     6   -30    -6 
   10   -16     5   -13 
  -50   -14   -58    -2 
    4   -28   -20    -4 
   56   -46    25   -37 
  -32    26   -17     5 
   52     4    -8    16 
   48     8     0    56 
   24    16    12   -32 
   -8    52    52     4 
  -56    44    43    -7 
   28     8    24    20 
   20   -28   -12    20 
  -22     2   -33   -25 
  -22    14   -39    41 
   34   -34   -19     5 
   16    32   -50   -22 
  -32    56    13   -55 
   -6   -58    -6   -34 
  -30   -22   -48    32 
    4    62    16    20 
  -44    38   -20    20 
   42    18    47     9 
   10    26   -34   -46 
  -12    32     6    14 
   12   -60    15     3 
  -12   -30    48    24 
  -16    40    -9    13 
   58   -14    26    22 
   26   -26   -19   -11 
  -44    -8    -8     4 
  -28   -12   -44    48 
  -54    52    -3    -5 
   30    22   -30   -38 
   48    24   -17   -21 
   16     4    28   -32 
    6   -54   -22    -6 
   58    28   -22   -50 
   48   -12   -18    18 
   40    16   -42   -26 
   62    22   -34   -26 
   26   -64    29   -37 
  -22    -6    50    30 
   10    38   -49   -25 
   36   -16   -24   -64 
   60   -36   -18   -42 
    0    -2   -56    16 
   28    32   -47     5 
   -8     2    33    11 
   44     0   -21   -33 
    6    40    14    58 
  -66   -60   -40    36 
    2    -4   -10    26 
