1 0
200
    1 
   48 
    4 
    1 
    1 0 
   48 
  -71 -28 
    1 0 
   55 -99 
    0 1 
   48 
    0 
    0 

    1 
    1 
    1 
   -1 

   -1 
   -1 
    4 
   -2 
   -1 
   -1 
    0 
   -4 
   10 
    6 
   -2 
    6 
    6 
    4 
    4 
    6 
   -6 
    4 
    4 
    1 
   -4 
   16 
   -8 
    8 
    4 
  -10 
    2 
   -6 
    2 
   16 
    0 
    6 
    2 
   18 
    6 
    8 
  -16 
    4 
   20 
  -10 
    4 
  -16 
    0 
   12 
  -18 
  -14 
  -18 
  -18 
    8 
  -16 
  -14 
   30 
   20 
    4 
    0 
  -12 
   22 
  -18 
   -6 
   -6 
  -18 
   -2 
  -18 
   12 
  -24 
   18 
   -6 
  -12 
  -28 
  -24 
   -8 
    2 
   26 
  -26 
  -12 
  -24 
  -10 
   30 
   18 
   26 
    6 
   18 
   24 
    8 
  -12 
   -4 
  -26 
  -14 
   22 
   -6 
   20 
    0 
    0 
   28 
   20 
  -12 
    4 
  -16 
   14 
   10 
  -24 
   -4 
    2 
   30 
  -34 
  -22 
   24 
  -12 
    0 
  -16 
   34 
   38 
   -6 
  -22 
  -32 
   -4 
   -6 
   42 
  -18 
   38 
   -4 
  -36 
   18 
  -10 
   32 
  -12 
   22 
   30 
   38 
  -10 
    8 
   -4 
  -32 
    0 
   16 
  -12 
  -26 
   22 
   34 
   34 
  -34 
  -10 
   32 
   16 
   20 
   36 
  -24 
  -44 
   34 
   -2 
  -12 
    4 
   60 
   12 
  -24 
    0 
   32 
   40 
  -32 
   28 
    6 
  -38 
  -46 
  -40 
  -32 
   42 
    2 
  -40 
   32 
  -46 
  -26 
    0 
  -12 
    8 
   24 
   26 
   26 
  -36 
   28 
   30 
   -6 
   44 
   32 
   30 
  -58 
  -48 
   60 
  -62 
   -2 
    2 
  -18 
  -36 
   24 
    4 
   68 
   -4 
  -12 
  -10 
   66 
  -50 
