4 2
200
    1     1     1     1 
   28   242   -36   -48 
   14    11     6     6 
    1     1     1     1 
    1 0     1 0     1 0     1 0 
   28   242   -36   -48 
   19 56    19 56    19 56    19 56 
    0 1     0 1     0 1     0 1 
  196 -28   196 -28   196 -28   196 -28 
    3 0     3 0     3 0     3 0 
    5    31    -5    -9 

   -1    -1    -1    -1 
    1     1    -1     1 
   -1    -1    -1    -1 
   -1    -1     1    -1 

    0     0     0     0 
    0     0     0     0 
    0     0     0     0 
   -4    -1     4     4 
    1     1    -1     1 
    0     6     0     1 
    2     8     6    -2 
   -6     6    -2     1 
   -4     8    -8    -7 
   -2     1     2     6 
   -2    -5    -2     5 
   -2     4    -6     4 
    6    -3     2     2 
  -10    -7    -6     8 
    4     4   -12     4 
   -2    -2    14    -2 
    4    13     4    -2 
   10    -2    -2     3 
    4    -8     0     2 
    8    14   -12     4 
  -12    -3     4    -3 
   -8     4    16    -6 
    4    -2     0     8 
    4   -11    -4     4 
   10    10     6   -20 
   12     0     8    15 
   18    12    14     2 
    6     6    -2   -19 
   -6     6    -6    -9 
   16   -14    16     1 
  -22    14    22    19 
    6    -6    10     4 
  -14   -14    22     6 
  -14    -8    18   -18 
    6    -6    14     9 
    8    -7     0    18 
   10   -23   -10   -18 
  -24    12    16    17 
   14   -19    -6    16 
    2    17     6    22 
    0    -9     0   -24 
   12    15     4     5 
  -24     6    -8     6 
    8     8    -8     3 
   -4     2    12    -8 
   18   -18    10     2 
    6    -3     6   -23 
   -4     2    20   -18 
    4    13   -12     3 
   14    -4     2    -4 
   26    11   -30    21 
  -18    30    10     0 
    6   -12    26    13 
   16   -20     0     0 
   24    -9    16    -4 
  -24   -24    16   -19 
   -2    10   -26   -25 
    2   -22    10    28 
    2     2    18     7 
  -22     2   -18    -8 
    2    20    30   -30 
   -6   -30    18    30 
   10   -11   -22     9 
   -4   -10    -4     0 
  -28   -22    -4    28 
   16   -20   -20    30 
    6   -21   -14     4 
   28    22    20   -18 
  -18    12    -6   -18 
   -6     9    22    -6 
   16   -29   -24    -4 
    2   -10    10    25 
   32    11    16    -4 
   10   -35   -22    -5 
  -34    20    10     0 
   12   -27    -4    28 
   34   -23    10   -38 
  -12   -12    24    -7 
   24    12    28   -23 
    4    -8    24    22 
   32    17     8   -28 
   34    10    10    10 
   22    13    34   -12 
   12   -24   -20   -14 
   24     9    24    24 
   12    21   -20   -39 
   30   -30     6     0 
  -22   -40   -14   -20 
   16   -29   -32    16 
    6   -24   -26     1 
  -40   -19    16    36 
   -4    14    40   -16 
   26   -16    22   -16 
  -14    -2   -34     8 
  -12     3    12    18 
   36     6     0    36 
   28     4   -24     4 
   34    -2   -26    43 
   34    -2     2    13 
   16    34    32    -6 
   -8   -14    -8    31 
  -36   -21    -4    -1 
    0    33    40    28 
    2   -22     2     3 
  -30    27   -26   -28 
   16    22    -4    27 
   32   -25   -40     5 
    0   -36    32    44 
  -12     6   -40    -4 
   16   -41    16   -31 
   18    15    22    10 
  -26    43     6   -42 
  -22    38   -18   -42 
   -6    27   -10    42 
  -32   -14    -8   -44 
  -24     3   -32     8 
   26   -34     6   -24 
   -2     7   -30   -48 
  -36    48   -24     3 
  -42    42     6    37 
  -12    48    36     8 
  -10    -1   -14    34 
  -22    41   -22   -14 
   30   -36   -46   -16 
   52   -44     4   -19 
  -12   -45    -4   -20 
  -12    18     0   -37 
   -2    -2   -14    48 
    4   -50    24    30 
  -14   -17    18   -42 
   20   -16    -4    -1 
   44   -19   -44    41 
    6     0    -6    20 
   48     6     0    31 
    2   -25   -26   -50 
  -30    30     6    20 
   -2    -2    22    43 
   -8   -50   -52    35 
  -24     9   -48   -26 
    6    24   -18   -41 
  -54    36    18    26 
    2   -22    42   -27 
   56    32     8    32 
  -56    -8   -24   -13 
   20    44    48    24 
    4    25   -36   -30 
  -48    24    24    54 
  -48    57   -24    -3 
  -50   -44    50    -4 
   28    28   -48   -27 
   28    40    20     5 
  -20   -20    36    50 
   18    18    -2     8 
   32    14   -12     4 
  -50    16     2    16 
   26    59     6    24 
   16   -11   -40    39 
   20    29    12    -1 
    8   -52   -40    -7 
   28    46    52     6 
  -46   -28    34     2 
   54    15   -58   -15 
  -10     8    22   -42 
   48    12   -40   -38 
   34    37   -18   -58 
  -42    27    -2    22 
    2    11    42    21 
  -16   -16   -28   -46 
  -16    41    -8   -24 
   26     2   -38    57 
   20   -34   -20    -4 
  -22    -4    14    41 
   36    -3   -12     7 
   56    -4   -28   -34 
    0   -18   -24    12 
  -26    22   -46    -8 
   14   -10    38    30 
   36   -27   -20   -62 
  -20    -8     0   -38 
  -30    42    54    22 
   34    10    38    40 
  -60   -60    12    40 
  -16    -7   -40    18 
  -40    14   -28    49 
   34    37   -38   -43 
  -24   -21    48   -36 
  -44   -26    12     9 
   -4     2    12    12 
   62    47    -2   -13 
   50    59    10    -6 
    6   -60    26   -20 
   36   -63   -36   -33 
   -6   -12   -34   -27 
  -26   -14    26     1 
  -40    20    12    60 
   12   -12    52   -12 
   -4    -4    40    26 
  -30    27    54    52 
   32   -40    36   -55 
   58     4   -66   -26 
