1 2
200
    1 
   28 
   14 
    1 
    1 0 
   28 
   75 -56 
    0 1 
  -56 -112 
    3 0 
    2 

   -1 
   -1 
   -1 
    1 

    0 
    0 
    0 
   -4 
   -2 
   -1 
    8 
   -8 
    6 
    6 
   -6 
   -2 
   -4 
   -4 
   -4 
   10 
    8 
    4 
   -6 
   -6 
  -12 
    0 
    4 
   10 
  -12 
   -8 
    2 
  -14 
   14 
   -4 
  -16 
   18 
   -2 
    2 
   -8 
   -8 
    0 
   24 
    8 
   16 
   16 
   24 
   10 
  -12 
   18 
    4 
   18 
  -18 
   -2 
   20 
   -6 
   26 
  -20 
  -20 
    2 
    6 
   12 
  -22 
   18 
   -6 
  -22 
  -26 
   -2 
   18 
   20 
   32 
   26 
    4 
  -12 
  -32 
    8 
   30 
   26 
   14 
    4 
  -16 
    6 
  -26 
   18 
    6 
  -12 
   14 
    8 
    0 
  -12 
   24 
  -10 
  -14 
  -34 
   32 
    8 
  -18 
   16 
  -16 
   36 
  -16 
   22 
  -20 
  -10 
  -26 
    8 
   30 
   -6 
  -22 
   18 
  -20 
   -6 
   32 
   42 
  -12 
   -2 
   -6 
   32 
   36 
   10 
   -8 
   20 
   24 
  -10 
   18 
    8 
    4 
   26 
   46 
  -20 
   -8 
  -44 
    6 
   34 
    6 
   20 
  -22 
   52 
   40 
    4 
  -24 
  -18 
   10 
   42 
  -28 
  -10 
    8 
  -10 
    4 
  -12 
  -12 
   -6 
  -16 
  -38 
   -8 
  -32 
    8 
    4 
  -22 
   48 
   28 
  -22 
   38 
  -12 
   22 
  -22 
    6 
  -10 
  -40 
  -16 
  -22 
   38 
    2 
   36 
  -24 
   62 
   48 
   30 
   12 
  -28 
   42 
   -2 
  -36 
   16 
   10 
   48 
    0 
   24 
  -34 
  -62 
  -16 
   40 
   50 
    2 
   26 
  -30 
    6 
  -12 
   12 
   38 
  -12 
  -20 
  -10 
  -32 
   58 
