1 0
200
   -1 
    0 
    4 
    1 
   -3 4 
12096 
  -11 -43 
    1 0 
 -120 -75 
    3 -1 
 3024 

    1 
   -1 
    1 
   -1 

   -1 
    1 
   -1 
    1 
   -4 
   -1 
    4 
    0 
    1 
   -2 
   -2 
    2 
    2 
    8 
   -8 
    6 
    6 
   -8 
   -4 
   -8 
    0 
   -8 
   -8 
    8 
    0 
  -10 
   -2 
  -10 
   -2 
   16 
    8 
   -6 
   -6 
   22 
  -10 
   16 
    8 
   -8 
   12 
   10 
   12 
   12 
    8 
   16 
  -14 
   22 
  -18 
    2 
   12 
   -4 
   10 
    6 
   -8 
  -16 
    4 
   12 
  -30 
   30 
  -22 
   -6 
   18 
   18 
    2 
    4 
   -4 
  -10 
  -22 
  -12 
   12 
   24 
   -8 
   10 
    6 
  -14 
   -4 
   28 
  -18 
   30 
   10 
   -6 
  -34 
   -2 
  -24 
   -8 
   16 
  -28 
    2 
   18 
  -22 
  -10 
   12 
  -16 
   32 
   20 
   12 
  -36 
  -28 
  -28 
   -2 
   30 
  -36 
  -20 
  -22 
  -26 
    2 
   -6 
  -28 
   12 
    0 
  -24 
   14 
  -30 
  -38 
  -38 
    0 
  -32 
   18 
    2 
  -22 
   18 
  -20 
   20 
  -50 
   18 
  -20 
    0 
   30 
  -18 
  -26 
  -26 
  -20 
   28 
  -36 
   36 
   32 
   -8 
   -2 
  -18 
  -14 
   10 
   46 
  -26 
  -16 
  -36 
  -20 
   52 
   28 
  -40 
    6 
  -22 
    8 
    4 
  -32 
  -44 
   56 
  -40 
   24 
   -8 
  -36 
   -8 
  -10 
  -30 
   34 
   12 
    4 
  -18 
  -10 
    0 
  -16 
  -22 
  -30 
   12 
   28 
  -16 
   -8 
   34 
  -10 
  -28 
  -28 
   54 
   22 
  -12 
  -32 
   22 
  -10 
  -44 
   40 
   38 
   18 
  -46 
  -22 
   24 
    8 
   52 
  -52 
  -60 
  -28 
   50 
  -46 
  -22 
