2 2
200
    1     1 
  -10   -30 
   10     6 
    1     1 
    1 0     1 0 
  -10   -30 
   19 -38    19 -38 
    1 0     1 0 
  132 0   132 0 
   -1 2    -1 2 
   -1    -7 

   -1    -1 
   -1    -1 
   -1    -1 
   -1     1 
   -1     1 

    0     0 
    0     0 
   -2     2 
    1     1 
    1    -1 
    1    -1 
    0    -8 
    0    -8 
   -6    -6 
   -8     0 
   -8     0 
   10    -6 
   10    -6 
   -2    10 
   -2    10 
   -2    14 
   -2    14 
   12     4 
   12     4 
    8     0 
    8     0 
   -2     2 
   -2     2 
    0    16 
    0    16 
  -10   -18 
  -10   -18 
    6   -10 
    6   -10 
  -10    -6 
  -10    -6 
   -2    14 
   -2    14 
   20    -4 
   20    -4 
  -10    10 
  -10    10 
   16    16 
   16    16 
  -22    10 
  -12    -4 
  -12    -4 
   16    24 
   16    24 
  -22    10 
  -22    10 
   24    16 
   24    16 
   18   -10 
   18   -10 
   24    16 
   24    16 
    4    -4 
    4    -4 
   -4   -12 
   -4   -12 
   14   -10 
   14   -10 
   -8    32 
   -8    32 
  -18   -18 
  -14    18 
  -14    18 
    8     8 
    8     8 
   14   -18 
   14   -18 
    0    32 
    0    32 
   -8    24 
   -8    24 
   -2   -34 
   34    10 
   34    10 
   16   -16 
   16   -16 
  -14    18 
  -14    18 
  -18    -2 
  -18    -2 
    6   -10 
    6   -10 
   -4   -12 
   -4   -12 
   12     4 
   12     4 
   42   -22 
   42   -22 
   22    22 
   22    22 
    4   -12 
    4   -12 
   -8   -16 
   -8   -16 
    0   -16 
    0   -16 
    4    -4 
    4    -4 
  -18   -26 
  -18   -26 
   -2   -22 
   -2   -22 
   20    12 
   20    12 
   20   -20 
   20   -20 
  -10    34 
  -10    34 
   24     0 
   24     0 
    2    42 
    2    42 
  -10    38 
  -10    38 
    0    -8 
    0    -8 
   -6    -6 
   -6    -6 
    6   -42 
    6   -42 
  -20   -12 
  -20   -12 
  -22    26 
  -22    26 
   44   -12 
   44   -12 
  -36   -12 
  -36   -12 
   34    18 
   34    18 
  -34    26 
  -34    26 
  -40    -8 
  -40    -8 
  -32   -40 
  -32   -40 
   54    38 
   54    38 
  -20   -44 
  -20   -44 
   16    40 
   16    40 
  -12   -28 
  -12   -28 
  -48   -16 
  -48   -16 
  -48     8 
  -48     8 
  -38    18 
  -38    18 
   44   -44 
   44   -44 
    0    16 
    0    16 
    8   -48 
    8   -48 
   50   -34 
   50   -34 
   52    12 
   52    12 
   36    12 
   36    12 
    2   -62 
   14    34 
   14    34 
   38   -10 
   38   -10 
  -56   -16 
  -56   -16 
   62    -2 
   62    -2 
   36    44 
   36    44 
  -24   -24 
  -24   -24 
  -42    38 
  -42    38 
  -26    50 
  -26    50 
   30   -18 
   30   -18 
  -32    -8 
  -32    -8 
  -42     6 
  -42     6 
  -16   -24 
  -16   -24 
  -50    38 
  -50    38 
  -58   -42 
  -58   -42 
   56   -24 
   56   -24 
    4    60 
    4    60 
    4    -4 
    4    -4 
   34    18 
   34    18 
  -34   -34 
