1 0
200
   -1 
    0 
    8 
    1 
    3 0 
    8 
  -17 -66 
    1 0 
  280 -100 
   -1 2 
   -1 
    0 
    0 

    1 
   -1 
    1 
   -1 

    0 
    0 
    0 
    2 
   -4 
   -1 
    4 
   -2 
    1 
    2 
   -6 
   -4 
    4 
    6 
    2 
    0 
    8 
   -2 
   12 
  -16 
  -16 
  -16 
    4 
   -8 
   12 
  -10 
   -2 
    2 
   14 
  -16 
    4 
   -4 
  -20 
   -6 
    6 
   16 
    8 
   10 
    8 
   22 
   -4 
  -24 
   -8 
  -20 
  -22 
    4 
   24 
    2 
  -20 
  -20 
   24 
  -22 
    0 
    0 
    0 
   12 
  -24 
   14 
   -2 
   22 
   14 
   18 
    2 
  -12 
  -32 
    0 
   22 
  -30 
   -6 
   12 
    0 
  -10 
   14 
   -4 
  -36 
  -16 
    2 
    6 
   14 
  -30 
   34 
  -22 
   -4 
  -32 
    4 
  -18 
    2 
   42 
  -26 
   -4 
   42 
   24 
    0 
  -10 
   -8 
   20 
    4 
  -32 
   14 
   18 
  -12 
  -12 
   30 
  -12 
  -38 
   -6 
  -12 
   -4 
   24 
  -24 
    6 
  -44 
   40 
  -24 
    8 
   36 
   14 
  -42 
  -18 
  -22 
  -36 
   20 
    0 
   38 
  -46 
    4 
  -30 
  -10 
  -34 
   10 
    4 
   28 
  -24 
   36 
  -24 
  -52 
  -46 
  -38 
   26 
  -18 
   10 
   10 
  -12 
   42 
  -46 
  -30 
  -36 
  -46 
  -34 
   44 
  -34 
   44 
   58 
  -40 
  -36 
   32 
    0 
   24 
  -38 
  -24 
    6 
   20 
   34 
  -30 
   34 
   34 
    6 
   56 
  -40 
  -58 
   14 
    4 
   12 
   -4 
    4 
   46 
  -44 
   20 
   40 
  -58 
   14 
   22 
   20 
  -18 
  -26 
  -12 
   38 
   14 
    4 
  -30 
   14 
  -16 
  -24 
    0 
    4 
   42 
  -18 
  -18 
  -18 
   48 
