4 0
25
   -1     1    -1     1 
    0   -20     0   -24 
   12    10     6     4 
    1     1     1     1 
    5 0     1 0    -3 4     1 0 
   16   -20     8   -24 
   55 82     7 -38    55 82     7 -38 
   -1 -1     1 0    -1 -1     1 0 
   96 -144   144 -24    96 -144   144 -24 
   -1 2    -1 2    -1 2    -1 2 
   -2    -4    -1    -6 

   -1    -1     1     1 
   -1    -1     1     1 
    1    -1     1    -1 

    0     0     0     0 
    0     0     0     0 
   -4    -2     2     4 
   -1     1    -1     1 
    2     0     0     2 
   -4     4    -4     4 
    0    -6    -6     0 
    4     6     6     4 
    2    -2     2    -2 
    0    -8    -8     0 
  -10     6    -6    10 
    4     0     0    -4 
   -6    10    10    -6 
   10     4    -4   -10 
    8    12    12     8 
   -6    10   -10     6 
    4    12    12     4 
   -2     8    -8     2 
   -8     4     4    -8 
   -8   -12    12     8 
    8    12   -12    -8 
    8   -14    14    -8 
   12    10   -10   -12 
    6   -12   -12     6 
   -8     4    -4     8 
