1 2
200
   -1 
    0 
   10 
    1 
   -3 4 
   48 
  133 24 
   -1 -1 
  -30 -130 
   -1 2 
    4 

   -1 
   -1 
   -1 
   -1 

    1 
    1 
   -2 
   -4 
   -1 
   -1 
    1 
   -3 
    1 
   10 
   -1 
   -4 
    4 
   -2 
   -1 
    3 
   -6 
    4 
    0 
   -1 
    6 
    6 
  -12 
  -18 
  -11 
  -20 
  -11 
   -4 
    9 
    0 
  -12 
  -12 
  -12 
  -18 
  -12 
    8 
   19 
  -19 
    9 
   19 
  -15 
  -18 
    6 
  -18 
   -9 
    1 
   15 
  -16 
   17 
   12 
   11 
   14 
    9 
    0 
   -4 
    9 
   18 
   17 
   30 
    2 
   10 
   -3 
  -20 
  -20 
  -30 
   14 
   13 
   13 
   12 
    0 
  -19 
  -25 
  -38 
  -16 
   24 
   -4 
   26 
  -15 
    3 
   18 
  -17 
   35 
   15 
  -26 
    9 
   21 
  -30 
  -22 
  -38 
  -33 
   -8 
   11 
  -18 
   36 
  -29 
  -11 
   16 
  -26 
  -20 
  -18 
  -30 
    5 
   16 
   10 
   31 
   10 
  -16 
   20 
   42 
  -39 
    6 
  -32 
  -42 
   18 
   28 
   19 
   -6 
   12 
  -34 
   -9 
   43 
  -45 
   40 
  -39 
  -10 
  -12 
  -25 
    3 
   -9 
   50 
   38 
   -4 
  -41 
   32 
  -39 
  -37 
   30 
   47 
   12 
   33 
  -25 
  -44 
  -26 
   51 
  -36 
   -4 
   46 
    9 
  -22 
   -1 
  -39 
    5 
    0 
  -50 
  -54 
   20 
   24 
  -56 
  -37 
   26 
    9 
   51 
   37 
  -13 
  -24 
   57 
  -38 
  -42 
  -43 
  -20 
    2 
    9 
   24 
   22 
   21 
  -20 
   31 
   40 
   17 
    6 
   32 
   -6 
   48 
    3 
   28 
  -18 
   42 
   37 
    1 
   24 
   33 
    4 
   24 
   41 
  -20 
  -44 
   47 
  -24 
  -20 
  -59 
