2 2
25
   -1    -1 
    0     0 
    4     4 
    1     1 
   -5 4    -1 4 
   16    36 
  -47 50   -47 50 
    1 0     1 0 
  -42 147   -42 147 
    3 -1     3 -1 
   -7     3 

   -1    -1 
    1    -1 
    1     1 
   -1     1 

    0     0 
   -1    -1 
    0     0 
   -1    -1 
   -4     6 
    1    -1 
    2    -8 
   -7     0 
   -3     4 
   -8     6 
    9    -8 
    8    -2 
    6     2 
   -8    12 
    6     2 
    1    -6 
   -7    -6 
   10     6 
   12     4 
  -10     0 
    1   -12 
   -4   -14 
    6    -8 
   -8    -4 
  -12    -2 
