1 0
200
   -1 
    0 
    4 
    1 
    3 0 
   32 
   37 -99 
    0 1 
 -242 -55 
    3 0 
    3 

   -1 
    1 
   -1 
    1 

   -1 
   -1 
    1 
    2 
   -1 
    1 
   -1 
    0 
    2 
    6 
   -2 
    6 
  -10 
    4 
  -12 
   -2 
  -10 
   12 
    4 
   -8 
    0 
    8 
    0 
   12 
   -4 
   14 
  -10 
  -14 
  -14 
   16 
   -8 
   -6 
   -6 
   22 
   14 
    0 
  -16 
   -4 
   20 
   -6 
   -4 
   12 
    0 
  -24 
    2 
    2 
    6 
  -26 
  -12 
   -4 
   10 
  -14 
  -24 
  -16 
  -24 
  -16 
   30 
  -26 
  -22 
   10 
    2 
   14 
   30 
  -28 
   20 
   34 
   -6 
   20 
  -12 
    8 
  -16 
  -22 
  -26 
    6 
   -4 
   20 
  -34 
  -26 
   26 
  -14 
   38 
  -18 
  -24 
  -24 
  -20 
  -20 
   26 
  -38 
   10 
    2 
   24 
   16 
  -24 
   32 
    4 
  -20 
   20 
   -4 
  -10 
   -2 
  -12 
   -4 
  -18 
   -2 
   26 
   -6 
  -20 
  -36 
  -40 
   16 
  -42 
  -10 
  -22 
   -6 
   16 
   40 
   18 
   34 
  -18 
   -2 
   28 
  -36 
  -14 
   26 
  -20 
   -4 
   30 
   30 
   14 
  -26 
    4 
   20 
  -16 
   40 
   48 
   40 
   30 
    6 
   10 
   -6 
   22 
   14 
   24 
   -8 
  -12 
  -44 
  -48 
    0 
  -42 
   46 
   44 
  -52 
    4 
  -20 
  -24 
   48 
   -8 
   16 
  -36 
  -20 
   -6 
  -46 
  -38 
   48 
  -40 
   58 
   18 
   16 
   56 
   34 
  -46 
  -36 
   60 
    0 
  -32 
    2 
  -38 
   20 
  -36 
  -26 
    6 
   -8 
   24 
  -26 
    6 
   32 
   56 
  -50 
  -42 
   58 
   34 
  -20 
   28 
  -20 
  -28 
  -52 
   68 
  -30 
  -14 
   14 
