1 0
200
   -1 
    0 
    6 
    2 
    5 0 
   24 
   23 34 
    1 0 
  204 -12 
    3 -2 
    2 

   -1 
   -1 
   -1 
   -1 

    0 
    0 
    2 
    1 
    0 
    4 
   -4 
   -6 
   -6 
   -2 
   -6 
   -2 
   -6 
   -6 
    8 
    6 
   -6 
  -12 
    2 
    2 
    4 
   10 
   -4 
   -4 
    8 
    2 
   10 
    2 
   -2 
   16 
  -18 
    6 
    1 
   -2 
   -6 
   10 
    6 
   -6 
   -4 
   -6 
    0 
  -14 
  -18 
    0 
    6 
  -14 
  -22 
   10 
  -20 
  -20 
    6 
   18 
   -6 
  -28 
  -26 
   14 
   10 
   22 
   26 
   18 
    2 
  -30 
   10 
  -28 
    2 
  -22 
  -14 
   32 
   -8 
  -22 
    4 
  -18 
    6 
   10 
   -8 
  -20 
  -18 
   -2 
   34 
   -6 
  -10 
   34 
   20 
   -2 
    0 
   12 
   18 
  -22 
  -38 
   -6 
    4 
  -14 
  -34 
  -10 
   -2 
   -8 
  -30 
   22 
    2 
   38 
   -8 
   32 
    6 
   18 
    2 
  -26 
  -10 
   12 
   24 
  -30 
   34 
  -46 
   42 
  -42 
  -30 
   20 
  -30 
   42 
   18 
  -30 
  -12 
   42 
  -14 
   18 
   18 
   -6 
  -26 
   18 
   26 
   50 
  -30 
   -8 
  -24 
  -26 
   38 
   32 
  -22 
   38 
  -18 
  -30 
   10 
  -22 
   24 
   16 
   -6 
  -20 
  -36 
   30 
   18 
    2 
  -18 
  -26 
  -50 
  -28 
   42 
   36 
   34 
  -12 
   18 
   48 
  -30 
   26 
  -38 
    2 
  -22 
   46 
   -2 
   24 
   20 
  -34 
  -14 
   42 
   30 
   22 
   18 
   42 
  -22 
   56 
   34 
  -30 
  -54 
  -58 
  -18 
  -38 
  -22 
   14 
  -26 
   18 
   -6 
   58 
  -14 
   -6 
  -12 
  -40 
  -10 
  -26 
    0 
   14 
   66 
  -62 
