3 0
25
   -1    -1    -1 
    0     0     0 
   11     9     7 
    1     1     1 
   -1 4    -1 4    -1 4 
   36    12    12 
   43 34   -87 38    43 34 
    1 0     1 0     1 0 
 -180 120  -240 -60  -180 120 
   -1 2     1 2    -1 2 
   -2    -2     4 

   -1    -1    -1 
    1    -1    -1 
    1    -1     1 
   -1     1    -1 
    1    -1    -1 

    0     0     0 
   -1     1     1 
   -3    -1     1 
   -1     1    -1 
    1    -1     1 
   -1    -3    -1 
   -1    -3    -3 
   -4    -6    -2 
   -1     1     1 
    5     9    -1 
    4     0     0 
    7    11     1 
   -6     2   -10 
   -8   -10    -2 
   12     2     6 
    2   -12    -4 
   -6    -6    -6 
   -8     8     0 
   -8     2    -2 
   14     6   -14 
   13    -3     3 
    1   -13    -9 
    3     5   -15 
   -6   -18    -6 
  -12   -18   -18 
