1 2
200
   -1 
    0 
    3 
    1 
    3 0 
   16 
  -57 -86 
   -1 -1 
 -100 150 
   -1 2 
    3 
    0 
    0 

    1 
    1 

    0 
    0 
   -2 
   -1 
   -5 
   -3 
    4 
   -2 
    0 
   -3 
   -7 
    4 
    2 
  -10 
    4 
   12 
    4 
    6 
   14 
    8 
   16 
    1 
    7 
    8 
   -8 
  -17 
    7 
   -4 
   10 
   12 
  -12 
    6 
  -16 
    6 
  -14 
    5 
   23 
  -24 
   12 
    9 
   12 
    0 
   -1 
   -3 
   -4 
   14 
  -20 
    6 
    3 
  -27 
   -6 
   22 
   -7 
  -21 
   -2 
   18 
   -8 
    8 
    9 
  -19 
    9 
  -24 
   32 
    4 
   28 
  -30 
  -30 
  -24 
  -30 
   -8 
  -24 
   14 
   -4 
   26 
   12 
  -20 
  -13 
   15 
   11 
  -17 
   37 
   29 
  -11 
   27 
  -24 
   -6 
  -25 
  -21 
  -30 
  -12 
   32 
   10 
   24 
   12 
  -35 
   15 
   25 
   11 
  -17 
   -1 
  -22 
  -20 
   18 
   38 
  -42 
    6 
  -20 
   16 
  -15 
  -33 
  -44 
   16 
   -4 
    4 
  -25 
  -15 
  -46 
   14 
  -24 
   18 
   -5 
   -3 
   14 
    8 
    4 
  -30 
   -3 
   33 
   25 
    5 
    9 
   15 
   18 
  -18 
  -37 
  -11 
   32 
  -20 
  -19 
  -31 
  -23 
   33 
  -42 
   40 
   38 
   42 
  -26 
  -24 
    2 
    8 
   34 
   32 
   38 
   28 
   24 
   -8 
    7 
    1 
  -22 
   24 
   42 
   16 
  -34 
  -26 
   22 
  -50 
   52 
    8 
   16 
  -35 
    5 
   60 
  -12 
  -39 
   39 
  -22 
  -26 
   -1 
   17 
   15 
   23 
   60 
  -42 
   38 
   40 
  -14 
  -20 
  -30 
   42 
   -1 
  -25 
   36 
  -26 
    1 
  -25 
   48 
  -12 
  -23 
  -11 
  -52 
