1 8
200
    1 
    0 
    4 
    1 
    3 0 
  592 
  -62 -21 
    1 0 
  145 -145 
   -1 2 
 -148 

   -1 
    1 
    1 

   -1 
   -1 
   -2 
   -6 
   -6 
   -6 
    2 
    2 
    1 
   -1 
   -1 
   10 
   10 
    8 
    8 
   -6 
   -6 
    2 
    2 
  -12 
  -12 
  -10 
  -10 
    6 
    6 
  -14 
  -14 
    2 
    2 
  -16 
  -16 
    6 
    6 
  -10 
  -10 
   -4 
   -4 
    4 
    4 
  -22 
  -12 
  -12 
  -22 
  -22 
  -10 
  -10 
    2 
    2 
   14 
   14 
   18 
   18 
  -12 
  -12 
   12 
   12 
   18 
   18 
   22 
   22 
  -30 
  -14 
  -14 
  -18 
  -18 
    2 
    2 
   -6 
   -6 
   22 
   22 
  -34 
   18 
   18 
    6 
    6 
  -14 
  -14 
  -14 
  -14 
    2 
    2 
  -24 
  -24 
  -12 
  -12 
   10 
   10 
  -38 
  -38 
   22 
   22 
  -34 
  -34 
   -2 
   -2 
  -12 
  -12 
  -14 
  -14 
   -2 
   -2 
  -22 
  -22 
   26 
   26 
   28 
   28 
  -18 
  -18 
   -6 
   -6 
   -6 
   -6 
  -20 
  -20 
   26 
   26 
  -34 
  -34 
  -26 
  -26 
  -14 
  -14 
   18 
   18 
    6 
    6 
   -6 
   -6 
   46 
   46 
    0 
    0 
  -26 
  -26 
  -26 
  -26 
  -14 
  -14 
   -2 
   -2 
    4 
    4 
  -48 
  -48 
  -42 
  -42 
  -38 
  -38 
  -50 
  -50 
   24 
   24 
   14 
   14 
  -20 
  -20 
   60 
   60 
   -6 
   -6 
  -58 
  -20 
  -20 
   42 
   42 
   28 
   28 
   22 
   22 
  -12 
  -12 
  -32 
  -32 
   38 
   38 
  -20 
  -20 
  -22 
  -22 
  -40 
  -40 
   50 
   50 
    2 
    2 
   50 
   50 
   18 
   18 
  -48 
  -48 
   18 
   18 
   48 
   48 
  -62 
  -62 
   34 
