1 0
200
    1 
  -24 
    4 
    1 
    1 0 
  -24 
  -57 -26 
    1 0 
  160 -140 
   -1 2 
   -3 
    0 
    0 

   -1 
   -1 
    1 
   -1 

    0 
    1 
    4 
   -2 
    4 
   -2 
    6 
    4 
   -1 
   10 
   -2 
   -2 
   -2 
    0 
    8 
    1 
    0 
    8 
    6 
    6 
   -4 
  -10 
   12 
   -4 
  -16 
   -6 
   -4 
   -2 
  -14 
  -10 
   -4 
   -6 
   16 
    2 
  -18 
   12 
  -16 
   14 
    4 
   20 
  -10 
  -24 
    0 
   -6 
  -10 
   -2 
    2 
   18 
    4 
  -14 
    6 
   12 
    4 
  -24 
   -8 
    4 
  -16 
  -30 
    2 
    2 
   22 
  -10 
   14 
  -12 
  -20 
   -6 
  -14 
   18 
  -12 
    0 
   36 
   10 
  -22 
   26 
   -4 
   20 
   26 
   30 
  -24 
  -14 
   26 
   18 
    8 
   20 
   -4 
  -36 
   -6 
    6 
   14 
  -30 
  -16 
   -8 
    2 
    6 
    6 
   -4 
   20 
    4 
   32 
   30 
   16 
   16 
  -36 
    2 
   36 
    6 
  -20 
    4 
  -22 
   30 
   -2 
  -26 
   -6 
    2 
   32 
  -14 
   30 
    0 
    2 
    6 
  -44 
   20 
  -24 
  -12 
  -24 
   36 
   10 
  -36 
  -14 
   14 
    2 
  -28 
    0 
    4 
    0 
  -40 
   10 
  -26 
   26 
   12 
  -10 
   30 
  -16 
  -16 
   42 
   48 
   -8 
  -24 
   18 
   32 
   36 
   20 
  -36 
   30 
   -8 
  -24 
   18 
   20 
  -12 
   42 
   32 
   36 
   -2 
   56 
  -28 
   12 
   54 
   10 
  -18 
  -24 
    6 
  -32 
  -44 
   12 
   20 
  -38 
   24 
  -18 
  -20 
  -14 
    6 
   62 
   12 
    2 
   26 
   -4 
  -12 
    8 
   -2 
   34 
   46 
  -26 
  -36 
    4 
  -20 
  -60 
   -2 
   34 
  -68 
  -14 
