3 0
25
   -1     1     1 
    0    16  -132 
    8     4    11 
    1     1     1 
    3 0     1 0     1 0 
   96    16  -132 
  -47 -60   -47 -60   -47 -60 
    1 0     1 0     1 0 
  286 -154   286 -154   286 -154 
   -1 2    -1 2    -1 2 
    3     3   -24 

    1     1    -1 
   -1     1    -1 
    1     1     1 
   -1    -1    -1 

   -1    -1     1 
    0     0     0 
    0     4    -3 
   -2     2     1 
   -1    -1    -1 
    0     0     0 
    8     0    -7 
    0     8     6 
    2     2    -4 
   -2    -2     1 
   -6    10     9 
   10     6     4 
   -6     2     3 
    4   -12     1 
    4   -12     4 
   -6    -2     0 
   10     2    10 
  -12     8   -12 
   12    12     6 
    8     0     8 
  -16    -4     5 
  -16     8    -4 
  -16     0   -10 
  -12     4     3 
    4     0    -8 
