4 2
25
   -1     1    -1     1 
    0    -4     0    -8 
    3     2     1     1 
    1     1     1     1 
    3 0     1 0     3 0     1 0 
    8    -4     8    -8 
 -113 6   -77 72  -113 6   -77 72 
    1 0    -1 0     1 0    -1 0 
   88 -220   -66 -77    88 -220   -66 -77 
   -1 2     1 -1    -1 2     1 -1 
   -5    -4     2    -8 

   -1     1     1    -1 
   -1    -1    -1    -1 
    1     1    -1    -1 

    0     0     0     0 
    0     1     2     2 
   -4     0    -2    -2 
   -1    -2    -1     5 
    0     0     0     0 
   -1    -1     1     1 
    3     0    -1     1 
   -9     8    -9    -1 
   -1    -6     3    -9 
    6     2     8     0 
   -6   -10     0     0 
   -5     2     7    -3 
    7    -6    11    -3 
    4    -4     2     6 
    4     4    -2     6 
   -6     2    -6     6 
   -6    10     2     6 
    5    -4     5    -7 
   13     4   -15     7 
   -3     0     1     3 
    9     0     1    -3 
   10    -8     6    10 
   -2    -8   -14    10 
   -6   -12     6    18 
    6   -12    -2    18 
