6 2
25
    1     1     1    -1     1     1 
   32   110   120     0   -66  -440 
    8    11     6     8    11    10 
    1     1     1     1     1     1 
    1 0     1 0     1 0     1 4     1 0     1 0 
   32   110   120   192   -66  -440 
  -65 70   -65 70   -65 70    89 14   -65 70   -65 70 
    0 1     0 1     0 1     1 0     0 1     0 1 
  112 98   112 98   112 98   266 42   112 98   112 98 
    3 0     3 0     3 0     3 0     3 0     3 0 
   12    11     8    -4    -9   -64 

    1     1     1    -1    -1    -1 
    1    -1    -1     1    -1    -1 
   -1    -1    -1    -1    -1    -1 
    1    -1    -1     1     1     1 

   -1    -1    -1     1     1     1 
   -1     1     1    -1     1     1 
    0     0     0     0     0     0 
    2    -1     4     2    -1     0 
   -2    -6     4    -4     2     0 
    6     5     0     4     1     6 
    0     9     4    -4    -1    -4 
   -4    -2     8     0     6     3 
    6     7     2    -2     7     4 
   -6     1     6     6     3   -10 
   -2     2     2    -6     6    -1 
   10    -1    -6    -6    -3     5 
    8    -6     4     2     2     3 
   -8    -2    -2     0    -6     8 
   10     6    -4    -4     2    10 
    0    13   -12   -10    -1    -5 
  -10    -4     6   -10     8    -1 
   -8    -4    -4    -8     4    -5 
  -12    13     8    12   -15    -3 
   -4    -3    -8    -8    -5    -3 
   16     0     0    -8    -8    -8 
    8     6    16     8   -10     6 
   -8    13   -12   -16    11    13 
   -8   -15     0    12    -3   -12 
    0   -18    -8     8    14    13 
