1 2
200
   -1 
    0 
    2 
    1 
   -3 4 
   24 
   19 -60 
    1 0 
  220 -22 
   -1 2 
   -1 
    0 
    0 

   -1 
    1 
   -1 
    1 

    0 
    1 
   -2 
    4 
   -1 
    1 
   -2 
   -1 
    6 
   -2 
    0 
    8 
   -2 
   -8 
   -4 
   -6 
    4 
   -4 
    0 
  -10 
   -8 
    0 
    8 
  -18 
   -2 
  -12 
    2 
   -2 
    2 
   -4 
   -2 
   16 
   -2 
  -18 
    2 
   20 
   -8 
   12 
   -2 
    6 
  -18 
   12 
    6 
  -12 
    2 
   14 
   14 
   -6 
    0 
   10 
  -16 
  -18 
   -6 
   20 
  -16 
  -12 
   16 
   18 
   18 
   26 
  -20 
   -2 
   10 
  -18 
  -20 
   12 
    2 
  -20 
   -4 
  -16 
   24 
  -34 
  -38 
   12 
    0 
   12 
  -10 
    2 
  -14 
  -34 
   20 
  -22 
   -8 
    8 
  -24 
   16 
    0 
    0 
   22 
   -2 
    8 
  -32 
  -22 
    8 
   12 
    8 
    4 
  -28 
   16 
   -6 
  -16 
  -14 
    2 
  -24 
   22 
   30 
  -42 
    2 
  -12 
  -16 
  -10 
   -6 
   22 
  -12 
  -24 
   16 
  -24 
  -10 
   18 
   22 
    0 
   40 
  -20 
   -6 
   24 
  -44 
  -42 
  -42 
  -22 
  -34 
  -10 
  -32 
   28 
   -8 
   -4 
  -32 
   42 
  -10 
   26 
   18 
  -26 
   24 
  -32 
  -32 
   56 
  -52 
   48 
  -32 
   -6 
   52 
   -4 
   -2 
   24 
  -58 
  -48 
  -24 
    0 
   32 
  -12 
   -2 
  -30 
   22 
   44 
   32 
  -24 
   18 
   -2 
   34 
   40 
  -20 
  -38 
  -46 
    6 
    8 
   20 
  -34 
  -32 
  -44 
   12 
   10 
  -42 
  -32 
   26 
   -2 
  -38 
   46 
   60 
  -18 
  -52 
  -32 
  -26 
   26 
  -44 
   -8 
   22 
   44 
   60 
  -30 
   -6 
   14 
