10 4
25
    1    -1    -1     1     1     1    -1    -1     1     1 
    0     0     0    10    -8   -16     0     0    16    -8 
   12    12    12    10     8     8     6     4     4     4 
    1     1     1     1     1     1     1     1     1     1 
    1 4     5 0     5 0     1 0     1 0     1 0     5 0    -3 4     1 0     1 0 
   32     4    16    10    -8   -16     8     8    16    -8 
 -121 34  -121 34  -121 34  -121 34  -121 34  -121 34  -121 34   -43 174  -121 34  -121 34 
    1 0     1 0     1 0     1 0     1 0     1 0     1 0     2 0     1 0     1 0 
  -16 -208   -16 -208   -16 -208   -16 -208   -16 -208   -16 -208   -16 -208   240 304   -16 -208   -16 -208 
   -1 2    -1 2    -1 2    -1 2    -1 2    -1 2    -1 2     5 -2    -1 2    -1 2 
   -1     1     1     2    -2    -3    -2     1     5    -2 

    1    -1     1    -1     1     1    -1     1    -1     1 
   -1    -1    -1     1    -1    -1    -1    -1     1    -1 
    1     1    -1     1     1     1     1    -1     1     1 

    0     0     0     0     0     0     0     0     0     0 
    0     0     0     0     0     0     0     0     0     0 
   -4    -4    -4    -2     0     0     2     4     4     4 
   -2     2     4    -2    -4     4     2    -4    -2     2 
   -2    -2    -4     2     0     0    -2     4     2     2 
   -1    -1     1    -1    -1    -1    -1     1    -1    -1 
    0    -8     0     4     8     8     4     0    -8     0 
   -6     6     4     0     4     4     0     4     6    -6 
   -8     4     2     2     2    -2    -2    -2    -4     8 
  -10    -6     6    -6     6    -6     6    -6     6    10 
    4     0   -10    -6     6     6    -6   -10     0     4 
   -8    -4    -6   -10     2     2   -10    -6    -4    -8 
   -6     6     0     6     8    -8    -6     0    -6     6 
    0     8     4     8    12    12     8     4     8     0 
   -8     0   -10    -6   -10    10     6    10     0     8 
    4     0    -6    -6    10    10    -6    -6     0     4 
    6    10    12    14   -12    12   -14   -12   -10    -6 
   -4    12   -16     0     8     8     0   -16    12    -4 
  -10   -10   -12    10    -8     8   -10    12    10    10 
  -12     4     8     2    12   -12    -2    -8    -4    12 
    8    -8     6   -10     6    -6    10    -6     8    -8 
    0     0    14    -6   -10    10     6   -14     0     0 
  -16    -8    14    14    -2     2   -14   -14     8    16 
    6     6     0     6   -12    12    -6     0    -6    -6 
   -4   -12    -4     0   -12   -12     0    -4   -12    -4 
