5 0
25
    1     1     1    -1    -1 
   56    24    48     0     0 
   14    12    12    12     6 
    1     1     1     1     1 
    1 0     1 0     1 0     3 0     3 0 
   56    24    48    16     8 
   47 84    47 84    47 84    47 84    47 84 
    0 1     0 1     0 1     0 1     0 1 
  322 -70   322 -70   322 -70   322 -70   322 -70 
    3 0     3 0     3 0     3 0     3 0 
   14     4     6     2    -2 

    1     1     1    -1    -1 
   -1     1     1     1     1 
   -1    -1    -1    -1    -1 
   -1     1     1     1     1 

   -1    -1    -1     1     1 
    0     0     0     0     0 
    0     0     0     0     0 
   -4    -2    -2    -2     4 
    0    -4    -4     2    -4 
   -4    -3     4    -2     4 
   -6     1     8     2    -4 
    0     1     8    -4    -4 
   -2    -1     6    -6    -6 
    1    -1    -1    -1    -1 
    6    -1     6     6     0 
   12     8    -6     0    -6 
   -6     2     2     2   -10 
   -2    -6     8     8   -10 
    2     4     4    -8     4 
   -6     0    14   -10     2 
   -6     6     6    -6    -6 
  -12    -6     8    -4   -10 
    8    -4    -4     8    -4 
    0     8     8     8   -16 
    2   -14     0     6    12 
   -2    -8    -8   -14     4 
    8    11     4    -8    10 
   12     3    -4    -4    -4 
  -12    11     4     4    -8 
