1 0
100
   -1 
    0 
    8 
    1 
   -5 4 
 3840 
   31 -38 
   -1 -1 
  -72 24 
   -1 2 
 -240 

    1 
    1 
    1 

    0 
    0 
    0 
   -1 
   -4 
    0 
    0 
    8 
   -2 
   -6 
   -6 
   -2 
  -10 
   -4 
   -8 
   -6 
   -6 
    4 
    8 
    8 
   16 
   -8 
    0 
  -12 
    8 
    6 
   -2 
   14 
   -2 
   -8 
    0 
    2 
   18 
   -6 
   10 
   -8 
   -8 
  -16 
   -4 
   -2 
   24 
  -20 
   -8 
  -24 
  -26 
    6 
  -22 
   10 
  -16 
   28 
   10 
  -22 
   16 
    0 
    0 
    8 
   22 
  -18 
  -22 
   10 
  -14 
   18 
  -14 
  -24 
   28 
   -2 
   -2 
  -12 
  -24 
  -16 
    8 
  -10 
   14 
   22 
  -28 
  -16 
   34 
  -14 
  -18 
   -2 
  -26 
   30 
  -16 
   16 
   24 
   36 
  -22 
   -6 
  -34 
   -2 
   16 
   24 
  -40 
   40 
    8 
   20 
   32 
  -20 
   38 
   14 
