2 0
200
   -1     1 
    0    -4 
    8     4 
    2     1 
   -3 4     1 0 
   16    -4 
  -53 22   -53 22 
   -1 -1    -1 -1 
   60 12    60 12 
   -1 2    -1 2 
    2    -1 
   -1     0 
    0     0 

   -1    -1 
   -1     1 
    1     1 

    0     0 
    0     0 
    0     4 
   -1    -1 
   -2    -2 
   -2    -6 
    6     2 
   -6     6 
   -6     2 
  -10     6 
   10    -6 
   -6    10 
    6     6 
   -4   -12 
   -4     8 
    2     2 
   -2     6 
   -8    -8 
   -8     4 
  -10     6 
   10     2 
   -4     8 
    4     8 
  -14    18 
  -14    -2 
   10     2 
  -10     6 
   14     6 
   14   -18 
    4    12 
   -4     4 
   10     2 
   10     2 
    2    10 
   -2    -2 
   -8    -8 
    8     0 
  -24   -20 
  -24     0 
  -10     6 
    6   -14 
    6   -18 
   -6   -14 
    6   -18 
   10   -14 
   10    18 
   -6    18 
    6    -2 
   -4     0 
   -4   -12 
  -14    -6 
  -14     2 
   18     6 
  -18    10 
   26    -6 
  -26   -18 
  -10     6 
   10   -22 
   -6    -6 
   -6     2 
   -2    -2 
  -18   -34 
   18    -6 
    4    -8 
    4    20 
   14   -18 
   14    -2 
   18   -30 
   18    -2 
  -22   -10 
   22   -30 
  -26     6 
   26    34 
  -26   -26 
   36   -28 
   36   -24 
   18    26 
  -18   -10 
   30    22 
   30    38 
    6    22 
   -6    26 
    2    -2 
   -2    18 
  -18    -6 
  -18    -2 
   -6    -6 
   -6   -30 
   22    38 
   22   -10 
    4    -8 
   -4     8 
  -16    16 
   16   -24 
    6    -6 
    6    30 
  -36     8 
  -36   -20 
   34    34 
  -34    30 
  -16     8 
  -16    20 
    6    -2 
   -6    26 
    6   -34 
    6     6 
    0     4 
    0    32 
   30    -2 
  -30   -38 
   26     2 
  -26   -26 
   -2    -2 
   -2    46 
  -12    48 
   12   -40 
  -26    30 
  -26    14 
  -34    14 
   34    10 
   14   -18 
   14   -30 
   22   -26 
   22   -42 
   22    30 
   22    42 
  -50   -34 
   50    -6 
  -14    10 
   14    -2 
  -40    16 
  -40    28 
  -18    18 
   18     6 
   48    -8 
  -48    -8 
   14   -34 
  -14    42 
    6    30 
    6   -10 
    2   -30 
   -2    22 
   44   -16 
  -44     8 
  -30   -22 
  -30    22 
  -18   -18 
   18    18 
  -18    30 
   18   -38 
  -20   -16 
  -20   -44 
   28   -52 
   28   -32 
  -50    -6 
   50    22 
   24   -20 
  -24    -4 
   46    50 
   46    46 
   42    34 
   42   -14 
  -46     2 
    4   -20 
   -4   -20 
  -38    10 
  -38     2 
   32   -12 
  -32    -4 
    2   -22 
    2   -54 
  -54   -18 
  -54   -46 
   30   -10 
  -30    18 
    6     6 
    6   -10 
   32   -40 
   32    -4 
   -6   -30 
    6   -58 
   12   -36 
  -12    20 
    6     6 
   -6    58 
   26    22 
  -26    58 
  -38    34 
   38   -58 
  -10     6 
  -10   -42 
   58     2 
   58   -66 
   20     4 
   20   -16 
  -62    30 
  -62    42 
  -38   -30 
  -38   -30 
    2    34 
