2 3
25
    1     1 
    0    10 
   11     5 
    1     1 
    5 0     1 0 
    8    10 
  -65 -22   -65 -22 
    1 0     1 0 
  152 -152   152 -152 
   -1 2    -1 2 
   -1     2 

    1     1 
    1     1 
   -1    -1 

    0     0 
    0     0 
   -3     3 
   -2    -5 
   -3     2 
   -3     2 
    0    -1 
    0    -1 
   -9   -10 
    2    -3 
    2    -3 
  -10     2 
  -10     2 
   -7    -8 
   -7    -8 
   -8     9 
   -8     9 
    0    13 
    0    13 
   -6    10 
   -6    10 
   -4   -10 
   -4   -10 
   10    15 
   10    15 
