4 44
200
    1     1     1     1 
    0     0     8    16 
    5     3     2     1 
    1     1     2     1 
    5 0     5 0     1 0     1 0 
   16    32     8    16 
   22 -44    22 -44     0 77     0 77 
    1 0     1 0    -1 0    -1 0 
  153 0   153 0  -153 0  -153 0 
   -1 2    -1 2     1 -1     1 -1 
   -6    -2     8    16 
    1     1     1     1 
    0     0     0     0 

    1     1     1     1 
   -1    -1    -1    -1 

   -2     0     1     2 
   -2     0     1     2 
   -2    -4     4    -2 
    0     0     0     0 
   -3     3     0     3 
   -3     3     0     3 
   -7    -9    -4     7 
   -7    -9    -4     7 
   -9    -1    -6    -9 
    6    -6    -6    -6 
    6    -6    -6    -6 
   10    -4    -2    10 
   10    -4    -2    10 
    1    -7     4     1 
    1    -7     4     1 
  -12     6    -6    12 
  -12     6    -6    12 
    4    -4     4     4 
    4    -4     4     4 
   -8   -12     4     8 
   -8   -12     4     8 
   -6   -10    12    -6 
   -6   -10    12    -6 
  -11    -9    -8    11 
  -11    -9    -8    11 
    0    20     6     0 
    0    20     6     0 
   -1     9    14     1 
   -1     9    14     1 
   11   -13     8    11 
   11   -13     8    11 
   18     6     6   -18 
   18     6     6   -18 
   -2    18    10     2 
   -2    18    10     2 
  -16     8   -16   -16 
  -16     8   -16   -16 
  -24     2    24   -24 
  -24     2    24   -24 
   -1   -25   -22    -1 
  -12     6   -12    12 
  -12     6   -12    12 
  -14   -18    16    14 
  -14   -18    16    14 
   -4   -22     2    -4 
   -4   -22     2    -4 
    3    -3    18    -3 
    3    -3    18    -3 
   20     2     8    20 
   20     2     8    20 
  -15   -21     6    15 
  -15   -21     6    15 
   -8    12    16     8 
   -8    12    16     8 
   -2   -12    16     2 
   -2   -12    16     2 
   -4     2    14    -4 
   -4     2    14    -4 
  -30   -12     6    30 
  -30   -12     6    30 
    1     1     1     1 
   10     6    10   -10 
   10     6    10   -10 
    7   -13     4     7 
    7   -13     4     7 
   22    14   -14    22 
   22    14   -14    22 
    4    12   -32    -4 
    4    12   -32    -4 
    6     0     0    -6 
    6     0     0    -6 
  -37   -37   -22   -37 
   30   -22     6    30 
   30   -22     6    30 
  -14    32    -8   -14 
  -14    32    -8   -14 
    6   -36    -6    -6 
    6   -36    -6    -6 
   -7    15    14     7 
   -7    15    14     7 
   -5   -25    22    -5 
   -5   -25    22    -5 
    0    24   -12     0 
    0    24   -12     0 
   20    -6   -28   -20 
   20    -6   -28   -20 
   14     6   -34   -14 
   14     6   -34   -14 
  -15   -19    -6   -15 
  -15   -19    -6   -15 
  -16     8    32   -16 
  -16     8    32   -16 
  -22   -22    20   -22 
  -22   -22    20   -22 
    4     6   -20    -4 
    4     6   -20    -4 
  -16   -22   -40   -16 
  -16   -22   -40   -16 
  -18   -16     6   -18 
  -18   -16     6   -18 
  -14     8   -32   -14 
  -14     8   -32   -14 
   30    30   -30   -30 
   30    30   -30   -30 
  -16    24    38    16 
  -16    24    38    16 
  -20     8   -32   -20 
  -20     8   -32   -20 
   30     6    24   -30 
   30     6    24   -30 
  -17    11   -26   -17 
  -17    11   -26   -17 
   18     6     6   -18 
   18     6     6   -18 
  -29   -37    16   -29 
  -29   -37    16   -29 
   15    33    30   -15 
   15    33    30   -15 
   -9   -27    -6     9 
   -9   -27    -6     9 
  -22    -6    -4    22 
  -22    -6    -4    22 
  -28   -22     2   -28 
  -28   -22     2   -28 
  -29    -3    40    29 
  -29    -3    40    29 
  -48   -24    18    48 
  -48   -24    18    48 
  -16    14   -34   -16 
  -16    14   -34   -16 
   19    -1    28    19 
   19    -1    28    19 
   12   -24   -12   -12 
   12   -24   -12   -12 
   32   -46    20    32 
   32   -46    20    32 
    1   -43    22     1 
    1   -43    22     1 
  -23    51   -26    23 
  -23    51   -26    23 
   -9    21    18     9 
   -9    21    18     9 
  -34   -28    20   -34 
  -34   -28    20   -34 
   39    21    48   -39 
   39    21    48   -39 
   38   -24   -16   -38 
   38   -24   -16   -38 
    6    14     6     6 
    6    14     6     6 
  -21    11   -12   -21 
  -21    11   -12   -21 
  -46     2    32   -46 
  -46     2    32   -46 
  -47    27     4    47 
  -47    27     4    47 
   15    11    24    15 
   15    11    24    15 
  -44   -36   -32    44 
  -44   -36   -32    44 
   -8   -36    22     8 
   -8   -36    22     8 
  -46   -58   -46   -46 
   33    41     0    33 
   33    41     0    33 
   18    30   -18   -18 
   18    30   -18   -18 
   60   -52   -12    60 
   60   -52   -12    60 
   40    20   -14    40 
   40    20   -14    40 
  -18   -42    36    18 
  -18   -42    36    18 
  -15    -9    12    15 
  -15    -9    12    15 
  -17    59    58   -17 
  -17    59    58   -17 
  -16    20     8   -16 
  -16    20     8   -16 
    9    15    18    -9 
    9    15    18    -9 
  -27   -19     0   -27 
  -27   -19     0   -27 
  -28   -22    62   -28 
  -28   -22    62   -28 
  -50    18    -8    50 
  -50    18    -8    50 
  -38    38   -26   -38 
  -38    38   -26   -38 
  -38    62   -38   -38 
  -38    62   -38   -38 
  -44    12    16    44 
  -44    12    16    44 
  -41    -1    28   -41 
  -41    -1    28   -41 
  -33     9     0    33 
  -33     9     0    33 
  -56   -34   -14   -56 
  -56   -34   -14   -56 
   44    44   -10    44 
