1 0
200
   -1 
    0 
    4 
    1 
    3 0 
  320 
   47 -110 
    0 1 
 -260 -70 
    3 0 
  -32 

    1 
    1 
   -1 
   -1 

   -1 
   -1 
    4 
    4 
   -4 
    2 
   -4 
    0 
    1 
    2 
   -6 
   -2 
   -8 
   -4 
  -10 
    2 
   -2 
  -12 
   10 
   -2 
    0 
    0 
   12 
   -4 
    4 
  -14 
    4 
  -14 
  -18 
    2 
  -16 
   -8 
  -18 
   22 
   14 
  -12 
    4 
    8 
   12 
   24 
  -24 
  -12 
   22 
  -26 
    2 
  -14 
   14 
  -12 
   20 
    8 
   18 
  -12 
    1 
   20 
  -24 
   24 
   12 
   10 
    2 
  -22 
  -14 
   10 
   -6 
   12 
   -4 
  -14 
    6 
  -24 
   12 
   -8 
    0 
   14 
   -8 
   34 
   28 
  -20 
  -12 
  -30 
  -36 
  -12 
   26 
  -20 
   32 
  -16 
  -12 
   34 
   38 
    6 
  -10 
  -26 
  -40 
  -32 
   32 
    2 
  -22 
  -36 
  -32 
  -26 
   34 
   14 
   20 
  -26 
   20 
    2 
   38 
    2 
   16 
  -12 
   -6 
  -32 
  -24 
   30 
   34 
    2 
    2 
   36 
    8 
  -48 
   36 
  -34 
   20 
  -12 
   46 
   12 
   -6 
   12 
  -10 
  -20 
    2 
  -20 
  -10 
   44 
   26 
   -2 
  -32 
   40 
  -34 
  -48 
   34 
  -48 
  -50 
    2 
  -16 
  -40 
  -30 
    4 
  -24 
  -24 
    2 
   10 
   42 
   28 
   16 
   18 
   48 
  -56 
  -36 
  -22 
  -20 
  -48 
  -36 
   -2 
  -58 
   -4 
   10 
   -4 
  -18 
   26 
   30 
  -12 
  -30 
  -30 
   24 
  -52 
   10 
   28 
  -46 
    4 
   44 
  -28 
  -26 
  -26 
  -54 
    6 
  -38 
  -54 
   16 
   46 
   -2 
   26 
   22 
   58 
    4 
   -4 
   12 
  -48 
  -18 
   38 
   18 
   34 
