6 0
25
   -1    -1     1     1     1     1 
    0     0     8    12     4    -4 
    5     5     4     2     1     1 
    1     1     1     1     1     1 
    5 0     5 0     1 0     1 0     1 0     1 0 
   48   336     8    12     4    -4 
  -14 61   -14 61  -115 16  -115 16  -115 16  -115 16 
    1 0     1 0     1 0     1 0     1 0     1 0 
 -231 33  -231 33   -33 -99   -33 -99   -33 -99   -33 -99 
   -1 2    -1 2     0 1     0 1     0 1     0 1 
   -3   -21     8    12     4    -4 

    1    -1     1     1     1    -1 
   -1    -1     1    -1     1     1 
   -1    -1     1    -1     1     1 
    1    -1    -1    -1    -1     1 

   -2    -2    -1     1     2     2 
   -1     1    -1    -1    -1     1 
    3    -3     2     0    -1    -3 
    1     1    -1     1    -1    -1 
    0     0     0     0     0     0 
   -1     1     1     1     1    -1 
   -4    -4    -6    -4     6    -6 
    2     2     0     8     0     4 
    8    -4     6     2     6    -2 
   -8     4    10    10    10     6 
    3     9     2    -6     5     3 
   -7    -7    10   -10    -5    -1 
    6     6    10     6    -8     4 
   -8    -8     6     4     6   -10 
   -7    -1     4     8    -5     5 
   10    -2    -4    10    -4    12 
   -9     3    -6     6     9    13 
   -3    -3    12    12    -9   -13 
   10    -2    -4     4     2    14 
  -13    -1   -12     8     3    -5 
    3    -9     6   -12     9    13 
   11     5     4    -4   -11     3 
    0     0     4    12    -8     8 
  -18    -6     0   -12    18   -10 
   13     7     4   -20     1     3 
