12 5
200
   -1    -1    -1    -1    -1    -1    -1     1    -1    -1    -1    -1 
    0     0     0     0     0     0     0   -40     0     0     0     0 
   14     9    14    12     9    15    14    10     7    12    11    10 
    1     1     1     1     1     1     1     1     1     1     1     1 
   -3 4    -3 4    -3 4    -3 4    -3 4    -3 4    -3 4     1 0    -3 4     3 4    -3 4    -3 4 
  264    92    56   144   612     4     8   -40    68    96    28    24 
  -73 -40   -73 -40   -73 -40    61 12   -73 -40   -73 -40   -73 -40   -73 -40   -73 -40   -73 -40   -73 -40   -73 -40 
    0 1     0 1     0 1     1 0     0 1     0 1     0 1     0 1     0 1     0 1     0 1     0 1 
 -230 110  -230 110  -230 110   230 -110  -230 110  -230 110  -230 110  -230 110  -230 110  -230 110  -230 110  -230 110 
    3 0     3 0     3 0     3 -2     3 0     3 0     3 0     3 0     3 0     3 0     3 0     3 0 
    6     3     2     4    -9    -1     2    -8     3     2    -1     2 
    0     0     0     0     0     0     0     0     0     0     0     0 
    0     0     0     0     0     0     0     0     0     0     0     0 

    1     1     1     1     1    -1    -1    -1    -1    -1    -1    -1 
   -1    -1    -1    -1    -1     1     1     1    -1    -1    -1    -1 
    1     1    -1    -1    -1    -1    -1    -1     1    -1    -1    -1 
    1     1    -1    -1    -1    -1     1     1    -1    -1     1     1 
   -1    -1    -1    -1    -1    -1     1    -1    -1     1    -1    -1 

   -1    -1    -1    -1    -1     1     1     1     1     1     1     1 
    1     1     1     1     1    -1    -1    -1     1     1     1     1 
   -1    -1     1     1     1     1     1     1    -1     1     1     1 
   -4     1    -4    -2     1    -5    -4     0     3    -2    -1     0 
    0     0    -4     0     6     0    -4    -4    -2    -2     0    -4 
   -2     3     2     0    -3     3    -2    -2    -5    -2    -3    -2 
   -2    -2     4    -6    -6     6     4     0    -6    -4    -2     0 
    0     0    -6     6    -6     0     2     6     6     8    -4    -6 
   -1    -1     1     1     1     1    -1    -1     1     1    -1    -1 
    6    -9    -2    -6     3    -3    -6     4    -3    -2    -7    10 
    4     4     4    -6    -6     0    -4    -2    -6    -6     0    -8 
    1     1     1     1     1     1    -1     1     1    -1     1     1 
  -10    -5    -2     2    -7    -7     2     2    -1    -6    -3     2 
    0   -10    -8    -4     2   -10    -4    10    -2     0    10    -8 
    6     6    10     8   -10   -10     2   -10    -2    -6     6   -10 
    6    -4    -6     6    -6    12    10     4    10   -14   -12    -2 
   12     2     6     0     6    -6    14    -6   -14   -10   -10     6 
  -12    -2    -4    -4    -4    14    -4     4   -12    16   -14     4 
    8    -7    -2   -10    -7   -13    14    12    -3    -8     1    -6 
   -4    -9   -10     6   -15    -3    10    -2    -1     8    -7    -2 
    2     2     2     0    12    -6     6     4     8    -8    10   -14 
   -6   -11     4   -10    -1    -1     4   -16   -17    -4   -11     8 
    0     0     6     2    -4     8    10     2     4     8   -16   -10 
    8   -17    10    -6    15    -3   -14    16     3    -8   -17    -2 
  -20     0    12    12   -18   -12   -12    12   -18     8    -4   -12 
  -14     6   -18     2     2     2   -14    12   -18    10    10    18 
    8    -2    -4   -10    -4     2   -12     2     0   -10   -10     8 
   14    -6    18    -6   -12    -6     2   -12     8   -12    14     6 
   -6    19    14    -6     9     9    -6     2    11   -10    13     2 
   -2     8     6     8    -4   -16    14     4     4   -16    -8    22 
    0   -10    -6   -10    14     2   -14     6   -14    12    -6    -6 
    0     5    -6     0   -21    -3    22    -2    -3    16     3    -2 
  -16    14   -14     0     6     6   -10    14    -6    -8     2   -10 
    6     6    -4     0     6   -18    -4   -12    -6   -20    -6     0 
   -2   -17     6   -18    -9    -3    22   -18    -9    18     7    -6 
    8   -17     8    -4    -7    -1    20   -18    11    18   -15     0 
   -8     2    -4   -16    -4   -10   -12     0    -4    20    14     0 
  -10    25     0   -10     5    11    -4     8    23    -4   -17    -4 
   20     0   -20    20    20   -16     4    24    20   -14    16   -12 
   10    15   -10   -22   -25   -19    -6    10    19     6    -1    10 
   12   -18     2   -18    12    -6    -2    16   -12    24    -6    -2 
   12   -18   -20    24     0    -6   -20    12     0     4    18   -12 
  -14    16    -6   -24    24     0   -18   -16   -12    -8    -4   -22 
  -12   -12    24     0    -6     0   -12   -24    18    26     4    24 
    6    -9   -10    14     5     5     2    22    -1    10     1   -14 
   14     4    -6    14    14    -4    -6    12     2    -8   -16   -18 
   -6   -21   -10     6   -15   -21    -6   -18   -13    12     5   -18 
  -24     6    16   -18     6    -6    24    -6   -10     2     6   -24 
  -12    23    -4    20   -19     5   -20     4   -23   -20    -1     4 
    8   -22    -2    14   -22    14   -14   -28   -14   -28    10   -22 
    8     8     8    -6   -12    12   -16     8    12    -6     0     8 
  -24   -24     4    30    24     0   -12   -12    24   -18    -8    12 
    0    10   -24     0     6     6   -16   -12   -14    24    -2     0 
   12     2   -28   -24    12     6    20   -12     4   -24    22    24 
    0    30   -32    24   -12    30   -12    -2    -4   -26   -10    28 
  -16   -11     8   -24   -27    -9    -8    24   -19     0    21     0 
    0    10     2     8   -28    26   -30   -10   -24   -26    10   -22 
   10   -25   -22   -22    -7    -1     6    22   -21   -32    17    10 
   -6   -26   -22    18   -12     6    -6    18    20    18     6    -6 
   -6   -26     6     6     6   -18   -22     0    26   -20    -6    -6 
  -14     1    30   -10     5    -7    18     4    27    -8    23    10 
   -8   -18    -6    24    -6    -6   -22    18    -2    18    34   -30 
  -22   -12    10   -18     0   -12    18   -12    -8   -18     4     6 
   -8   -28    28    20   -22     8   -28   -12    22   -18    24   -12 
   -6    -6    28   -10     8    26    24    -8   -20    -8   -10    -8 
   34   -31     2   -22   -13   -13   -10     2   -17    14   -23     2 
  -22    18   -34   -10   -34    14   -22    22    22   -14    10    -2 
    2    12    24    -6    24    12   -12    12    16     0     4    12 
  -12    13   -12     0    33    -3   -12     0   -17   -18    19    12 
   12    17     0   -36    15   -15    24     0   -13    -8    33     0 
    0   -10     0    24   -30    18    24    32   -22   -12     6     8 
   24   -16    22   -16     2    20   -10     6    -2    20    -4   -18 
   24    24     6    -4    -4    -4    -2    14    -4    10    -8    14 
   22    32   -30   -10    20    -4   -22    24    32   -22    -4     6 
    6    11    -6     8   -31    11    -2    -6    15    26    29    30 
   16    -4   -20   -16    20   -16    20     0    24    34   -24   -36 
  -24    11     6     0    -9    27   -30    18    35    -6   -13   -30 
   -6     4    10     6     0    12    -6    18   -28   -24    24     6 
  -14     6   -14    30     6   -30    30    18   -26    22     6   -18 
   38   -12   -24    24    36     0     0    18   -32    34   -32    12 
  -22    -7   -10     2     5    35     6    34   -19     6     1    10 
   -2    -2   -26    38    14    26     6    14   -10    -6    30   -10 
   12    -3   -16   -24   -21    21   -40     0    -9    40   -35     0 
  -24    -9   -40     0   -15   -33    -4     2   -21     2     9    32 
   36   -19    -4   -24   -39   -27   -12     0     1   -28    -3     0 
  -24    26    20    24   -30    18   -20     4    -2   -12   -34     4 
   -2   -12   -30    18   -30   -12    10     6   -18   -18    36    -6 
  -38    27    30   -18    15     3    30     2    15     6    11    14 
   10     0   -18    26   -28   -28    -2    32     4   -16   -32    26 
  -22    23     2    26    17   -19     6    10   -29   -22     1   -26 
  -12   -12   -16   -40    14    -4   -24     0    14    -8    16    24 
   16     6     4     8   -16   -22   -16   -30    -4    14   -30    24 
    6   -19    22    32    17    29    -2    -8   -19     8    13    22 
  -28   -23   -16   -16    29    -7   -28   -20    -1     6    15    16 
   16   -24    -2     6    18   -36   -14    -8     6    -4   -24    10 
  -12    33   -44   -36    -9     3    20   -28     3     4    25    -4 
   20    40    -4   -40    -4    -4    -4    -4     0    -4    -4   -28 
    4   -16     2    14    32    -4   -10    16   -36    16   -20   -26 
   -6   -16    18   -34    38    20     2     2    18   -22    20     2 
  -10   -30    -2   -34    38   -34   -34   -14    30    18   -30   -38 
   -8    27   -20   -28    35   -37    20    -4   -27   -18    -3   -28 
   -2    33     0   -34     5   -37    28    -8    -9    40    -1   -20 
   36    36   -22    36   -42   -12   -30    14    22   -14     0   -22 
   22   -18    14    18    -6   -18    -6   -46    46    16   -22    14 
    6    -9   -10    30    15    -3    42     6   -21    10    -9    42 
  -46   -26    24   -12    24   -42     0    30     0    30   -22   -36 
   20     5   -44    44    11    23    32    46   -15   -32   -29   -32 
   22    22    36   -46   -34   -22    32     0    30    -4   -34   -24 
   24     4    -4    24   -24   -24    32    40    24    -6     4     4 
   -2    33   -44    18    -9   -21    20   -16    -9    36    17   -16 
  -38     2    24    20   -16     2    16    36   -12   -36   -34    24 
  -22    -2    42     2     2   -34   -26    -6   -18    34    -6    -6 
    6    21   -38    -6   -33    -9   -42    38   -37    10    -3     2 
   -6    39     6    30    21    21   -14     2    41    -2    23    14 
  -38   -28     6    20   -34    20   -38   -20   -10    24    16    -2 
   44   -16   -36   -28    14    20   -40    40     2   -22    20   -20 
  -46    -1   -18   -30   -33    45   -14     2    35   -10    -1    26 
   10    45    18   -42    33   -33   -42   -10     5    -2   -35    38 
  -18   -18   -24   -24     6    -6   -16    12    14     0   -18    24 
  -26   -21   -18    -6    -3     3    42   -38    41   -14    35   -26 
  -44    36   -40    36     0    12    36    -6    -8    24   -20   -12 
  -14   -24   -48   -30   -18    12    12   -12    10    24   -44   -36 
  -28   -38   -10     8   -10    26   -14     2    10    16   -26   -22 
   -4   -19    10    -4   -25   -19    22   -10     1   -44   -29   -10 
   12    -8   -24     0   -24   -36    -8    12     8    12    -8    24 
  -28    -8   -12    36    48    24   -36    28   -40    36   -24   -44 
   18    -7    14   -30     9    27    18     8     7    46    39   -22 
  -40    20    32   -30    12   -36    16     2    16   -26     0    20 
   34    24    26   -10    26     8    10   -34    46    16   -44   -10 
    4    -1    10   -40   -25    -1   -10    22    43    -2   -41   -26 
   50   -40    20   -34    20    20     0    36   -32     4    -4    48 
  -40   -20    20    20    20    20   -16    -2     4   -20    -4    40 
   36    11     8    24     3   -21   -36     4    33    42   -51    40 
  -26    -6   -12    -6   -12     6    28     0   -12    12    30    48 
  -48     2     4    32    14    50    20     4   -10    28    26    40 
  -24    31    24    32   -31    23   -44   -10   -13   -14   -31    32 
   -6    19   -38   -22    17    11    14    22   -11    22   -13    34 
  -22    38   -16   -28    14    38   -40    52    10   -28   -22    16 
  -44    11    32   -30    27     9   -32   -48   -39    30    37    36 
    0     0   -10    24     0   -48   -42    30     0   -12   -40    30 
   46   -24   -50     6    30     0    22     6    30    -6    48     6 
   10    20   -30    42     0     0    -6   -18   -36   -42   -32    18 
   -4   -39    20   -40     5   -13   -28    -4    13    40    41    -4 
  -24    -4   -16    -4    14    -4    -4    50    10   -26    32   -52 
   24    24    22   -42    12   -48    22   -16   -28    36    -8   -22 
  -20     5   -20    12   -15    21   -20    -4    -7   -36   -27    32 
   28   -32    24    24    54    36   -48   -32    22     0    12   -32 
   40    25    24     0     9     3   -40    40   -17   -28    15   -56 
  -22   -12   -46    50    14    -4   -18    14   -10   -46    16     2 
  -38    22    44   -16   -46    14    28    -8   -46    -8    38   -20 
  -44    36   -26     2   -16    20    22    -8    24   -20   -52   -14 
  -52    28     4    -4    44    20     4    -4    36    -4     4     8 
   20   -10   -52    -4   -52   -46    28    44    -4    -4    26   -28 
   40   -30    -8   -28   -28   -10    32    44   -28   -28   -10    32 
  -24    26   -16   -24    24   -54   -48    52    24    48   -54    40 
  -20   -30    44   -24    54     6   -12     0    30   -24   -30     0 
   -8    -8   -24   -52   -34    20   -44     0    50   -26   -52     0 
  -26   -16    38   -16    38   -16   -22   -36    14    16     4   -18 
  -24    16    16    12   -24    36   -12    42     8     8   -24   -24 
  -42    18     6   -36   -24   -18    22   -10     8   -22   -38    26 
   30   -15     0   -12    15   -39    48   -42   -33    -6    17    24 
   26   -39   -24   -24    -9    57     8     2   -33    -6     1     8 
   -2   -12    -2    14    38     8    38   -34   -10   -50     8   -10 
  -24    16     4     8   -16    32   -32   -12   -56    -2    32    12 
   22    27    58   -52   -37   -13   -22    -8    55    24   -21    34 
  -16    34    12   -42    12   -42    60    16    24    -6    38     4 
  -28   -53    18   -12   -27   -21    30     6     3   -28   -43     6 
  -44    36    12    20     2    20   -24   -20   -50   -38    40   -20 
  -34    -4   -54    -4    26    20   -18    -4    -2   -48   -52   -46 
  -56    44    10   -28    50    20    34   -22   -14    56   -20     2 
   56   -44    50    44   -40    20    34     2    16   -16    -4    26 
  -24   -39   -12    24   -57   -15    44     4    -1    28    33   -20 
  -12    33    36   -36    51   -45   -44    -4   -25    36    57    -4 
  -60    20    10    -6   -60   -12    30     2    12    36    -4   -46 
  -18    32    40   -42     0     0     8     0     0   -24     0    12 
  -20   -10   -36     2    14   -46    -4     0   -54    14    58   -36 
  -20    10    16    14   -34   -46   -24    12    18   -46    30    24 
  -52    43     0   -16     5    35   -16    -4   -35    28    43   -40 
   52    27    28    -4    -7   -55    -4    20   -35     8    -5    20 
  -36    -1    30   -12    15   -33   -14     6     3   -54    15    42 
   22   -33     2    30    27   -51    30    -8    21    30    33   -26 
   -2     3   -22    44   -37   -37    18    32   -49    24     3    26 
  -12    48    52   -52    32     8    16   -56   -40    10   -16     4 
   22    -8    16    32    -4    -4    24     4    -4     0   -24    40 
  -34    21   -10     2    35     5    10   -62    -1    26   -19   -26 
  -24    -4    46    -6     6    60    46    54     6    56    12   -42 
  -54    31     6   -60    51    39   -42   -48    15    40    -9   -18 
  -52   -37   -44   -58   -19    65    28    14    37     6   -45   -52 
   18    18    -2   -10   -22     2   -46   -66   -50   -16    62   -42 
   50    25    30   -22     5    41    -6   -32   -53    40    55   -38 
   14     4   -58    14    32    32   -42    46    16   -10   -28    22 
  -48    12   -16   -36    -6    60   -32   -28    46    36    20    56 
   12   -28   -60   -36    60    36   -44    12     4   -12    12   -48 
   -8   -43    -4     8   -49   -43     4   -28    31   -44     5    20 
  -28    -3   -28    20    47   -25    12   -20    19    20    29     4 
   12    62    60   -36   -30   -30    28   -60    -6    12   -42    12 
  -12    53    18     6   -27    -9   -54    48     9     8    45   -18 
  -58    37    10    26    65   -49    14   -10   -35    22   -27    14 
   54   -16    24   -40    14   -40   -32   -10   -50    34    52    20 
   30   -10   -18   -46    62   -10   -38   -10    46   -10   -26    14 
