12 5
200
   -1    -1     1    -1    -1    -1    -1    -1    -1    -1    -1    -1 
    0     0    40     0     0     0     0     0     0     0     0     0 
   15    14    10    14     9    14    12     9     7    12    11    10 
    1     1     1     1     1     1     1     1     1     1     1     1 
   -1 4    -1 4     1 0    -1 4    -1 4    -1 4    -1 4    -1 4    -1 4    -7 4    -1 4    -1 4 
    4     8    40   264    92    56   144   612    68    96    28    24 
 -113 40  -113 40  -113 40  -113 40  -113 40  -113 40   -29 52  -113 40  -113 40  -113 40  -113 40  -113 40 
    0 1     0 1     0 1     0 1     0 1     0 1     1 0     0 1     0 1     0 1     0 1     0 1 
  -50 170   -50 170   -50 170   -50 170   -50 170   -50 170   120 110   -50 170   -50 170   -50 170   -50 170   -50 170 
    3 0     3 0     3 0     3 0     3 0     3 0     3 -2     3 0     3 0     3 0     3 0     3 0 
    1    -2     8     6    -3     2     3     9     3     2     1    -2 

    1     1     1    -1    -1    -1    -1    -1    -1    -1    -1    -1 
   -1    -1    -1     1     1     1     1     1    -1    -1    -1    -1 
   -1    -1    -1     1     1    -1    -1    -1     1    -1    -1    -1 
   -1     1     1     1     1    -1    -1    -1    -1    -1     1     1 
   -1     1    -1    -1    -1    -1    -1    -1    -1     1    -1    -1 

   -1    -1    -1     1     1     1     1     1     1     1     1     1 
    1     1     1    -1    -1    -1    -1    -1     1     1     1     1 
    1     1     1    -1    -1     1     1     1    -1     1     1     1 
   -5    -4     0    -4     1    -4    -2     1     3    -2    -1     0 
    3    -2    -2    -2     3     2     0    -3    -5    -2    -3    -2 
    0    -4    -4     0     0    -4     0     6    -2    -2     0    -4 
    0     2     6     0     0    -6     6    -6     6     8    -4    -6 
    6     4     0    -2    -2     4    -6    -6    -6    -4    -2     0 
    1    -1    -1    -1    -1     1     1     1     1     1    -1    -1 
    0    -4    -2     4     4     4    -6    -6    -6    -6     0    -8 
   -3    -6     4     6    -9    -2    -6     3    -3    -2    -7    10 
   -7     2     2   -10    -5    -2     2    -7    -1    -6    -3     2 
    1    -1     1     1     1     1     1     1     1    -1     1     1 
  -10     2   -10     6     6    10     8   -10    -2    -6     6   -10 
  -10    -4    10     0   -10    -8    -4     2    -2     0    10    -8 
   -6    14    -6    12     2     6     0     6   -14   -10   -10     6 
   12    10     4     6    -4    -6     6    -6    10   -14   -12    -2 
  -13    14    12     8    -7    -2   -10    -7    -3    -8     1    -6 
   14    -4     4   -12    -2    -4    -4    -4   -12    16   -14     4 
   -6     6     4     2     2     2     0    12     8    -8    10   -14 
   -3    10    -2    -4    -9   -10     6   -15    -1     8    -7    -2 
    8    10     2     0     0     6     2    -4     4     8   -16   -10 
   -1     4   -16    -6   -11     4   -10    -1   -17    -4   -11     8 
  -12   -12    12   -20     0    12    12   -18   -18     8    -4   -12 
   -3   -14    16     8   -17    10    -6    15     3    -8   -17    -2 
    2   -12     2     8    -2    -4   -10    -4     0   -10   -10     8 
    2   -14    12   -14     6   -18     2     2   -18    10    10    18 
    9    -6     2    -6    19    14    -6     9    11   -10    13     2 
   -6     2   -12    14    -6    18    -6   -12     8   -12    14     6 
    2   -14     6     0   -10    -6   -10    14   -14    12    -6    -6 
  -16    14     4    -2     8     6     8    -4     4   -16    -8    22 
    6   -10    14   -16    14   -14     0     6    -6    -8     2   -10 
   -3    22    -2     0     5    -6     0   -21    -3    16     3    -2 
   -3    22   -18    -2   -17     6   -18    -9    -9    18     7    -6 
  -18    -4   -12     6     6    -4     0     6    -6   -20    -6     0 
  -10   -12     0    -8     2    -4   -16    -4    -4    20    14     0 
   -1    20   -18     8   -17     8    -4    -7    11    18   -15     0 
  -16     4    24    20     0   -20    20    20    20   -14    16   -12 
   11    -4     8   -10    25     0   -10     5    23    -4   -17    -4 
  -19    -6    10    10    15   -10   -22   -25    19     6    -1    10 
   -6   -20    12    12   -18   -20    24     0     0     4    18   -12 
   -6    -2    16    12   -18     2   -18    12   -12    24    -6    -2 
    0   -12   -24   -12   -12    24     0    -6    18    26     4    24 
    0   -18   -16   -14    16    -6   -24    24   -12    -8    -4   -22 
   -4    -6    12    14     4    -6    14    14     2    -8   -16   -18 
    5     2    22     6    -9   -10    14     5    -1    10     1   -14 
   -6    24    -6   -24     6    16   -18     6   -10     2     6   -24 
  -21    -6   -18    -6   -21   -10     6   -15   -13    12     5   -18 
   14   -14   -28     8   -22    -2    14   -22   -14   -28    10   -22 
    5   -20     4   -12    23    -4    20   -19   -23   -20    -1     4 
    0   -12   -12   -24   -24     4    30    24    24   -18    -8    12 
   12   -16     8     8     8     8    -6   -12    12    -6     0     8 
    6    20   -12    12     2   -28   -24    12     4   -24    22    24 
    6   -16   -12     0    10   -24     0     6   -14    24    -2     0 
   -9    -8    24   -16   -11     8   -24   -27   -19     0    21     0 
   30   -12    -2     0    30   -32    24   -12    -4   -26   -10    28 
   -1     6    22    10   -25   -22   -22    -7   -21   -32    17    10 
   26   -30   -10     0    10     2     8   -28   -24   -26    10   -22 
  -18   -22     0    -6   -26     6     6     6    26   -20    -6    -6 
    6    -6    18    -6   -26   -22    18   -12    20    18     6    -6 
   -7    18     4   -14     1    30   -10     5    27    -8    23    10 
  -12    18   -12   -22   -12    10   -18     0    -8   -18     4     6 
   -6   -22    18    -8   -18    -6    24    -6    -2    18    34   -30 
   26    24    -8    -6    -6    28   -10     8   -20    -8   -10    -8 
    8   -28   -12    -8   -28    28    20   -22    22   -18    24   -12 
   14   -22    22   -22    18   -34   -10   -34    22   -14    10    -2 
  -13   -10     2    34   -31     2   -22   -13   -17    14   -23     2 
   -3   -12     0   -12    13   -12     0    33   -17   -18    19    12 
   12   -12    12     2    12    24    -6    24    16     0     4    12 
   18    24    32     0   -10     0    24   -30   -22   -12     6     8 
  -15    24     0    12    17     0   -36    15   -13    -8    33     0 
   20   -10     6    24   -16    22   -16     2    -2    20    -4   -18 
   -4   -22    24    22    32   -30   -10    20    32   -22    -4     6 
   -4    -2    14    24    24     6    -4    -4    -4    10    -8    14 
  -16    20     0    16    -4   -20   -16    20    24    34   -24   -36 
   11    -2    -6     6    11    -6     8   -31    15    26    29    30 
   12    -6    18    -6     4    10     6     0   -28   -24    24     6 
   27   -30    18   -24    11     6     0    -9    35    -6   -13   -30 
    0     0    18    38   -12   -24    24    36   -32    34   -32    12 
  -30    30    18   -14     6   -14    30     6   -26    22     6   -18 
   26     6    14    -2    -2   -26    38    14   -10    -6    30   -10 
   35     6    34   -22    -7   -10     2     5   -19     6     1    10 
  -33    -4     2   -24    -9   -40     0   -15   -21     2     9    32 
   21   -40     0    12    -3   -16   -24   -21    -9    40   -35     0 
   18   -20     4   -24    26    20    24   -30    -2   -12   -34     4 
  -27   -12     0    36   -19    -4   -24   -39     1   -28    -3     0 
    3    30     2   -38    27    30   -18    15    15     6    11    14 
  -12    10     6    -2   -12   -30    18   -30   -18   -18    36    -6 
  -19     6    10   -22    23     2    26    17   -29   -22     1   -26 
  -28    -2    32    10     0   -18    26   -28     4   -16   -32    26 
  -22   -16   -30    16     6     4     8   -16    -4    14   -30    24 
   -4   -24     0   -12   -12   -16   -40    14    14    -8    16    24 
   -7   -28   -20   -28   -23   -16   -16    29    -1     6    15    16 
   29    -2    -8     6   -19    22    32    17   -19     8    13    22 
    3    20   -28   -12    33   -44   -36    -9     3     4    25    -4 
  -36   -14    -8    16   -24    -2     6    18     6    -4   -24    10 
   -4   -10    16     4   -16     2    14    32   -36    16   -20   -26 
   -4    -4    -4    20    40    -4   -40    -4     0    -4    -4   -28 
  -34   -34   -14   -10   -30    -2   -34    38    30    18   -30   -38 
   20     2     2    -6   -16    18   -34    38    18   -22    20     2 
  -37    28    -8    -2    33     0   -34     5    -9    40    -1   -20 
  -37    20    -4    -8    27   -20   -28    35   -27   -18    -3   -28 
  -18    -6   -46    22   -18    14    18    -6    46    16   -22    14 
  -12   -30    14    36    36   -22    36   -42    22   -14     0   -22 
  -42     0    30   -46   -26    24   -12    24     0    30   -22   -36 
   -3    42     6     6    -9   -10    30    15   -21    10    -9    42 
  -22    32     0    22    22    36   -46   -34    30    -4   -34   -24 
   23    32    46    20     5   -44    44    11   -15   -32   -29   -32 
  -21    20   -16    -2    33   -44    18    -9    -9    36    17   -16 
  -24    32    40    24     4    -4    24   -24    24    -6     4     4 
  -34   -26    -6   -22    -2    42     2     2   -18    34    -6    -6 
    2    16    36   -38     2    24    20   -16   -12   -36   -34    24 
   21   -14     2    -6    39     6    30    21    41    -2    23    14 
   -9   -42    38     6    21   -38    -6   -33   -37    10    -3     2 
   20   -40    40    44   -16   -36   -28    14     2   -22    20   -20 
   20   -38   -20   -38   -28     6    20   -34   -10    24    16    -2 
  -33   -42   -10    10    45    18   -42    33     5    -2   -35    38 
   45   -14     2   -46    -1   -18   -30   -33    35   -10    -1    26 
    3    42   -38   -26   -21   -18    -6    -3    41   -14    35   -26 
   -6   -16    12   -18   -18   -24   -24     6    14     0   -18    24 
   12    12   -12   -14   -24   -48   -30   -18    10    24   -44   -36 
   12    36    -6   -44    36   -40    36     0    -8    24   -20   -12 
  -19    22   -10    -4   -19    10    -4   -25     1   -44   -29   -10 
   26   -14     2   -28   -38   -10     8   -10    10    16   -26   -22 
   24   -36    28   -28    -8   -12    36    48   -40    36   -24   -44 
  -36    -8    12    12    -8   -24     0   -24     8    12    -8    24 
  -36    16     2   -40    20    32   -30    12    16   -26     0    20 
   27    18     8    18    -7    14   -30     9     7    46    39   -22 
   -1   -10    22     4    -1    10   -40   -25    43    -2   -41   -26 
    8    10   -34    34    24    26   -10    26    46    16   -44   -10 
   20   -16    -2   -40   -20    20    20    20     4   -20    -4    40 
   20     0    36    50   -40    20   -34    20   -32     4    -4    48 
    6    28     0   -26    -6   -12    -6   -12   -12    12    30    48 
  -21   -36     4    36    11     8    24     3    33    42   -51    40 
   23   -44   -10   -24    31    24    32   -31   -13   -14   -31    32 
   50    20     4   -48     2     4    32    14   -10    28    26    40 
   38   -40    52   -22    38   -16   -28    14    10   -28   -22    16 
   11    14    22    -6    19   -38   -22    17   -11    22   -13    34 
  -48   -42    30     0     0   -10    24     0     0   -12   -40    30 
    9   -32   -48   -44    11    32   -30    27   -39    30    37    36 
    0    -6   -18    10    20   -30    42     0   -36   -42   -32    18 
    0    22     6    46   -24   -50     6    30    30    -6    48     6 
   -4    -4    50   -24    -4   -16    -4    14    10   -26    32   -52 
  -13   -28    -4    -4   -39    20   -40     5    13    40    41    -4 
   21   -20    -4   -20     5   -20    12   -15    -7   -36   -27    32 
  -48    22   -16    24    24    22   -42    12   -28    36    -8   -22 
    3   -40    40    40    25    24     0     9   -17   -28    15   -56 
   36   -48   -32    28   -32    24    24    54    22     0    12   -32 
   14    28    -8   -38    22    44   -16   -46   -46    -8    38   -20 
   -4   -18    14   -22   -12   -46    50    14   -10   -46    16     2 
   20     4    -4   -52    28     4    -4    44    36    -4     4     8 
   20    22    -8   -44    36   -26     2   -16    24   -20   -52   -14 
  -10    32    44    40   -30    -8   -28   -28   -28   -28   -10    32 
  -46    28    44    20   -10   -52    -4   -52    -4    -4    26   -28 
    6   -12     0   -20   -30    44   -24    54    30   -24   -30     0 
  -54   -48    52   -24    26   -16   -24    24    24    48   -54    40 
  -16   -22   -36   -26   -16    38   -16    38    14    16     4   -18 
   20   -44     0    -8    -8   -24   -52   -34    50   -26   -52     0 
  -18    22   -10   -42    18     6   -36   -24     8   -22   -38    26 
   36   -12    42   -24    16    16    12   -24     8     8   -24   -24 
   57     8     2    26   -39   -24   -24    -9   -33    -6     1     8 
  -39    48   -42    30   -15     0   -12    15   -33    -6    17    24 
    8    38   -34    -2   -12    -2    14    38   -10   -50     8   -10 
  -13   -22    -8    22    27    58   -52   -37    55    24   -21    34 
   32   -32   -12   -24    16     4     8   -16   -56    -2    32    12 
  -21    30     6   -28   -53    18   -12   -27     3   -28   -43     6 
  -42    60    16   -16    34    12   -42    12    24    -6    38     4 
   20   -18    -4   -34    -4   -54    -4    26    -2   -48   -52   -46 
   20   -24   -20   -44    36    12    20     2   -50   -38    40   -20 
   20    34     2    56   -44    50    44   -40    16   -16    -4    26 
   20    34   -22   -56    44    10   -28    50   -14    56   -20     2 
  -45   -44    -4   -12    33    36   -36    51   -25    36    57    -4 
  -15    44     4   -24   -39   -12    24   -57    -1    28    33   -20 
    0     8     0   -18    32    40   -42     0     0   -24     0    12 
  -12    30     2   -60    20    10    -6   -60    12    36    -4   -46 
  -46   -24    12   -20    10    16    14   -34    18   -46    30    24 
  -46    -4     0   -20   -10   -36     2    14   -54    14    58   -36 
  -55    -4    20    52    27    28    -4    -7   -35     8    -5    20 
   35   -16    -4   -52    43     0   -16     5   -35    28    43   -40 
  -51    30    -8    22   -33     2    30    27    21    30    33   -26 
  -33   -14     6   -36    -1    30   -12    15     3   -54    15    42 
    8    16   -56   -12    48    52   -52    32   -40    10   -16     4 
  -37    18    32    -2     3   -22    44   -37   -49    24     3    26 
    5    10   -62   -34    21   -10     2    35    -1    26   -19   -26 
   -4    24     4    22    -8    16    32    -4    -4     0   -24    40 
   39   -42   -48   -54    31     6   -60    51    15    40    -9   -18 
   60    46    54   -24    -4    46    -6     6     6    56    12   -42 
    2   -46   -66    18    18    -2   -10   -22   -50   -16    62   -42 
   65    28    14   -52   -37   -44   -58   -19    37     6   -45   -52 
   32   -42    46    14     4   -58    14    32    16   -10   -28    22 
   41    -6   -32    50    25    30   -22     5   -53    40    55   -38 
   36   -44    12    12   -28   -60   -36    60     4   -12    12   -48 
   60   -32   -28   -48    12   -16   -36    -6    46    36    20    56 
  -25    12   -20   -28    -3   -28    20    47    19    20    29     4 
  -43     4   -28    -8   -43    -4     8   -49    31   -44     5    20 
   -9   -54    48   -12    53    18     6   -27     9     8    45   -18 
  -30    28   -60    12    62    60   -36   -30    -6    12   -42    12 
  -40   -32   -10    54   -16    24   -40    14   -50    34    52    20 
  -49    14   -10   -58    37    10    26    65   -35    22   -27    14 
  -10    52     4    34   -26   -44    56    -4    64    -8   -46   -20 
