1 0
100
    1 
  960 
   10 
    1 
    1 0 
  960 
  -37 22 
    1 0 
  -52 -52 
   -1 2 
  288 

   -1 
   -1 
   -1 

    0 
    0 
   -2 
   -6 
   -2 
   -2 
    8 
    8 
   -6 
    2 
    2 
   -6 
   -6 
    4 
    4 
    6 
    6 
   10 
   10 
   10 
   10 
   -4 
   -4 
  -16 
  -16 
  -14 
  -14 
   14 
   14 
   -8 
   -8 
   18 
   18 
   18 
   18 
    6 
    6 
  -10 
  -10 
    1 
   12 
   12 
    4 
    4 
    2 
    2 
   -6 
   -6 
    8 
    8 
   10 
   10 
   18 
   18 
  -12 
  -12 
   30 
   30 
  -14 
  -14 
    2 
   18 
   18 
  -22 
  -22 
  -10 
  -10 
  -24 
  -24 
   30 
   30 
   -2 
  -22 
  -22 
   10 
   10 
   -6 
   -6 
   -6 
   -6 
   10 
   10 
  -30 
  -30 
  -24 
  -24 
  -38 
  -38 
   34 
   34 
   22 
   22 
    2 
    2 
  -20 
  -20 
  -14 
  -14 
   26 
   26 
