1 0
200
   -1 
    0 
    8 
    1 
    3 0 
   12 
  147 -88 
    0 1 
  -44 -220 
    3 0 
   -1 

   -1 
   -1 
   -1 
   -1 
    1 

    0 
    0 
    1 
    2 
    1 
   -1 
   -6 
   -4 
    4 
   -6 
   -4 
    6 
   -2 
   -8 
    4 
  -12 
  -10 
    0 
    8 
   12 
   -2 
    0 
   10 
   12 
    2 
   14 
  -14 
    6 
   18 
  -12 
    2 
    2 
    2 
  -10 
   18 
   -8 
   12 
   -2 
   10 
  -10 
   -8 
   12 
  -24 
  -20 
  -12 
    2 
   -2 
   -8 
  -28 
   -2 
   -4 
  -14 
   -6 
   -8 
  -16 
  -12 
   22 
  -22 
  -28 
   14 
   -2 
  -22 
   -2 
   -4 
   28 
    6 
    2 
   12 
  -24 
  -20 
    0 
    2 
  -16 
  -10 
  -34 
   30 
   30 
   12 
    4 
  -28 
    2 
   -8 
  -20 
  -16 
    4 
  -24 
  -20 
    0 
   12 
    2 
   22 
   36 
  -14 
  -36 
   20 
  -30 
   36 
  -20 
  -30 
  -20 
  -40 
  -32 
   32 
  -22 
    6 
   26 
   16 
  -36 
   24 
    2 
  -26 
  -16 
  -30 
    6 
    8 
  -28 
  -30 
  -18 
  -28 
  -18 
    0 
   12 
   28 
  -30 
   28 
   20 
   42 
  -14 
  -24 
  -18 
   44 
  -16 
   42 
   24 
  -26 
  -24 
   -2 
  -20 
  -48 
    6 
  -18 
   -6 
    8 
  -16 
   38 
  -20 
  -48 
   24 
  -46 
  -34 
   52 
  -16 
   44 
   48 
  -28 
  -18 
   16 
   28 
    4 
   28 
  -42 
    6 
  -32 
    8 
  -48 
   18 
   42 
  -52 
   -2 
  -46 
    0 
  -18 
   44 
    6 
   44 
   54 
   44 
  -12 
   26 
   26 
  -30 
   40 
   -8 
   40 
  -50 
   24 
   24 
    4 
   46 
  -40 
   14 
  -28 
  -66 
   32 
   56 
   12 
   18 
  -50 
   22 
   26 
