1 0
200
    1 
  -12 
    4 
    1 
    1 0 
  -12 
 -125 -2 
    1 0 
  132 -252 
   -1 2 
   -3 
    0 
    0 

   -1 
   -1 
    1 
   -1 

    0 
    0 
    4 
   -1 
   -2 
    0 
    8 
    4 
    2 
   10 
    6 
    2 
   -2 
    2 
    6 
    6 
    6 
   -2 
    6 
    6 
    8 
    4 
   -6 
    0 
  -12 
    6 
    2 
  -18 
  -10 
    6 
  -20 
    6 
   -6 
  -10 
  -10 
   -2 
  -18 
    4 
   14 
  -14 
    2 
   18 
   22 
  -26 
    1 
    2 
   22 
  -18 
   12 
    8 
    6 
    6 
  -14 
    6 
  -18 
  -20 
    2 
   -6 
   -2 
  -22 
   -6 
   -2 
   -6 
   -8 
    8 
    2 
  -30 
  -24 
   -6 
    2 
  -26 
   10 
  -34 
   26 
   -2 
  -30 
  -18 
   -2 
   -6 
   -2 
   10 
   -6 
   12 
   -6 
  -26 
  -12 
    6 
   22 
   10 
   34 
    6 
   16 
   -2 
  -18 
   12 
  -34 
   -8 
   22 
  -14 
  -30 
   34 
   34 
  -18 
   30 
   -6 
  -34 
   18 
   10 
   20 
   -6 
   26 
   -6 
    6 
  -10 
   20 
   30 
   10 
   30 
   30 
  -34 
   10 
  -40 
    2 
   -2 
  -30 
   -4 
  -22 
    6 
   26 
   18 
  -38 
   -8 
    6 
  -28 
   10 
   -2 
   10 
   10 
  -26 
    6 
  -10 
   22 
    2 
   36 
   -4 
  -12 
    6 
   24 
  -18 
   50 
   20 
  -30 
   32 
   22 
   12 
    0 
  -26 
  -30 
  -48 
   28 
  -34 
   54 
    6 
   24 
  -28 
    6 
  -42 
    4 
   18 
   58 
   62 
   30 
  -50 
  -24 
   22 
  -30 
   26 
  -12 
  -48 
   26 
  -30 
   48 
  -46 
    6 
  -34 
  -18 
   18 
    2 
    2 
  -58 
  -22 
   56 
  -30 
  -16 
  -42 
   54 
  -48 
   22 
   50 
   26 
