14 4
25
   -1     1    -1     1     1    -1    -1    -1     1    -1    -1     1     1     1 
    0    28     0    40   -32     0     0     0    48     0     0   120    24   -12 
   14    14    14    10     8     8     8    12    12    12    10     6     6     6 
    5     1     1     1     1     1     1     1     1     1     1     5     2     1 
   -1 4     1 0     5 0     1 0     1 0     5 0     5 0    -1 4     1 0    -1 4     5 0     1 0     1 0     1 0 
   40    28     8    40   -32    16    48     8    48     8    16   120    24   -12 
 -117 48  -117 48  -117 48  -117 48  -117 48  -117 48  -117 48  -117 48  -117 48    67 -42  -117 48  -117 48  -117 48  -117 48 
    1 0     0 1     1 0     0 1     0 1     1 0     1 0     1 0     0 1     1 0     1 0     0 1     0 1     0 1 
 -352 144   -32 176  -352 144   -32 176   -32 176  -352 144  -352 144  -352 144   -32 176    32 -176  -352 144   -32 176   -32 176   -32 176 
    3 0     3 0     3 0     3 0     3 0     3 0     3 0     3 0     3 0     3 -2     3 0     3 0     3 0     3 0 
    5     6     2     6    -6     2     3    -1     4     1     1    30     4    -2 

   -1     1     1     1     1     1    -1    -1    -1     1     1    -1    -1     1 
   -1    -1     1    -1    -1     1    -1     1    -1    -1    -1    -1    -1     1 
    1     1     1     1     1     1     1    -1    -1    -1    -1    -1    -1    -1 

    0     0     0     0     0     0     0     0     0     0     0     0     0     0 
    0     0     0     0     0     0     0     0     0     0     0     0     0     0 
   -1    -1    -1    -1    -1    -1    -1     1     1     1     1     1     1     1 
   -4    -4    -4     0     2     2     2    -2    -2    -2     0     4     4     4 
    2     4     6     2    -2    -2     6    -2    -2     6     2     2     4     6 
    0     0     0     4    -6     2     2    -2     6    -2    -4     0     0     0 
    4    -4     4    -4     8     0    -8     0     8    -8    -4     4    -4     4 
    6     8    -6     2    -4     4    -4     4    -4    -4     2     6     8    -6 
    2     8    -2    -6     2     2     2    -2    -2    -2     6    -2    -8     2 
  -10     6     6     2     0     0    -8     0     0    -8     2   -10     6     6 
   -6     0    -2     2     6    -2   -10     2    -6    10    -2     6     0     2 
    2     0     6     2     6    -2   -10     2    -6    10    -2    -2     0    -6 
    2     2     2     6     8    -8     0    -8     8     0     6     2     2     2 
    4     0   -12     8     6    -2    -2     2    -6     2    -8    -4     0    12 
    6     4     2     6    10    -6     2    -6    10     2     6     6     4     2 
   -4    12     4     4   -12     4    -4    -4    12     4    -4     4   -12    -4 
   -6    -6    -6     2     6     6     6     6     6     6     2    -6    -6    -6 
  -12     8     4    12    -4   -12    -4    12     4     4   -12    12    -8    -4 
   12     8     4    -4     8     0    -8     0     8    -8    -4    12     8     4 
    0     8     0     8    -4    -4    12     4     4   -12    -8     0    -8     0 
    0    -8   -16     8    -8    -8     8     8     8    -8    -8     0     8    16 
  -16    -8     0     0    -8     8     8    -8     8    -8     0    16     8     0 
   -4     8    -4    12    -4    -4    12     4     4   -12   -12     4    -8     4 
   -8    -8    -8     8     4    12     4    12     4     4     8    -8    -8    -8 
   12     8    -4    -4   -16    -8     0     8    16     0     4   -12    -8     4 
