12 0
25
   -1     1     1     1    -1    -1    -1    -1    -1     1    -1     1 
    0    14     0   -16     0     0     0     0     0   -16     0    18 
   14    14    12     8     6     6    14    14    12     8     6     6 
    1     1     1     1     1     1     1     1     1     1     1     1 
    3 4     1 0     3 0     1 0     5 0     5 0     5 0     5 0     5 0     1 0     5 0     1 0 
   16    14     8   -16    12     8     4     8     4   -16    16    18 
   99 6   107 -64   107 -64   107 -64    99 6    99 6    99 6    99 6    99 6   107 -64    99 6   107 -64 
    1 0     0 1     0 1     0 1     0 -1     1 0     1 0     1 0     1 0     0 1     1 0     0 1 
  320 -192   -32 -160   -32 -160   -32 -160    32 160   320 -192   320 -192   320 -192   320 -192   -32 -160   320 -192   -32 -160 
    3 -2     3 0     3 0     3 0     3 -2     3 -2     3 -2     3 -2     3 -2     3 0     3 -2     3 0 
    3     2     1    -3    -1    -1     1     3     1    -3    -1     3 

    1     1     1    -1     1     1    -1    -1     1    -1    -1    -1 
    1    -1    -1     1     1     1     1     1    -1    -1     1    -1 
    1     1     1     1     1     1    -1    -1    -1    -1    -1    -1 

    0     0     0     0     0     0     0     0     0     0     0     0 
    0     0     0     0     0     0     0     0     0     0     0     0 
   -1    -1    -1    -1    -1    -1     1     1     1     1     1     1 
   -4    -4    -2     2     4     4    -4    -4    -2     2     4     4 
   -2     2    -4    -4    -2     2    -2     2     4     4    -2     2 
    0     4    -2     2     0    -4    -4     0     2    -2     4     0 
    2    -6    -6     6    -2     6     6    -2     6    -6    -6     2 
    4     4    -4     4    -4    -4    -4    -4     4    -4     4     4 
    2     2    -8     8    -2    -2     2     2    -8     8    -2    -2 
   -2     6    -8     8     2    -6     6    -2    -8     8    -6     2 
   -4     0    -6    -6    -4     0     0    -4    -6    -6     0    -4 
    8    -4     6     6     8    -4    -4     8     6     6    -4     8 
   -6    10    -8     8     6   -10    10    -6    -8     8   -10     6 
    8     4    -6     6    -8    -4    -4    -8     6    -6     4     8 
   -2    10     4     4    -2    10   -10     2    -4    -4   -10     2 
    6    -2   -10   -10     6    -2    -2     6   -10   -10    -2     6 
    2     6     2    -2    -2    -6     6     2     2    -2    -6    -2 
   -4    -4     8    -8     4     4     4     4    -8     8    -4    -4 
   -8     0    16    16    -8     0     0     8   -16   -16     0     8 
    0    -8     0     0     0    -8     8     0     0     0     8     0 
  -12    12    -8    -8   -12    12   -12    12     8     8   -12    12 
    8    16     0     0     8    16   -16    -8     0     0   -16    -8 
   -8   -16     4     4    -8   -16    16     8    -4    -4    16     8 
    0     8   -12   -12     0     8    -8     0    12    12    -8     0 
   12   -12    -4     4   -12    12    12   -12     4    -4   -12    12 
