3 0
25
   -1    -1    -1 
    0     0     0 
    8     6     6 
    1     1     1 
    1 4     3 4     3 4 
   24     8    12 
 -137 34  -137 34   131 22 
    1 0     1 0     2 0 
    0 -240     0 -240   240 -120 
   -1 2    -1 2     3 -2 
   -1    -1     2 

   -1     1    -1 
   -1    -1    -1 
   -1     1     1 
   -1    -1     1 

    0     0     0 
    0     0     0 
    0     2     2 
    1    -1    -1 
    2     0     4 
   -6    -4    -4 
   -4    -2     8 
    4    -2    -4 
    1     1    -1 
   -2    -2    -6 
    6    -2    -2 
    2     2     2 
   -2    10    -6 
   -4     6     2 
    4     2   -10 
   -4    -2    12 
   -8     6     0 
    4     2    -2 
    4   -10     2 
   10    -8    -8 
    6    -8     8 
    0     4    -4 
    4    12     8 
   -4    -6   -12 
   -4   -18   -16 
