7 9
200
   -1    -1     1    -1    -1    -1    -1 
    0     0    56     0     0     0     0 
   14    14    14    12     8     5     8 
    1     1     1     1     1     1     1 
    5 0     5 0     1 0     5 0     5 0     5 0     5 0 
  112     4    56    60    52    16    16 
  -93 -28   -93 -28   -93 -28    -5 74   -93 -28   -93 -28   -93 -28 
    0 1     0 1     0 1     0 -1     0 1     0 1     0 1 
 -224 140  -224 140  -224 140  -224 140  -224 140  -224 140  -224 140 
    3 0     3 0     3 0     3 -2     3 0     3 0     3 0 
  -22     2    22     1    -1    -2    -4 

    1     1    -1    -1     1     1    -1 
    1     1     1     1     1     1    -1 
   -1    -1    -1     1    -1    -1    -1 
   -1    -1    -1    -1    -1    -1    -1 

    0     0     0     0     0     0     0 
   -1    -1    -1    -1    -1    -1     1 
    0     0     0     0     0     0     0 
   -4    -4    -4    -2     2     5     2 
   -2     1     5    -1    -5    -2    -4 
    4    -2    -6     4     4    -5     0 
   -2     4    -8    -4     4     7     4 
    0     3     3    -1    -3     9     0 
   -6    -9     3    -7     9     3    -6 
    6    -3     1    -3    -3    -3    -2 
   -4     5    -3     9    -1    -4    -6 
    6     0    -4     0     0    -3   -10 
    1     1     1     1     1     1     1 
   -2   -11     5    -3     1    -2    -4 
   -2    -5     7     9   -11    -2     4 
    6    -6    -2     2     6   -12    -2 
    8     2     2     6     2     8     2 
  -12    15    15    -3    -9   -12   -12 
   12    12    -8    -2    -6    -6     4 
   -4     2   -10     0     8    -4     8 
   -2     4   -12     6    -2   -11    12 
   -6     6     6    10     6   -15    12 
    0     9   -11   -13   -15     9    16 
   -4     2    -6     0   -16    -4   -12 
   -8    19    11   -15    -5   -17    -4 
  -14    -2    -2    18   -14    -5    -2 
    4   -17    -1     3    13   -14     2 
   -6     9    -3   -19   -21    12     6 
   12     6    -6    -6    18    -6    -6 
   -2    22   -14   -16    -8    16     4 
  -16    -4     4     4    -4     2    16 
    6     3    19    -3   -21   -12    -2 
   14   -10    -2     6   -22    14    -2 
   10   -14   -22     8    -8    10   -10 
   12    -9    11   -15    15    12     2 
   20    -4    24   -16    -4    20     0 
    2    -4    12   -16   -16   -16   -12 
    8     8    20   -10     2     8     8 
   -4     8   -16   -14   -10    -4   -16 
    6    -3     1    23    15   -21    10 
   12   -21   -13     9   -21   -15    -4 
    4     7   -21     3   -23    -5   -12 
  -12     0   -16   -12    12     6   -16 
   -8     4    -8    16    -8   -26    -8 
   12     6   -22    -4   -24     3     2 
    6    -3    17     5    27     6   -10 
    2   -13     3   -15    -7    11     6 
  -14    -2   -22   -18    10    -5   -10 
    8    20    20    16     8   -19   -28 
  -20    22    22    16    -8    -2   -20 
   12     0   -12    -6   -18    -6    -6 
   16     4   -24    10   -14   -29    18 
   -8   -20    -8     6    22    10    -8 
   12    15    -9     5   -15    -6     0 
   24   -18    26     4    24   -12   -16 
  -30   -18     6    16    12    24   -12 
   26   -10    10    -8   -16   -19    -2 
    2   -28   -12   -10     2     2   -18 
  -28    20    20    10     2    26   -22 
  -10    -7    -7   -25    -7   -10   -10 
  -24    12   -16     4    24     3   -22 
  -24    33    -3     7   -15    12    18 
  -18     6    -6   -24    24   -18    30 
    4   -32     8     8   -20    13     8 
  -28    26    -6    14    14    17    24 
   -2    10    22   -18    22   -20   -14 
    2   -10   -18   -26     2    20    -6 
    8   -28    12    -2   -10   -19     0 
   -8    22    10   -18    10    -8   -32 
  -24   -24     0    16     0    -6   -24 
  -24    21   -27     5    15   -24     0 
   26     2    10    34   -10   -28    -2 
    4   -17    19   -19    -5     4   -14 
  -22   -34    38    16    -4    -4   -10 
  -16     2    18    28   -16    11    24 
   -6    24     0    -4    12    30   -12 
  -30   -30    -6   -30   -30    15    30 
  -38     4   -24    16     4    16     6 
  -14   -20    36   -30    22   -14    -6 
   22    -2    -2   -14    10   -14    34 
   -2    -8     8    38    -2   -29   -10 
  -26   -20    32     4    -8    10    14 
  -18   -12    12   -34    30     0   -36 
   24     3   -13     3     9   -21   -16 
  -12     6   -10    34    -6     6   -28 
  -20    37     9    21   -41    16   -12 
   18   -39     1    25    33     9   -14 
  -10     8    24    30    26   -28    -6 
   26    38   -10    22     2     8    38 
   40    -8    12   -26    -2    13    18 
   22   -32    -4    -4    -8    -5    -4 
   -8     1    -3    -1   -11     1   -24 
   -8   -23   -23   -13   -17   -44    16 
   28    -2   -18   -30   -26    -8    24 
  -28   -22   -42    -2    26   -10    36 
    4     7    -5   -13   -23     4   -44 
   -4    29    25    17   -13   -31    28 
   -4    -4    36    28    44     5   -12 
  -10   -10   -22   -12   -16     8   -34 
    2    38   -34     4    20    11    14 
   28   -38    10   -28    16   -35    -8 
   44    20     0    32   -28   -28    24 
   30    12    12   -12     0    21   -42 
    2    38   -10    18    14    38    14 
   -2    10    46    -6    46   -20    10 
    2    -7     5    35    11    29   -22 
   28    10   -10   -44    -8   -17   -16 
    2    -7    33   -11   -31   -16   -36 
  -32   -44   -36    12    28   -41    24 
  -36   -33    11     3    15    36    32 
   10   -44    16    -8   -20   -44    22 
   16   -29    43   -17   -23    34    10 
  -30   -24    32    -6    18     6     2 
   30    24    -8   -38    30   -24   -38 
    4    -8   -24    20    28     4    24 
  -28     8    20   -20     8    26   -40 
  -46   -13    23    45     5    26   -46 
   30    33    21    27   -45     3    18 
   42   -27   -31    17   -15    42   -34 
   16   -14    18     6    34    16    42 
   24   -30    -6   -32   -12   -12   -48 
  -26   -20    20     0    -8    10    44 
  -26   -29   -37     1   -17    10   -10 
   10    -2    14   -34    34   -26   -34 
  -36    24     4     8   -36   -18     4 
   12    12    12    22    -6   -24    12 
  -46   -22     2   -14   -46   -19   -34 
  -24   -15   -15     5   -21    48    -6 
  -26   -50    38    36    28    10   -10 
   38    32    28   -36    20    -7    22 
   10    13   -11    33    13    10   -20 
   40    34    22   -14    -2    31    -8 
    8   -40   -16   -52    -4    -1     8 
  -48    33   -31   -17    51    24   -40 
    2   -16   -20   -22     2    11     4 
    8    32    32    22    38   -28     8 
   16    34    26     2    -2    -2   -22 
   22    13    17   -35    13   -23   -10 
  -22   -25   -45   -45   -19    -4    54 
   44   -22     2     6     2    35   -22 
   30   -33    15     9   -15    30     6 
    6   -24    -4   -38    30   -57    38 
  -26   -56    28    26   -38   -17     4 
  -44     4    16   -40   -20    28    16 
    8    44   -36   -24   -16   -19   -12 
   32   -52     4   -52   -28   -49   -20 
  -40   -31   -51   -27    -7    -4   -24 
   48   -48     0    56    48   -51    24 
  -52   -34   -34   -18   -22     2   -22 
   46   -38   -34   -12    -8    -8   -34 
   40    49    21   -11    31   -41   -36 
  -40    -7    49   -45    -7    41   -44 
   12    18   -26   -50   -42    12   -44 
  -36    30   -14    32   -36   -36    52 
  -12   -48    20   -24     0   -12     8 
  -44    43    35   -23   -11    46    56 
   -4   -10   -30    -4   -28    32    48 
  -20     7    27    55    19   -20     0 
   54    15    55   -57     3   -36    28 
  -34   -28    36   -12    -4     2    36 
   -6   -24    24   -36    12    -6    42 
   -2    58   -34   -40    28    34     2 
  -50    10     2     8     4    22   -22 
  -12    42   -30    12   -48    60   -24 
  -32    40   -40   -52     4    22    32 
   -2    -2    14     2    22    34   -10 
    8   -52    12   -32    -4    26    18 
   52    -2    50    -8   -20    52   -40 
   48     3   -17   -53    15    48    16 
    6     9    37     9    -9   -30    22 
   30    -6   -30    10    30   -24     6 
    4    34    42    20    40    22    60 
  -36   -60    44   -52     0    36   -52 
  -48   -21    23    57     3    24   -40 
   -6     0    44     6    18    48    20 
   52   -26    10    30    46   -11    10 
  -40    44    16   -28    20    59    34 
  -44    34    -2   -52    40   -62     4 
   44   -10   -62    34    62    26   -20 
  -56   -14   -54    10    46   -38    -6 
   22    -2    42    62   -38    22     6 
  -20    19   -37    33   -11   -56   -64 
    4    -2   -10   -28   -44   -50    32 
    2    29    49    13   -43    38    22 
   16    10    42    54    34    34   -30 
   36   -24    56   -40   -12    36     8 
  -18     6    26   -44    24   -27    20 
   34     4    16    -2   -62    25   -26 
  -58    29   -11    43   -37   -13    -2 
  -30   -54    -6     6   -30   -12     6 
  -60    24   -36    50   -18   -33    18 
  -48    -9    27   -13    33   -21    60 
  -60    48   -56    60   -60   -24    52 
   44   -40     8     6   -10    26    -4 
   -4    32    28   -30   -22    14     4 
  -56   -53    51   -59   -17   -20   -12 
   12     0    44    30   -42    66    -4 
   14    -4     4    16    -4   -22    34 
  -14    -2    46   -34   -26    22   -14 
   -8   -41    -1    19   -59    10   -46 
