2 0
100
   -1     1 
    0  1728 
    3     3 
    1     3 
   -1 4     1 0 
 3456  1728 
    7 17   -27 -13 
    1 0    -1 0 
   54 27    54 -27 
    3 -1     1 -1 
  288  1728 

   -1    -1 
   -1     1 

    0     0 
    0     0 
   -4     5 
    0     0 
    0     0 
    0     0 
    0     0 
    0     0 
    5     5 
    0     0 
    0     0 
   11    11 
   -1   -10 
  -13     5 
    5   -13 
    0     0 
    0     0 
  -16    11 
  -16    11 
    0     0 
    0     0 
   17    17 
  -13    -4 
    0     0 
    0     0 
  -19    17 
   17   -19 
    0     0 
    0     0 
  -19    -1 
   -1   -19 
    0     0 
    0     0 
    0     0 
    0     0 
   23    -4 
  -19   -19 
  -25   -25 
   17     8 
  -22    23 
    0     0 
    0     0 
    0     0 
    0     0 
  -25     2 
   23    23 
    0     0 
    0     0 
  -16    29 
  -16    29 
    0     0 
    0     0 
    0     0 
    0     0 
    0     0 
    0     0 
    5   -31 
  -31     5 
    0     0 
    0     0 
   17    17 
    0     0 
    0     0 
  -31    32 
   -1    -1 
   29   -34 
    5     5 
    0     0 
    0     0 
    0     0 
    0     0 
   26   -37 
  -13   -13 
  -25    38 
   29    29 
  -37     8 
    0     0 
    0     0 
    0     0 
    0     0 
  -22    41 
  -22    41 
    0     0 
    0     0 
    0     0 
    0     0 
    0     0 
    0     0 
  -10   -10 
  -10   -10 
   23    23 
  -43    20 
   44   -19 
   44   -19 
    0     0 
    0     0 
  -43    11 
   11   -43 
   29    29 
   17   -46 
