1 0
200
    1 
  -80 
    8 
    1 
    1 0 
  -80 
  123 12 
    1 0 
 -172 258 
   -1 2 
  -15 
    0 
    0 

    1 
   -1 
   -1 
   -1 

    0 
    1 
    0 
    1 
    5 
   -3 
    6 
   -6 
    6 
   -3 
    3 
    5 
   -5 
    1 
    1 
    4 
    0 
   13 
    5 
    3 
    5 
   -2 
   10 
   -3 
    5 
   -6 
    6 
    0 
  -12 
    4 
   -8 
   12 
   12 
  -22 
    6 
   17 
  -17 
   -4 
   -4 
   -6 
   -4 
  -12 
  -15 
   -9 
   15 
   23 
    8 
   24 
   22 
   -6 
  -16 
  -12 
   30 
   22 
  -15 
   -1 
   -3 
  -21 
   15 
   -9 
  -14 
   14 
    2 
  -36 
    0 
   -1 
   23 
   12 
   24 
  -16 
    4 
    9 
   18 
  -18 
   -1 
   31 
  -25 
    9 
   14 
  -34 
  -19 
  -29 
    0 
    0 
   20 
   36 
   16 
   28 
   -2 
  -26 
  -16 
   40 
  -26 
   -2 
    4 
    0 
  -10 
  -10 
   20 
    8 
  -32 
  -16 
  -38 
   42 
   -1 
   39 
   12 
    0 
    0 
  -40 
   -6 
   38 
   17 
    9 
   11 
   37 
    8 
    4 
  -46 
   30 
   27 
   19 
   -2 
   22 
    0 
    0 
  -36 
   16 
   20 
   40 
  -46 
  -14 
   33 
   23 
   20 
   44 
  -27 
   43 
   -3 
  -11 
    8 
   12 
  -20 
  -52 
   20 
  -28 
  -21 
  -35 
  -56 
  -16 
  -31 
    1 
  -17 
   23 
  -32 
   24 
   -4 
  -52 
  -35 
  -27 
  -20 
    4 
   15 
   56 
   40 
    5 
   13 
   -9 
   -7 
  -20 
   36 
  -22 
  -38 
   63 
    9 
   21 
   21 
  -56 
   -4 
  -29 
  -19 
  -17 
    1 
    9 
   39 
  -37 
   37 
   58 
   62 
  -55 
   25 
  -54 
   -6 
   53 
   13 
   54 
  -42 
  -34 
   -2 
   24 
