1 0
200
   -1 
    0 
    1 
    1 
    3 0 
    4 
 -154 -43 
   -1 -1 
   13 169 
   -1 2 
    2 

   -1 
   -1 
    1 

    2 
    0 
    0 
   -3 
   -3 
    1 
    5 
    0 
    2 
    4 
   -2 
   11 
   -4 
    8 
   -7 
    6 
   -5 
   -7 
  -12 
   15 
    0 
   11 
  -16 
    2 
  -17 
  -10 
   20 
   -8 
    4 
    4 
   -9 
   15 
  -10 
  -20 
  -12 
   17 
   20 
   -2 
  -18 
   -1 
  -12 
    7 
  -12 
  -27 
   -1 
  -14 
   -2 
   -3 
   12 
  -19 
   -6 
  -26 
  -18 
   28 
  -30 
    0 
   19 
  -15 
   25 
    6 
   -2 
   33 
  -24 
   -7 
  -27 
   30 
    4 
    1 
   18 
  -19 
   21 
   -8 
  -22 
   -8 
   36 
    4 
   29 
   -6 
    1 
   11 
  -28 
    9 
  -20 
  -23 
  -12 
   -3 
   23 
  -25 
  -21 
   16 
  -34 
   -7 
   -8 
   17 
    6 
    1 
  -15 
  -25 
   -3 
  -17 
  -17 
  -10 
  -33 
   35 
   -6 
   -1 
   10 
  -28 
    4 
  -33 
  -19 
    6 
  -46 
  -36 
    7 
   18 
  -47 
   35 
  -42 
   14 
  -20 
    6 
   50 
  -19 
   24 
   -2 
   33 
   45 
   38 
   12 
  -14 
  -23 
  -24 
   44 
    3 
   -4 
  -51 
   46 
  -10 
  -10 
    0 
   -8 
    4 
  -32 
   30 
   45 
  -51 
   -2 
  -22 
  -32 
  -48 
   35 
  -20 
   38 
  -24 
  -48 
   22 
   -2 
   33 
  -47 
   -9 
  -54 
   18 
    5 
  -20 
  -36 
   54 
  -52 
   25 
   26 
   35 
   16 
   11 
   19 
    3 
   16 
    7 
    5 
  -48 
  -38 
   -6 
  -51 
   38 
  -10 
    6 
   -6 
   24 
   -6 
  -40 
   13 
   36 
  -60 
   20 
   42 
  -14 
  -12 
   36 
   53 
   -2 
   46 
