3 0
200
    1     1     1 
    0     0    12 
    5     3     1 
    1     1     1 
    3 0     3 0     1 0 
  144    48    12 
   53 42    53 42   -37 93 
    1 0     1 0    -1 0 
 -222 148  -222 148  -148 -37 
   -1 2    -1 2     1 -1 
   -6     6    12 

    1     1     1 
    1     1    -1 
    1     1    -1 
   -1    -1    -1 

   -1    -1    -1 
   -2     0     2 
   -1    -1     4 
   -1    -1    -1 
   -1    -1     1 
    1    -3    -2 
   -6    -4     0 
    0    -4    -8 
   -5    -1     8 
   -8     6     7 
   -6    -8     6 
   -1    -1     1 
    1     1     1 
   -4    -2     2 
   -8    -6     7 
   -2    -6     3 
   -9    -9     4 
    5    -7    -4 
   11   -13     6 
  -12     0    -5 
    3    -5   -12 
    4   -10    -4 
   -8    10     6 
  -11    17    15 
  -15    -3   -12 
    4   -12    -2 
    8    14    -2 
    4   -14    -5 
  -10   -12    -9 
   13    21    17 
    0    -8     5 
    7    11    10 
  -21   -21    -6 
  -17    15    14 
  -13    -5    21 
    1    -7    10 
  -17    11   -12 
   -6    12    -6 
  -10   -18    22 
  -23     9     3 
    4     6    -6 
   26   -16     4 
  -24   -10   -10 
   -2   -26    21 
  -22     4     2 
   14   -10    -6 
   -6    22    -2 
   21    21   -10 
   25    -3    12 
   27   -13   -16 
   -5   -21     2 
  -19   -11   -10 
   22    -2    14 
    0   -22     4 
  -13    23    26 
    3    -9     4 
   -2    10    -2 
   22    22    10 
    4   -30   -28 
   14     0   -18 
    6    14     2 
   17   -31    17 
   11   -13    10 
  -14   -24    -1 
  -10     4    33 
   33   -23   -22 
  -14    -2     9 
  -28     4    33 
  -22   -22     6 
  -27    21     4 
  -15   -23   -34 
    2     2   -24 
    2     2    -6 
   23    31    -6 
  -36    12    -3 
  -17    31    13 
  -18   -12   -17 
    2     6    26 
    2   -32   -33 
    2   -28     9 
   28    30   -13 
   12   -28    24 
    4    12    -7 
  -28   -32    15 
   12    12     3 
   21   -15   -29 
    2    22   -25 
  -28    22     7 
   20     2    22 
  -32    22    38 
    4    26    36 
    2    16   -34 
  -32    18    40 
   12   -14    18 
  -24    28   -15 
  -32     8    12 
   30   -32    -9 
  -32    36    25 
  -10   -38    43 
   36   -32     7 
  -12     0   -19 
  -32   -46   -28 
   -2   -22   -39 
  -30    -2    31 
   18    -6    12 
   12    36    -1 
   -8    16   -40 
   37   -31     0 
   -1     3   -37 
   -3    13   -12 
   -2    46   -18 
    5   -47    16 
   -6    -6    25 
   41    -3    -6 
  -38   -30    34 
   16     2     5 
   30   -10   -30 
   27    15    31 
   34   -48     8 
  -40     8   -19 
   33   -31   -24 
  -29   -25    15 
   -1    11    37 
  -14    26    20 
  -16   -40   -36 
   -8     8    12 
   24   -40    12 
   -2     0    50 
  -46   -20    18 
  -10   -20   -39 
  -19   -19    40 
   -4     4    20 
   -1    11    12 
  -33    39     5 
  -20    32    -8 
  -11    45    48 
   -8    30   -27 
   26    50    24 
   -2   -22   -20 
    6   -12    13 
   -3   -15   -17 
  -26    10   -37 
   33   -11   -23 
   25   -43    -4 
   30    38   -21 
   36    -6    48 
   23   -37    31 
   35    23   -36 
  -45   -25    22 
  -17   -25    18 
  -48    -8   -34 
   34    40   -38 
    2   -44    -3 
  -12    10   -25 
   24    14     2 
   40    12   -21 
  -38   -30    -9 
   10    -2     1 
  -24    36    15 
  -12    -8   -15 
  -21   -57    -6 
    9    -3    35 
   21    21    56 
  -44    46    51 
   60   -16   -37 
   18   -24   -50 
  -46   -12    24 
   50    22   -38 
   30    44    20 
  -14   -14    28 
   29    17    43 
   26    12   -57 
    0   -54     6 
   32    12    38 
    4    -6   -42 
   37   -47    -6 
  -37   -41   -10 
   10    14   -48 
   56   -14    16 
   58    -6   -15 
  -42   -34    12 
  -32    54    58 
  -10    -4    32 
   22   -14    -8 
  -28    -8    22 
    9   -15    36 
    1   -51    65 
  -25   -37   -28 
  -37   -21    44 
   18    50   -36 
   50    50   -55 
   17   -59   -23 
   25    33    20 
   48   -24    20 
   50   -16    -7 
  -57     3     0 
    4    12    -8 
   22    -8    20 
   -6   -16    22 
  -22   -20     4 
