1 0
200
   -1 
    0 
    2 
    1 
   -1 4 
   40 
  -59 -112 
   -1 -1 
 -138 184 
   -1 2 
   14 
    0 
    0 

    1 
    1 
    1 
    1 

   -1 
    1 
   -2 
   -2 
   -6 
   -6 
   -1 
   -1 
   -2 
    2 
   -1 
  -10 
    6 
    8 
   12 
    8 
   10 
    2 
  -12 
  -16 
    8 
   -2 
  -16 
   18 
    8 
  -12 
    2 
  -14 
    8 
    0 
    8 
   12 
   14 
   18 
  -20 
    8 
   16 
  -12 
   -4 
   -6 
   12 
   12 
   10 
    0 
   10 
   14 
  -22 
   -6 
   -4 
   12 
   -2 
  -22 
   -8 
   20 
  -12 
   -6 
    2 
   -2 
   -4 
    0 
   30 
  -22 
   -6 
  -12 
   12 
  -28 
   14 
   36 
   12 
  -30 
  -28 
  -22 
   24 
  -26 
   -8 
  -12 
   -6 
   30 
  -14 
   14 
   14 
   -2 
   -2 
   30 
  -40 
  -16 
  -30 
   -6 
  -36 
   -4 
   16 
  -16 
    4 
   24 
  -12 
   20 
  -12 
  -20 
    2 
  -30 
   12 
   40 
   -6 
    4 
   42 
   12 
   20 
   -2 
   16 
    4 
   -2 
    0 
   46 
  -28 
   22 
  -18 
  -30 
   -4 
   30 
  -26 
    6 
   38 
   26 
  -14 
    4 
   20 
   22 
  -20 
  -16 
  -42 
   28 
  -20 
   26 
  -28 
   12 
   46 
  -22 
   18 
  -10 
   14 
   22 
    6 
  -24 
   -4 
   22 
  -18 
   24 
   48 
    2 
   14 
  -44 
  -16 
   10 
   -6 
  -12 
    6 
   48 
   36 
   -4 
   12 
   32 
   24 
  -30 
   -4 
   -8 
   -8 
  -60 
  -40 
  -20 
   20 
  -16 
   30 
   44 
   54 
  -58 
   64 
   38 
    8 
  -12 
   22 
   42 
   16 
  -44 
  -46 
  -58 
   -2 
  -18 
  -18 
   -2 
  -10 
  -42 
   20 
   52 
    8 
  -56 
  -54 
    2 
  -48 
   -2 
   64 
