2 0
200
   -1     1 
    0  -168 
   12    12 
    1     1 
    3 0     1 0 
  104  -168 
  127 50   127 50 
    0 1     0 1 
  340 -190   340 -190 
    3 0     3 0 
   16   -20 
    0     0 
    0     0 

   -1     1 
    1    -1 
    1     1 
   -1     1 
    1     1 

    0     0 
   -1     1 
   -1    -1 
   -2    -2 
    1    -1 
   -4     4 
   -6    -4 
   -2     4 
   -1    -1 
    2    -2 
    8    -2 
   -2     6 
    0    -2 
   -8     8 
    2   -12 
    2   -10 
   -6    10 
   16   -16 
   -8     4 
   12     0 
    4    16 
   14     0 
    8     0 
    6    12 
    8    -8 
   18    10 
    2    -2 
  -14    18 
    6    -6 
  -20    16 
    2    -4 
   -2    10 
   -6    -6 
    4     6 
  -18   -10 
   16    -8 
   16    20 
  -16    20 
   -8     0 
    4    10 
  -16    12 
   -4     4 
    6     0 
  -10    16 
  -14    22 
   18    10 
  -10     6 
   -6    -6 
   -8    12 
   14     0 
    4    -6 
   -6   -22 
    0    12 
   24   -16 
  -12   -16 
   -8     8 
    4    14 
   22    -2 
    2    18 
   22    10 
   34     2 
  -16    30 
  -30    30 
   -4     4 
  -28    28 
  -14   -26 
   -6   -14 
   14    36 
   32     8 
   -8     4 
    8    -8 
  -32    -6 
   -2    18 
  -22     6 
   10    16 
   12    20 
   -8   -18 
   26   -14 
   18     6 
  -18   -18 
  -10     2 
   32   -10 
  -36    20 
  -40   -24 
   -4   -12 
  -10    12 
  -30   -22 
   30     2 
  -10   -26 
  -18    10 
    8   -16 
   40   -16 
  -26    28 
   -2   -28 
   12   -36 
   20   -36 
   28   -28 
   22    -8 
  -38    30 
  -22    -6 
   44   -20 
  -24    28 
   30    -6 
   14   -18 
   24   -22 
  -30    30 
  -28    -4 
    0   -12 
    0   -40 
   32   -40 
   12   -26 
   14    -2 
  -18    34 
  -22   -30 
  -14    16 
  -30    24 
   12   -30 
   16    26 
  -46    42 
   -6     6 
  -20    12 
  -18   -40 
  -40    34 
  -30     2 
    6    -4 
   36    12 
    6    -6 
  -30    30 
  -26   -14 
   16   -34 
  -16     4 
   44    28 
    6    44 
  -36     8 
  -32   -20 
  -40   -28 
  -26    14 
   -2   -38 
  -30     6 
   -4    50 
   20    38 
  -30    30 
    4    24 
   16   -48 
  -20   -36 
   20    28 
  -48    16 
   44    24 
  -22    46 
   10   -22 
  -46    36 
  -20    36 
   44    24 
   52   -12 
   28    12 
  -44    44 
   38     0 
  -32    48 
  -12   -20 
   10   -12 
   20     2 
   -6    -6 
    6    -6 
   12   -24 
   50    12 
   -8    58 
  -60     2 
  -16     8 
    4   -32 
  -40    50 
   30   -10 
  -14   -48 
  -24    12 
   -8     0 
  -42     0 
   14    26 
  -44   -30 
  -48    12 
   -4   -36 
   -6    38 
  -42   -34 
   12   -40 
   32   -32 
  -18   -22 
   10     6 
   24    16 
   36    24 
  -38    18 
  -46    30 
    2   -62 
   -6    26 
   18   -12 
  -20   -24 
   62    64 
  -52    -4 
  -12    52 
  -52   -12 
   48   -46 
   18   -26 
  -10    46 
