2 0
100
   -1     1 
    0  -168 
   12    12 
    1     1 
    3 0     1 0 
  104  -168 
    7 -60     7 -60 
    0 1     0 1 
 -170 -10  -170 -10 
    3 0     3 0 
   10   -22 

    1    -1 
   -1     1 
    1     1 
   -1     1 
    1     1 

   -1     1 
    0     0 
   -1    -1 
   -2    -2 
   -4     4 
    1    -1 
   -2     4 
   -6    -4 
   -1    -1 
    8    -2 
    2    -2 
    0    -2 
   -2     6 
    2   -12 
   -8     8 
   -6    10 
    2   -10 
   -8     4 
   16   -16 
    4    16 
   12     0 
    8     0 
   14     0 
    8    -8 
    6    12 
    2    -2 
   18    10 
    6    -6 
  -14    18 
    2    -4 
  -20    16 
   -6    -6 
   -2    10 
  -18   -10 
    4     6 
   16    20 
   16    -8 
   -8     0 
  -16    20 
    4    10 
   -4     4 
  -16    12 
  -10    16 
    6     0 
   18    10 
  -14    22 
   -6    -6 
  -10     6 
   14     0 
   -8    12 
   -6   -22 
    4    -6 
   24   -16 
    0    12 
   -8     8 
  -12   -16 
   22    -2 
    4    14 
   22    10 
    2    18 
   34     2 
  -30    30 
  -16    30 
  -28    28 
   -4     4 
   -6   -14 
  -14   -26 
   32     8 
   14    36 
    8    -8 
   -8     4 
  -32    -6 
  -22     6 
   -2    18 
   12    20 
   10    16 
   26   -14 
   -8   -18 
  -18   -18 
   18     6 
   32   -10 
  -10     2 
  -40   -24 
  -36    20 
  -10    12 
   -4   -12 
   30     2 
  -30   -22 
  -18    10 
  -10   -26 
   40   -16 
    8   -16 
   -2   -28 
  -26    28 
   20   -36 
   12   -36 
   22    -8 
   28   -28 
  -22    -6 
  -38    30 
