1 0
200
   -1 
    0 
   14 
    1 
    3 0 
   24 
   -9 -56 
    0 1 
 -182 14 
    3 0 
    5 
    0 
    0 

    1 
   -1 
   -1 
    1 

   -1 
    0 
    0 
   -4 
    6 
   -5 
    0 
    4 
   -3 
    1 
   -1 
   10 
   -7 
  -12 
    6 
  -13 
   -5 
   -4 
    6 
   -6 
   15 
   14 
   -1 
   20 
   10 
   16 
  -16 
    4 
   -6 
   -7 
  -22 
    9 
   14 
  -12 
    0 
    9 
  -13 
   -5 
   22 
   -7 
    5 
  -26 
   20 
   -1 
  -11 
   -4 
   -4 
  -14 
   -3 
   -5 
    6 
    6 
  -26 
  -24 
  -13 
    7 
   32 
   17 
   15 
   26 
  -23 
   10 
    9 
  -17 
    4 
    2 
   14 
   27 
  -12 
    9 
  -28 
   -5 
   -2 
  -10 
   -3 
  -29 
  -18 
   -7 
   -9 
   30 
  -34 
  -35 
  -35 
  -13 
   15 
    3 
  -18 
   33 
   -3 
  -18 
    0 
   10 
   24 
    3 
   10 
   -6 
  -31 
   40 
   11 
   34 
   14 
    1 
    6 
   30 
  -46 
  -18 
    2 
   13 
  -35 
  -40 
  -38 
  -29 
   18 
  -19 
  -16 
  -34 
  -12 
   -8 
  -14 
  -30 
  -36 
   20 
   -1 
    8 
  -30 
  -36 
   -8 
   20 
   34 
  -12 
   -7 
  -13 
   27 
  -13 
    7 
    8 
   14 
   27 
  -18 
   12 
    6 
   44 
   24 
  -37 
   27 
  -21 
  -50 
   36 
   34 
   -2 
   -2 
   20 
   16 
  -17 
   32 
  -15 
  -48 
  -56 
  -34 
  -18 
    3 
  -26 
    6 
    2 
   32 
   58 
   36 
   -4 
    7 
   20 
  -34 
  -20 
  -44 
  -45 
   27 
   -3 
   -8 
  -13 
   20 
   62 
   -4 
   -6 
   32 
  -38 
   31 
   40 
   40 
   26 
  -10 
  -14 
    0 
   10 
   -6 
    7 
  -26 
  -54 
    3 
  -22 
  -22 
   18 
