6 4
100
   -1    -1    -1     1    -1    -1 
    0     0     0    36     0     0 
   12    18    12    18    12    12 
    1     1     1     1     1     1 
   -3 4    -3 4    -3 4     1 0    -3 4    -3 4 
   12    12     4    36    12    12 
  -13 -50   227 -26  -231 50   -13 -50   -13 -50   227 -26 
    1 0     2 0     2 0     1 0     1 0     2 0 
 -240 -24   288 -240  -216 -156  -240 -24  -240 -24   288 -240 
    3 -2     3 -2     1 2     3 -2     3 -2     3 -2 
   -1    -2    -1     3     1     1 

   -1     1     1    -1     1    -1 
   -1    -1    -1    -1    -1    -1 
    1     1     1    -1    -1    -1 
    1    -1    -1     1     1    -1 

    0     0     0     0     0     0 
    0     0     0     0     0     0 
   -1    -1    -1     1     1     1 
   -1     1     1    -1    -1     1 
    0    -6     0    -6     0     0 
    0    -4     0     4     0     0 
   -8     0     0     0     0    -8 
    4     2    -4     2    -4     4 
    4     4     8    -4    -8    -4 
    0     6     4     6     4     0 
   -2     4    -6    -4     6     2 
    4     8     0    -8     0    -4 
    6    -2    -2    -2    -2     6 
   -4    -4    -4     4     4     4 
    6    -6   -10    -6   -10     6 
   -6    -6     6     6    -6     6 
   -6    -2     2    -2     2    -6 
    0    -8     8     8    -8     0 
  -12    -8     4    -8     4   -12 
   -4     0   -12     0    12     4 
    6    12     2   -12    -2    -6 
   12   -12     4    12    -4   -12 
    8    16    -8   -16     8    -8 
  -12     4     4     4     4   -12 
    2     0   -10     0    10    -2 
   -6   -10    10   -10    10    -6 
    4   -20   -16    20    16    -4 
    6     6    -6    -6     6    -6 
  -14     6    14    -6   -14    14 
    4    16   -12    16   -12     4 
   -2    -2    14    -2    14    -2 
    0    22    -4    22    -4     0 
  -20    -6     0    -6     0   -20 
    6    -6    10     6   -10    -6 
  -22    -6   -14    -6   -14   -22 
   -2    -2    -2    -2    -2    -2 
    8     0    -8     0    -8     8 
  -14    22   -14    22   -14   -14 
   12   -12     4    12    -4   -12 
    4   -16   -24    16    24    -4 
   14    12   -22   -12    22   -14 
   12    12     4    12     4    12 
    6   -12    18    12   -18    -6 
    0    -8     0     8     0     0 
  -14     6     6    -6    -6    14 
  -14    -2   -10     2    10    14 
   -2     6    18    -6   -18     2 
  -18    10   -18    10   -18   -18 
   -8   -12     8   -12     8    -8 
   16    12     8   -12    -8   -16 
   24    18     4    18     4    24 
   -8   -14    20   -14    20    -8 
    0     6   -24     6   -24     0 
  -24    20    -8    20    -8   -24 
  -24     0   -24     0    24    24 
  -26    -8     2     8    -2    26 
   22    26   -10    26   -10    22 
   18   -18    14    18   -14   -18 
   24    18     4    18     4    24 
    0   -30    12   -30    12     0 
   10    14    10    14    10    10 
   22   -18   -26   -18   -26    22 
  -10     6    -6    -6     6    10 
   10    18   -22    18   -22    10 
   12    -4   -12     4    12   -12 
   24     8    12    -8   -12   -24 
  -28    36     8   -36    -8    28 
   24   -14    24   -14    24    24 
    4   -12    12    12   -12    -4 
    0   -20     0   -20     0     0 
  -16    -6   -24    -6   -24   -16 
   22   -14    10    14   -10   -22 
  -18    10   -18    10   -18   -18 
   14    -6    10     6   -10   -14 
  -28    -4    36     4   -36    28 
   18     2     2     2     2    18 
  -26   -36    34    36   -34    26 
   12   -30     8   -30     8    12 
   10   -12    22    12   -22   -10 
   18   -28    -2    28     2   -18 
    2    10     2    10     2     2 
  -22    -2    22     2   -22    22 
   16   -36   -40   -36   -40    16 
  -12    10    28    10    28   -12 
    6   -36    18    36   -18    -6 
   -4    16   -36    16   -36    -4 
  -26    30   -18    30   -18   -26 
  -10    30    30    30    30   -10 
    2   -26     6    26    -6    -2 
  -22    38   -18   -38    18    22 
   24     4   -24    -4    24   -24 
   16   -32   -40    32    40   -16 
    4     4    20     4    20     4 
   34   -22     2   -22     2    34 
   -2     8   -22    -8    22     2 
   20    12   -12    12   -12    20 
   20   -20     4   -20     4    20 
   16   -24   -24    24    24   -16 
  -34   -38    26    38   -26    34 
   18    38   -30    38   -30    18 
