7 5
200
   -1    -1    -1    -1    -1     1    -1 
    0     0     0     0     0   -24     0 
   12     6    10     6     6     6    12 
    1     1     1     1     1     1     1 
    5 0     5 0     5 0     5 0     5 0     1 0     5 0 
   48   132    24    20     4   -24    12 
  -47 72   -47 72   -47 72   -47 72   -47 72   -47 72    15 -88 
    1 0     1 0     1 0     1 0     1 0     1 0     0 1 
 -242 -22  -242 -22  -242 -22  -242 -22  -242 -22  -242 -22  -242 -22 
   -1 2    -1 2    -1 2    -1 2    -1 2    -1 2     3 0 
    4    10    -1     4     2    -3    -1 

    1     1     1     1    -1    -1    -1 
    1     1    -1    -1     1     1    -1 
   -1    -1     1     1     1     1     1 
    1     1    -1     1    -1    -1    -1 
   -1    -1     1    -1     1    -1    -1 

   -1    -1    -1    -1     1     1     1 
   -1    -1     1     1    -1    -1     1 
   -4     2    -2     2     2     2    -4 
   -2    -5     2     1    -1     4     1 
    1     1    -1    -1    -1    -1    -1 
   -1    -1     1    -1     1     1     1 
    0    -6     4    -6    -6     0     0 
    0    -3     4    -3     1     0    -9 
   -4     2    -2     2     2     2     8 
    0     6     8    -6    -6     6     0 
   -6     0    -6     0     0     6    -6 
    2     2     4   -10    -2   -10     2 
    8    -4    -8     8    -8     2     2 
  -10     8    -8    -4     8   -10   -10 
    8   -10    -8   -10     6     2     8 
    6    -9    -2     3     3     6    -9 
    0    12    -4    12     4     6   -12 
    1     1    -1     1    -1     1     1 
    8   -16    -4     8    -4     2     2 
   12    12     8    12    -4     0     0 
    0     9     8     3    -1     0     9 
  -10    17    -6     5     1   -16    -1 
  -10     8   -14   -16    -8    -4     8 
  -12   -18   -12    18   -18    12    -6 
    0    12     4   -12    -4    12   -12 
  -10   -13    -4    11    -5   -16    -1 
  -10    14   -16   -10   -14     2   -16 
   12   -18    -6     6    -2    18    18 
   -6    -3     6    -9    -1    18    15 
    2     2    10     2    -2     2   -22 
    8     5    20    11    -7     8    -7 
    6    12     6   -12    12    -6     0 
   12    -9    -2    -9     1   -12     3 
    6     0   -20   -12   -16     6     6 
  -18    18    -6    18   -18     6     6 
  -16   -22    -4    14    10   -16   -10 
   20     5   -10   -13    23    -4    17 
    2    11     8     5    -1    20   -25 
   14     8    -4   -16   -24   -22   -22 
   14     2   -26   -10    14   -10   -10 
  -18   -24    12    12   -12   -18   -24 
    0   -12    12   -24     4    12     6 
   12   -12   -12   -12     0     0   -12 
   12    12   -10   -12    20    18    12 
  -10    -7    14     5    21    -4    17 
   26    11    14    -1   -23     2   -13 
  -24   -15    20     3    11    12     3 
    0    18   -24   -18    26    18     0 
   20   -10    12   -22   -26    20   -16 
   20   -19   -20    23    -5    -4     5 
  -18    18   -30   -18    14    18   -24 
  -24     3    -6   -27     5     0   -15 
   18    30    -6    18     6    18     6 
    6    -6    -6    18   -18    18     6 
  -12    -6   -18     6   -14   -18   -24 
    0     3   -28    -9    -3   -12     9 
  -10   -28    -2     8   -16     2    14 
    2    -4    24     8    -8    26   -10 
   -6    -9    10   -15    -9    -6    21 
   -6    18    10     6     6    -6    -6 
  -16   -25    26   -25     9    -4   -25 
   18   -24    10    24   -28    -6   -24 
   18    12    18    12    20    -6    18 
  -28   -28   -24     8    -8   -10    20 
   -4    20     4   -28   -24    -4   -34 
  -22   -13   -14    -1    33     2   -13 
    2    26   -30    26   -18   -10   -28 
   12    27   -20     3   -23     0    33 
  -24    -3     4   -33   -27   -24   -27 
   24    15   -18   -15    21   -12    27 
   24    36   -32    24     0     0    30 
   20   -34   -14    26    10   -22   -10 
   14    23    18   -25     1   -10    11 
    2   -10    10   -22   -34    14    32 
    2   -34   -12   -34    -2    14   -16 
    8    32     4    20   -16   -28   -10 
   30     6    -2    -6   -10     6     6 
   -6    -6    14     6    14    30   -12 
  -30    15   -18   -27   -11     6    33 
   12   -18    14    -6   -14     6    18 
  -10   -19    10    35    -5    26   -13 
   26   -10    14   -10   -10    38    26 
   24    12    28     0    28     0   -30 
  -12     0    14     0    32   -12     0 
   18     0     4    12     4    18   -30 
   24    -6     4     6    34    12    24 
   18    30    -6    30    -6    30     6 
   18   -24    -2   -12    16     6    -6 
  -22   -16    22   -28   -24    14     2 
    8     8    38    20     4   -10    32 
  -28    20    14    -4     4    14   -34 
   -4   -22   -36    14    34   -40   -16 
  -40     8    20   -28   -12     8    -4 
   38    38     2   -10   -26   -34    26 
  -36   -15    12   -21    -7    24     9 
   12    36     8     0    12    30    -6 
  -40    -4   -40   -40     0    14   -28 
   -4    14   -20   -34   -38    44   -22 
   20     2   -12   -34    14    -4     2 
  -16    20    16    -4    12    38    32 
  -16    23   -28   -19    17     8   -13 
   26   -28    -8    44    28   -28    20 
    0    30    12    18    18     6    30 
   42     6     2   -18   -22     6   -24 
   18    18    -6   -30   -42    30     0 
   36     0   -18    24   -24    30    18 
   14   -31    20    17    37    -4    23 
  -28   -16     4    -4   -32   -28   -10 
    6   -24   -38   -24     0     0   -24 
   24    24    40     0    24    12   -24 
    2     2    -2     2   -10   -34     2 
  -28   -31   -48    35   -13    20    11 
   18   -12   -22     0    12    18   -36 
   30     6    10    30    30   -18   -36 
  -22    -1     2   -19     7   -40    11 
  -16    -7    36    11     7    -4    -7 
  -30     3   -18   -15   -25    12    -3 
   18     0    10   -48   -40   -18     6 
   30   -48    14    12    36     6    18 
  -24    15     4     3    45   -36   -33 
   12    21   -36   -27   -25   -24    15 
    6   -48   -16   -12    24    -6   -24 
   26   -19    26   -37   -11   -10   -37 
   38    14    -2   -34   -10    14    -4 
   30   -36   -16    12    44    36   -24 
  -36   -27     4   -15     5   -24    -9 
  -30    42    18   -18   -26     6   -30 
  -30    15   -50    -3    27   -42    45 
   26    26    -8   -34    50   -28   -10 
   44    35    16    -1   -31   -28    -1 
   20   -16    44   -40   -28   -28   -34 
  -16   -34    44   -22    34    44   -16 
  -54   -18    54    30   -30    18    12 
   36     0     4     0    16   -24     0 
   32   -31   -50   -31   -21    -4    23 
  -46     2    -2   -46   -34     2    20 
   26   -22    26    38    14     2   -16 
  -22    -1    20   -31    23    20    -7 
  -42   -36   -42   -48    -8   -42    18 
   30   -51   -30   -15   -49   -18   -15 
  -42     3   -14   -15   -33   -42    45 
   42   -42    32   -42    30    36     6 
   44     2   -16    50    14     8    14 
    8   -16    -4    32    56    -4   -16 
   36     3   -36    27     9    24    -3 
  -18   -18    12    18    42   -30   -36 
  -24    -6     0    18   -54   -24    18 
   24    -3   -12    -9    19   -48   -15 
   14   -22    32   -46   -14     2   -40 
  -34   -46   -18    26   -14    26   -46 
   38   -16    40   -16    24    56    20 
  -16    11     4    47    -5   -52    17 
  -28   -28    36   -52     8    -4    44 
  -52   -13    -4   -19   -23    44    23 
  -54    12    30    12   -20   -18    18 
  -12   -15    -6   -15   -21   -48    -9 
    8    14     2    14    34    50   -34 
  -16   -34    22    26   -42    50    14 
   48   -33    -8    51    41    36   -27 
   36    42   -44    42    -2   -42    18 
  -42    54    22     6    -6    30    -6 
    6     0   -34   -36    44   -54   -48 
  -40   -25    10    23    33   -28   -25 
  -16    44    20    -4    40   -40    -4 
   20     8    30   -40    40   -16   -52 
   42   -12   -18    12   -12   -30     0 
   -6   -60   -42   -12   -48    54   -48 
   32   -28     4   -52   -44   -16     8 
  -52   -52    30   -52    20    38    26 
   20    20    22    20    32    38   -16 
  -46    32   -34   -16   -36    38    32 
  -12   -36    36   -12   -60    36   -30 
  -30    36     0    12    20   -24   -60 
  -60    42   -12    42   -18   -24   -12 
   18    21   -26    33    13   -36   -33 
   26   -46   -26   -46   -22   -46    44 
   26   -19   -18    35   -59   -46   -37 
    8    35    28    17    11     8    -1 
  -28   -28   -28   -52   -12    20   -52 
  -54   -42    30   -42    30    18    30 
  -54    39    30    33     1    -6    45 
  -10    44    10   -28   -32   -10   -40 
   20   -31   -50    -7   -37    -4    -1 
  -22    14    20   -46   -26   -40    38 
  -52   -46     4    50    30   -52    26 
  -48    42   -48    42   -22    24    36 
    6    12    -6     0     4    18   -48 
  -16   -16   -28   -64    52    14    32 
   44   -49    52   -43     5   -16    65 
   50    -4    14    20   -40    14    20 
  -28    38    46     2    50   -16   -46 
   -6    -3    -8    45    57    12    27 
  -36    48   -60    24    28   -12    24 
    8   -13   -28    -1    -3    20   -43 
   44    41    20   -25   -61   -16    29 
  -18    60    40    24    52   -54    48 
   24     0    68    24    -4    -6    12 
   50    59    26   -49   -57   -40   -13 
   50    41    34     5   -21    14    41 
  -10    26    -8   -10   -34   -10    32 
