1 0
200
   -1 
    0 
    4 
    1 
    3 4 
   64 
 -197 94 
   -1 -1 
  240 30 
   -1 2 
   32 

   -1 
    1 
   -1 
    1 

    0 
   -1 
   -2 
   -1 
    2 
   -2 
    8 
   -6 
    1 
    2 
    6 
   -1 
   10 
    2 
   -8 
   -2 
    6 
    0 
   -8 
   12 
  -16 
    2 
    4 
    0 
  -12 
  -10 
    2 
   -6 
    6 
    2 
    2 
   -6 
  -10 
  -18 
   -2 
   14 
    2 
  -14 
  -12 
    2 
   18 
  -24 
  -24 
   10 
  -22 
    2 
   -6 
   10 
  -10 
   14 
    6 
    6 
   20 
  -18 
  -20 
   28 
  -14 
   22 
  -10 
    6 
   18 
   30 
  -26 
  -18 
   28 
   30 
   18 
   18 
   -8 
  -32 
    4 
  -14 
   -6 
   18 
   30 
   -2 
   -6 
   14 
   30 
   -2 
  -22 
   22 
   12 
  -22 
   14 
  -22 
  -34 
   18 
   10 
    2 
   22 
    0 
  -10 
   -8 
  -10 
    6 
  -20 
   -6 
  -10 
  -30 
    4 
   42 
   -2 
  -38 
   30 
   26 
  -24 
   20 
   14 
   22 
  -18 
   -6 
  -22 
   18 
   -8 
   10 
  -42 
   30 
   26 
    6 
  -24 
   -8 
  -30 
    2 
   46 
  -16 
   30 
  -18 
   -6 
   10 
  -24 
  -32 
   20 
   44 
   22 
  -14 
   -6 
  -22 
   22 
  -10 
  -10 
  -54 
    4 
   16 
  -12 
  -30 
  -34 
  -34 
  -14 
   18 
    8 
   22 
  -44 
   30 
    4 
  -34 
  -22 
   24 
  -34 
    0 
   14 
   -2 
  -14 
  -16 
    6 
  -50 
  -50 
  -22 
  -32 
   10 
   10 
    4 
   -2 
  -32 
  -18 
  -14 
  -22 
    4 
  -22 
    2 
   38 
   26 
   24 
  -38 
  -14 
   42 
  -42 
   34 
   38 
   26 
  -10 
  -46 
  -54 
  -24 
  -50 
   68 
   12 
   34 
  -42 
  -14 
