1 0
200
   -1 
    0 
    2 
    1 
    5 0 
 7856 
  145 -17 
    1 0 
  -78 273 
   -1 2 
 3928 
    0 
    0 

    1 
    1 
    1 
    1 

   -1 
    1 
    2 
   -1 
   -4 
   -1 
    0 
   -2 
    2 
    6 
    6 
    6 
    4 
   -4 
   -8 
    2 
   -8 
    8 
   -8 
    4 
   -8 
   -8 
   -8 
  -12 
   10 
    4 
  -20 
    4 
   20 
   -8 
    8 
   22 
    6 
    2 
   -6 
   -2 
   -2 
    2 
   -6 
   -1 
   10 
   -2 
   -6 
   12 
    4 
   -6 
    6 
    2 
  -12 
   12 
  -12 
  -18 
    0 
   -8 
  -10 
   18 
   30 
   22 
   -2 
   -6 
  -10 
   -6 
    6 
  -32 
   24 
   -2 
  -10 
  -18 
    0 
    8 
   12 
   26 
   26 
   26 
  -10 
  -14 
  -24 
    2 
   10 
  -30 
    8 
   26 
   -4 
   12 
   26 
  -14 
  -30 
    2 
   24 
  -10 
    4 
  -34 
    8 
  -22 
  -12 
   -2 
   -8 
   -8 
  -26 
   26 
  -44 
  -12 
  -14 
  -14 
    0 
   -6 
  -12 
    4 
   -6 
   48 
  -34 
  -14 
   38 
  -42 
   22 
   32 
   10 
  -10 
  -18 
   36 
  -30 
  -16 
  -46 
   22 
   36 
    0 
  -12 
   44 
   22 
   -4 
   10 
   16 
    8 
  -24 
   40 
   16 
  -22 
  -22 
   24 
   10 
  -38 
   18 
  -24 
  -40 
    4 
   52 
  -24 
  -40 
  -16 
  -12 
  -16 
  -24 
   44 
  -20 
   -6 
  -28 
  -44 
  -32 
    4 
   44 
  -14 
   32 
   26 
   50 
  -30 
  -18 
  -18 
    4 
  -40 
  -34 
    0 
   16 
   52 
   20 
  -28 
  -34 
  -44 
   -8 
  -26 
   30 
  -54 
   38 
  -60 
  -38 
    2 
  -48 
  -48 
  -26 
   22 
    4 
  -10 
  -28 
   12 
   44 
  -20 
  -64 
   -2 
   68 
  -30 
   22 
