3 0
200
    1    -1     1 
  -96     0     4 
    4     3     2 
    1     1     1 
    1 0     5 0     1 0 
  -96    16     4 
   59 -98   106 -95    59 -98 
    1 0     1 0     1 0 
  195 -39   273 117   195 -39 
    0 1    -1 2     0 1 
  -96    -1     4 

   -1     1     1 
   -1     1    -1 
    1    -1     1 
   -1    -1     1 

   -1     0     1 
    1    -1    -1 
    4    -2     2 
    1    -1     1 
   -4     1     0 
   -1     1    -1 
    4     6     0 
   -4     8     2 
   10     3     2 
    6     6    -8 
    6     2     4 
   -2    -7     8 
   -2     9    -2 
   -4    -4    -8 
   12    -8     4 
   14    -9     4 
   -2    -5     2 
    8    13     6 
    8   -10   -14 
    0     1    -4 
    8     0     0 
  -16    10    -8 
   16    14    16 
    8   -18     6 
    0   -16    20 
    6   -11     2 
  -10    10     6 
  -14   -18    12 
   18    16   -12 
   -8    -3    -8 
   -8   -16   -16 
   10   -10     6 
   -6   -14    -2 
  -10     6    10 
  -10   -18   -18 
   20   -19    -6 
  -12    17    10 
  -16    -9     8 
  -16   -14    -4 
    1     1    -1 
   -8    -6    20 
    0   -15   -12 
  -12    12    10 
   12   -19    24 
    2   -20   -16 
  -14   -10    18 
  -10     6     6 
   22   -18   -18 
  -20     3    -4 
   -4    -5     4 
  -22    -1    24 
   -6    26     6 
   24    -9     0 
    0    24    24 
   -4    10   -18 
    4    28    18 
  -10    -8     2 
  -10    18   -10 
   10   -18   -10 
   26    27    -6 
  -14   -16    22 
   14    25   -18 
  -18    17    30 
   -8    -8    26 
    8   -16   -18 
  -30     2    26 
    2     6    -2 
   -8     1   -12 
  -16   -27   -26 
   24   -24     4 
  -32    20     4 
  -38   -23     2 
    6    -7   -14 
  -26   -14    -6 
   -8    12    20 
    8    -3    36 
   30   -24     2 
  -18   -22   -28 
   18    25    18 
    2    31    -6 
   -2    -6   -10 
  -34     7    16 
   24   -40    28 
   32   -40   -16 
  -40   -34     8 
  -32    11   -36 
   34    28   -38 
   18   -26   -22 
   -6    22   -28 
  -22     1    38 
    4     8    20 
  -28    18   -22 
   12     2     4 
   28    -8    -6 
    0     7     2 
   24    13    12 
  -32    10     6 
  -16     7    34 
   22     3   -16 
   38   -12   -16 
  -12    19    28 
  -44    13   -36 
   14    18   -38 
   14    24    42 
   42   -16    28 
   -6   -29    26 
  -12    20    -4 
   20    25   -20 
  -44   -16    10 
   28    -4    20 
   14    28    16 
  -34   -29    40 
  -22   -14    18 
  -38   -12    26 
  -20   -42   -30 
  -20    16   -40 
   18   -19    18 
   18    -1    38 
  -42   -42    28 
   38   -48    10 
   -8     9   -48 
    0   -15    14 
   34   -22    10 
   34    45    46 
   44   -42   -12 
   36   -15    28 
  -42   -46     6 
  -10    18    18 
   14    24     4 
   46     4    34 
  -16   -12     8 
  -32    -2    38 
   -8   -44     8 
  -16   -27     0 
   16    -7    48 
    0    38   -20 
    6    51    -2 
  -26    43   -30 
   -6    24   -28 
   42   -47    -6 
  -42    39   -22 
   22     0    42 
   16   -19    -4 
  -16    -6     8 
    4   -24     4 
   12   -18    36 
   24    24    12 
   32    10   -24 
   38    12   -46 
   22     1    50 
   36    26   -36 
   20   -25   -52 
  -20   -22    -8 
   28   -19    -4 
   20    27    30 
   44    -8    44 
   32    23   -20 
   16   -48   -28 
  -20    48   -36 
   20    12    52 
  -22    28    30 
   -6    51    24 
   18    -4   -38 
  -28   -16   -26 
  -44     4    -2 
   18     3    22 
    2    -3   -42 
    8     5   -28 
   56     6    -8 
    2    25    22 
   50    10    20 
    4   -55   -20 
   28    33    28 
  -20   -32    28 
  -60    -5    28 
   26    16   -10 
   42   -35    32 
   -8    45   -18 
  -24   -28   -28 
    6   -30   -38 
   38     8    58 
  -12   -13   -30 
  -12    10    20 
   22   -43   -30 
   22    41   -34 
   48     1   -32 
   24   -58   -12 
   46    37     2 
  -18   -36    26 
  -54   -62    44 
  -38   -54    50 
   12    28   -20 
  -12   -29   -36 
   -4   -18    32 
  -20   -25   -32 
  -32    51    18 
   40    33   -40 
   18    -8   -12 
  -30   -46   -66 
   14   -12    18 
