1 0
100
   -1 
    0 
   12 
    1 
   -1 4 
   16 
  163 -66 
    2 0 
  112 -196 
    3 -2 
   -3 

    1 
    1 
   -1 
   -1 

    0 
   -1 
    0 
   -2 
    0 
   -2 
    8 
    0 
    2 
    8 
   -6 
   -4 
   -2 
    0 
    1 
   -6 
   10 
    8 
  -10 
  -16 
   -4 
    0 
   14 
   -6 
   20 
  -14 
  -10 
  -18 
   -2 
  -22 
  -16 
   22 
   12 
   10 
   -6 
   24 
    2 
    4 
   18 
    8 
  -24 
    8 
   -8 
  -18 
   -2 
   14 
  -18 
    6 
   10 
  -20 
    4 
   -6 
    0 
  -12 
   -2 
    0 
   26 
   30 
   -6 
   30 
  -20 
   30 
  -34 
   12 
   -2 
   24 
   12 
  -28 
  -12 
    2 
    8 
  -22 
   -6 
    2 
   20 
  -12 
  -12 
   26 
  -32 
  -20 
  -26 
  -10 
   38 
   12 
   32 
  -38 
  -34 
   14 
   26 
   14 
  -40 
   10 
  -26 
   -8 
   24 
   -4 
  -16 
  -24 
   -6 
  -22 
