3 0
100
   -1     1    -1 
    0    28     0 
    8     7     5 
    1     1     1 
   -3 4     1 0     3 0 
   72    28    36 
  -25 -62   -25 -62   -53 64 
    1 0     1 0     0 1 
  272 -112   272 -112   112 80 
   -1 2    -1 2     3 0 
   -3     4    -7 

   -1    -1    -1 
    1    -1     1 
   -1    -1    -1 

    0     0     0 
    0     0     0 
    0     1     3 
   -6     5     3 
    4     5     1 
   -4    -1     5 
    0     9    -3 
    4     2    -2 
    2     8    -4 
   -6     7    -9 
   10    -3    -5 
  -10   -10   -10 
   -2   -10    -2 
    4     0    -8 
    4     7    -5 
  -10    -4    -4 
    2     6   -10 
   -4    10   -10 
    1     1     1 
    0    -1    -3 
    4    -2   -14 
   -4     8     8 
   12    -2     6 
    4     0    16 
   20     7     5 
    2    -7    -7 
  -10   -12    -4 
  -14     2    -2 
   18    20   -12 
   -4     2     2 
    8    -7     5 
   10   -18    -2 
   18   -18     6 
   -6    15     9 
  -14    -5    -5 
  -12    10    18 
  -16   -17    11 
   12    18    -6 
   -4   -20    -4 
  -14     4     4 
   20   -18   -22 
    4     2    -2 
   -4     4     8 
  -20    14    10 
  -22    10    26 
   10     8    16 
   10    18    22 
    6   -12   -24 
  -20    12    16 
  -20     3     1 
   -6    -6     6 
   10   -15     1 
   24     0   -24 
   24    -9     3 
   12     6     6 
  -24   -15     3 
    2   -14   -22 
  -22    19     5 
  -22   -15   -31 
   26   -22   -22 
  -14    -9    31 
    6    -4    12 
    6    20    24 
  -28     0    -4 
   12   -36     0 
   18    -2    18 
    2    22   -34 
   36    14   -18 
   12   -22   -30 
   24   -21    -9 
   36    22     6 
   -6    16   -24 
    2   -26   -10 
   -2    -8    -8 
  -12   -16    36 
  -20   -12     4 
   14   -18    38 
  -18     6   -30 
   10   -18    22 
  -14    33    31 
  -22   -15   -31 
  -22   -30   -34 
  -12    24   -12 
    8   -37    -1 
   12    20   -12 
  -36     8    36 
   -6   -24    24 
   10    30    10 
  -38    13    19 
   -6     3    21 
  -20     8    16 
  -20    36    -8 
  -20     2   -26 
   12    10   -30 
   20    36    44 
  -20    32   -20 
  -28   -16     8 
  -44    20    16 
    2    -5    29 
  -26   -30    10 
