4 0
100
   -1     1     1    -1 
    0    64    64     0 
   12     8     8     5 
    1     1     1     1 
   -1 4     1 0     1 0     3 0 
   16    64    64    60 
   75 -56    75 -56    75 -56    75 -56 
    0 1     0 1     0 1     0 1 
  -56 -112   -56 -112   -56 -112   -56 -112 
    3 0     3 0     3 0     3 0 
   -1     3     6   -10 

   -1    -1     1     1 
    1    -1    -1     1 
   -1    -1    -1     1 
    1     1    -1     1 

    0     0     0     0 
    0     0     0     0 
    0     0     0     0 
   -2     2     2     5 
    4     0     0    -2 
   -1    -1     1    -1 
    4     4     4    -2 
    0    -2     6     8 
   -6     4    -4    -4 
    2     0     8    -3 
   -2    -6     6    -3 
    6     2    -2    -7 
   -2   -10     2     8 
  -12     4    12    -4 
    4    -2     6    11 
    2    10     2    -1 
    6    10     2    -6 
    0   -14     2    16 
   -8     4     4   -14 
    8    12     4    -5 
   -4     6     6   -10 
   -4    14    -2   -14 
    0     8    16    -4 
   -8    16    -8    -6 
   -4   -20    -4   -11 
  -10    14    10     0 
   -2     8   -16     0 
  -14   -14    18   -18 
   -6    -2   -18     2 
  -12    -8   -16   -22 
    0     4    20    -2 
    2   -22     6   -14 
    2     2    14   -14 
    6    -6    10    18 
  -18    18    -6   -12 
    8     2    10    -5 
    8   -16   -16     5 
    4     2    10   -17 
  -20     8    -8   -12 
   -6     6   -14     5 
   20   -16     0     7 
  -12    -4   -20   -13 
    0    -4    12    24 
   24     8   -16    -6 
    2    -2   -18    18 
   -2   -26    22    -2 
   -6     6    -2    14 
    6    18   -14   -11 
  -24    24     0    -4 
  -20     0   -16   -19 
   10    14    18     6 
   14     8   -24    21 
   16    20   -28   -20 
  -20   -16    -8     0 
  -16    20    -4    16 
   16   -16   -16    -9 
   22   -10    -2   -22 
    6     2   -14    -2 
   18    10     6     6 
  -10    28     4     6 
  -14    -2    18    16 
   30   -22   -22    13 
  -10     2     2    -2 
   12    -8   -24   -26 
  -20     4    12    34 
    2    10    -2    15 
  -14    -8    24    20 
   12   -14    -6    20 
   12   -20    20   -30 
   16    16     0    -9 
  -24   -14    -6    11 
   -6    -2    -2    -2 
  -10   -10     6   -19 
   -6    26   -14     1 
  -20    16   -16   -21 
   12    34    10     4 
   30   -12     4    16 
  -14     0     8    -9 
   -6     0   -16   -28 
  -22   -12   -36    12 
  -10   -18    22   -26 
    2     6    30    19 
   32    24    24   -32 
  -40    18   -22    23 
   36    24    24   -11 
  -28   -36    28    29 
   -6    22     6     4 
  -30    -2    14    -6 
   18    18   -14    28 
   -2   -18   -34    -7 
   -4   -10   -26   -26 
  -40   -28   -36    19 
  -20    24   -32     2 
   40    18    -6    32 
   -8    10    -6    26 
  -36     4    20    -9 
   24    20    20   -10 
  -32   -22    -6   -40 
  -14    10   -30    14 
   46    34     2    14 
