4 2
100
    1    -1    -1    -1 
   48     0     0     0 
   12    12     6     6 
    1     1     1     1 
    1 0    -1 4     3 0     3 0 
   48    12    24    12 
  -93 28   -93 28   -93 28   -93 28 
    0 1     0 1     0 1     0 1 
  -56 140   -56 140   -56 140   -56 140 
    3 0     3 0     3 0     3 0 
    5     1     6     2 

   -1    -1    -1    -1 
   -1    -1    -1    -1 
   -1    -1    -1    -1 
    1    -1    -1    -1 

    0     0     0     0 
    0     0     0     0 
    0     0     0     0 
   -2    -2     4     4 
   -1     1     1     1 
   -3     0    -6    -3 
    6     6     0    -6 
    9     0     0    -3 
    1    -2    -2     1 
    0     0    -6     6 
   -3    -6     6    -3 
   -2     4     4    -8 
   -2    -8    -2    10 
    2     2    -4    -4 
   10    -8     4     4 
   12    -6     0    -6 
   -6     6    -6    -6 
   -5     4    -2     7 
    8    14    -4     2 
  -12     6   -12     0 
  -15     0     6     9 
    4    -8     4   -14 
   -4   -10     8    -4 
   12     0    12   -12 
   12    12   -18    12 
    7    -2   -14   -17 
   10     4    16    10 
  -15    18     6    -3 
   -9     6    -6    15 
   -7   -16     8   -19 
   19    -8   -20   -17 
   18   -12   -18    12 
  -12    12    18    -6 
   18    18     0    -6 
  -15     6    18   -15 
   10     4    -8    10 
    8   -22   -16   -10 
  -11     4    -8   -11 
    2   -10   -16   -16 
   16    -8    -8   -14 
   18    12     0   -12 
   -3   -12     0   -15 
   -6    12   -12    18 
    3    12     6    -9 
  -16   -22    -4    20 
  -10     2   -22     2 
  -15    -6   -18     9 
  -24    -6    18   -18 
  -13    -4    -4    23 
    4     4    10     4 
    9     6    -6    21 
    6     0    -6   -24 
   -3   -24    12   -15 
   24   -24    12    24 
   24     0    -6   -12 
  -15    24   -18   -15 
  -13   -22    26    23 
  -16    14    20    -4 
    3   -30    -6    15 
  -24   -12   -30    24 
   -2    -8    10    -2 
  -18   -30   -18   -18 
  -15    18     6     9 
   16    -8    28     4 
    8   -16   -10    -4 
  -26   -14   -14    -2 
   28     4    -8    16 
  -18   -36    12    18 
   12     6    36   -18 
   30    18     0   -30 
   18     0    24   -24 
    5    38   -10    17 
   -4   -10    14   -16 
   -1   -22   -22    11 
  -10   -34     8     8 
   16    28   -20    28 
   30    18     6    -6 
   33    -6     6   -15 
  -15    30   -18   -39 
   30    18    -6     6 
   32    26   -34   -40 
  -16   -10    -4   -22 
  -24    18   -24    12 
    0   -24     0   -30 
  -30    24     0    36 
    9   -12   -36   -27 
   12    30   -30    36 
   30    30     6   -36 
   26    26     8    32 
   -7   -10   -10    41 
    4    -8   -14   -20 
  -22   -34    32   -16 
   26     2   -40    44 
   40    16    -8    -8 
   -6   -24    24    -6 
   24     6   -36   -12 
  -40    14    20   -16 
  -29   -20   -14     7 
   17   -10   -10   -19 
   -4   -34    38   -10 
