2 0
100
    1    -1 
  -32     0 
    4     4 
    1     1 
    1 0     1 4 
  -32    96 
  -75 98   101 -68 
   -1 0     1 0 
 -120 -75    30 -270 
    1 -1     3 -2 
  -32    -2 

   -1    -1 
    1     1 
   -1    -1 
    1    -1 
   -1    -1 

    1     1 
   -1    -1 
   -1    -1 
    1     1 
   -4     0 
   -1     1 
    8    -4 
    0     0 
    1     1 
    6    10 
  -10     6 
    6    -2 
    6    -2 
   12     0 
   -4   -12 
   -2    -2 
   -2   -10 
    4   -12 
    4     4 
   16     0 
   -8     8 
    0   -12 
    0    -8 
   -4     8 
  -12    -4 
   -2     2 
  -18   -10 
   10     6 
   10    -2 
   16    -8 
  -16     0 
   10    -6 
  -22    10 
    6    14 
    6   -10 
   -8    -4 
   -8    -8 
   20   -20 
    4     4 
   -6    -2 
   20    24 
   12    -4 
    0   -20 
   24    -8 
  -14    -6 
  -14   -10 
  -18   -26 
   -2    18 
    4   -20 
  -28    20 
   10    -6 
   -6    18 
    0    -4 
   -8     8 
   -8    -4 
    0    24 
    6   -14 
   22   -10 
   18    -6 
  -30     6 
  -14   -18 
    6   -14 
    6    -6 
  -20   -20 
   12    -4 
   18    10 
   18    18 
   20   -12 
  -36    20 
    0    24 
   24   -16 
   10   -22 
  -10     6 
    6    18 
   -4   -20 
  -36   -24 
   -2   -30 
   30    10 
   10   -18 
  -22   -10 
   38    -2 
   38   -34 
    8     0 
    0   -24 
  -12   -28 
   12    12 
   34     2 
    2    18 
   10     2 
  -22   -42 
  -16    24 
  -16     8 
    8   -16 
  -24   -32 
  -36   -12 
  -12    12 
    4     4 
   20    24 
   -2    22 
   -2    30 
