3 0
100
    1     1     1 
   20    -4     4 
    5     2     2 
    1     1     1 
    1 0     1 0     1 0 
   20    -4     4 
 -126 74  -126 74  -126 74 
   -1 0    -1 0    -1 0 
  -21 -126   -21 -126   -21 -126 
    1 -1     1 -1     1 -1 
    4    -8     8 

   -1    -1    -1 
    1     1     1 
    1     1     1 

   -2     1     1 
    2    -1    -1 
    0     0     0 
   -1    -1    -1 
   -5    -6    -2 
    0     4     6 
    3    -4     6 
    3     2    -6 
    2     4     2 
    4     6    -2 
    7     4     4 
  -10    -4     2 
   -6     6    -6 
    5     4    -4 
   -2     2     4 
    6    -2     0 
   -8     6   -14 
   -4    -2     8 
   -2     8    -8 
   12     0     0 
   15    10    -6 
   -7    -4   -16 
   -1    -1    -1 
  -12    16     6 
    4    -4    -8 
   -8   -16    -2 
    5   -14    14 
  -20     2    -2 
    6    -6    12 
    7     8    16 
    0   -18   -12 
   10    18    10 
   19     4    16 
    4    22    10 
    1    -6   -20 
   13     8    -8 
   -5   -16    16 
   -3   -24    12 
    7    -4     4 
  -20    16    -2 
   -4     2    14 
  -21    12     6 
   18     4   -24 
  -21   -12    18 
    2     2   -22 
   11   -10     2 
   -6    26    18 
   -3   -18    12 
  -17     4     4 
  -24    -6    24 
    2    10    26 
  -26    28   -20 
   -9    -2   -18 
   21     0    -6 
   29   -16    26 
    0    -2    -6 
  -12   -26    18 
   20    10     2 
  -22    18   -22 
    0    30   -18 
   11   -22    14 
  -27   -10   -12 
   33   -30    12 
   -4     4   -28 
   22   -20    16 
  -26   -22    34 
    5    22   -10 
  -12    24     0 
  -26   -20    28 
   -6   -16    12 
   16    22   -14 
   20   -26    26 
  -19   -22   -10 
   34    14   -26 
  -36     0   -12 
   25    24   -20 
   18   -14    -6 
  -38    -6    34 
   -2     8     4 
   30    -6    -6 
   16    22    10 
   14    10    26 
    0    -8   -12 
  -26     0    16 
    8   -34   -22 
    4   -20   -20 
   10    14    16 
   40   -22   -38 
   24    18     6 
   18    18   -18 
   -6    -6   -36 
   39   -24    24 
    8    32   -40 
   35    28    32 
   32   -20    20 
   17    28     2 
  -41    12     4 
    4     8     4 
   38    22     2 
   20    26   -22 
