10 0
100
    1    -1     1    -1    -1    -1    -1    -1    -1     1 
    0     0     0     0     0     0     0     0     0  -108 
   15     5    15    12    12    12     6    11     6     6 
    1     1     1     1     1     1     1     1     1     1 
    5 0     3 0     5 0     3 0     3 0     3 0     3 0     3 0     3 0     1 0 
   72   168     8    48   144     8   176    32    16  -108 
  -93 14   -93 14   -93 14   -93 14   -93 14   -93 14   -93 14   -93 14   -93 14   -93 14 
    0 1     0 1     0 1     0 1     0 1     0 1     0 1     0 1     0 1     0 1 
  -98 140   -98 140   -98 140   -98 140   -98 140   -98 140   -98 140   -98 140   -98 140   -98 140 
    3 0     3 0     3 0     3 0     3 0     3 0     3 0     3 0     3 0     3 0 
    1   -26     1     4   -26    -2   -26    -5     8   -13 

    1     1     1     1    -1    -1    -1    -1    -1    -1 
    1     1    -1    -1     1     1     1    -1    -1    -1 
   -1    -1    -1    -1    -1    -1    -1    -1    -1    -1 
    1    -1    -1     1     1     1     1    -1    -1     1 

   -1    -1    -1    -1     1     1     1     1     1     1 
   -1    -1     1     1    -1    -1    -1     1     1     1 
    0     0     0     0     0     0     0     0     0     0 
   -5     5    -5    -2    -2    -2     4    -1     4     4 
   -3     2    -5     0     0     5    -4    -5     0     6 
   -1    -3    -3    -4     2    -3     0     1    -4     2 
   -2    -8    -6     4    -8    -3    -6     2    -6    -2 
   -3     0     3     0     0     5    -4    -1     4     6 
   -3    -4    -3    -6     6    -9    -6     1    -2     9 
    2    -6    -6     2     2    -3    -6     2    -6   -10 
   -1    -1    -9     2   -10    -5     4    -1    -4    -7 
   -3     3    -7    -6     6     6     0     1    -8     6 
   -1     3    -9     2     8    -2    10    -5   -10     8 
    0     4    -4    12     6    11    -4    -4     0    -6 
   -2    -5     8     4    -2   -12     6    -4    -6   -11 
  -12    -1     6    -6   -12    13    -2   -14   -10     3 
   -4     7   -10   -10   -10    10    -2    -2   -10    -4 
   -1    10   -15    -4    -4   -14    -8    -3     8    11 
  -14     2     8     4     4     9    12   -12    12   -14 
   -3    -6    15     0     6    -9    12    15     8    -6 
    8    -6     4     8    -4     1    10     0     2    -4 
   12     0   -16     0   -12     8   -10    -4    -2    -6 
  -16     6     0     8    14   -11    -8     8     4     8 
  -16   -19     4     8    -4    -4     8    -4   -20    17 
  -10     0    -8    -4    20     0   -12   -16    -4     2 
   -4    14    10     2     2   -13    14    -2   -10    -1 
   -2   -10    -6    -2   -14     6    -6    10    -2    -8 
    4     4   -16   -14     4    14     2   -12     6     1 
    2    -3   -14    14   -10   -20    -8    18    -8     8 
    1    16    15    -8    -8     2    20    -5   -12   -11 
  -12     8    -8   -12    -6     4    -8    -8    16    -3 
    2     3   -14   -10   -10     5     2    18    -6    17 
   -6    12    22     6   -12   -12   -12   -18     8    -6 
  -23    18   -15    22    10     0   -18   -23     6    -8 
   20   -22     0   -10     2    -8    -2   -20   -10   -10 
   -9    -1     1     0     0   -20     4     5   -12   -18 
  -17   -20    -7    16   -20     0    12     5    12     7 
    4    20    20   -20    10     0    -6     4     6    13 
    4   -16   -14     4    16     6    -6    22   -10     4 
   -9    -8     7    18    -6    -1   -10    19    -6    -6 
   -1     1     1    -1    -1    -1    -1     1     1    -1 
   20   -22     6    -4    -4    21   -12   -18    20    14 
   -7   -15     3     8     8   -12   -12   -13    12   -19 
   17    -8   -17   -16   -22     8    20    -1     0   -22 
  -17    -2   -17    -2    10   -20   -20    11    12    16 
   -1   -19   -17    14    26   -14     4   -13     4     2 
  -15   -10    -7   -18   -18     2    26    -7    -6   -18 
  -11     8    -3    -2    -2    18     0    -7   -12     7 
   25    15   -13    -8   -20     0   -12     3    16   -17 
   11    20   -19    -4    -4    -4    -4     9   -12   -19 
  -24   -21    -6    30    18    18   -18     6    14   -27 
   15    16    27     6   -12    -2     4     3    -8    18 
   -8    16    30   -20    10   -20    -8     6    -8   -20 
  -12    16    22   -12   -24    21    30   -18     6    -6 
   -1   -12     9   -16    14   -16    -4     9    24    26 
    2   -12    -8   -16    -4    -9   -18   -24   -18   -10 
  -10    13     4   -10   -10    10    -2    -8    30     8 
  -18    -5   -20    18   -12   -17   -26    16    -2    -3 
   22     1     0    -2    -2     3   -30    -8   -22    10 
   10   -30    -6   -26    16     6     0    10    -4   -20 
    4   -19    -2    22    22   -13     2    10   -14   -17 
    3     4   -21     6   -18    17    -4   -17   -24    18 
  -26   -30   -12    10    16    21    18   -20    18    -2 
  -10    27    -8    -4    26   -24     6    16    -6    29 
    0     6    10   -12   -12     8    14   -14   -30    21 
   10    14   -28    -2    34     4   -14    20   -14   -20 
   -8    23    10   -26   -14   -14    22   -10   -34    -8 
  -13   -24    -3   -16     8   -27   -24    -3   -12    26 
  -10    30     2    -4   -28   -18   -30    18    22   -25 
  -18    27    -2   -12     0    20    26    10   -14     6 
  -12     8    10   -12     6     6   -24   -26    16     0 
   -6   -11   -26    30     6   -34    20     6   -28    -6 
    4    -6   -34    22   -14    -4   -22    34   -30     4 
    2    -8    -6    14   -34    -4   -22    10    10    -4 
    5    20   -25    20   -10    20     8   -29    36     2 
  -12    -4    -4   -24     0   -15     0    28     4    -6 
   -6    33    38    18   -18     2    -4   -10   -20     6 
   34     0   -22    10   -26     9    -6   -10    18   -11 
   30    18   -14   -30    18   -27    30    -6    -6   -21 
  -39    12   -15    18    -6     9   -30    -3    30     6 
  -22    18   -30   -10    38    23    20   -30     8    -1 
  -11    10     5   -26   -26    -6   -30    21    26   -14 
   25   -10    15   -32   -32   -12    12     3    36    16 
   14   -14     2   -28   -10     0     0    30     0     5 
   26   -33    12    -4   -28    17    -4   -28    12    14 
  -36   -41   -32   -24    12   -28    -4   -16   -32   -21 
    0    20    -2   -30    30   -40    26    -6    42    42 
   18    23   -34    18    30    15   -18     6    14    -9 
  -34   -20   -28    26   -16    -6   -30    24    38    23 
    6   -17    34   -18   -42    -2    40    -6   -32   -18 
  -29    19    17   -32    16     6     0   -23    32    40 
   18   -13   -22     0   -12    -2    16   -26    16   -15 
   26   -13    16   -28    32    -3    -6    12    34     2 
  -22   -12     2    -4     2     2     8   -30    16    17 
   -9   -36    29    36    12    32   -28   -15   -20    39 
    9    -7    27    24   -12   -22   -16   -21    12   -36 
   12   -38    22    36    12   -13    20    26   -28    30 
  -25   -14   -15    20    -4     6    12     5   -20   -19 
  -25    -8   -29   -10   -34   -24   -18    43   -10     8 
   -2    35    -6    -2    34    34   -14    -2   -22   -20 
