17 10
200
   -1     1     1    -1    -1     1    -1     1     1     1    -1    -1     1    -1    -1     1     1 
    0    18    32     0     0    14     0    70    16    24     0     0   -32     0     0   -30   -24 
   12     9     8     8     7     7     5     5     4     4    11     8     8     7     6     5     4 
    1     1     1     1     1     1     1     1     1     1     1     1     1     3     1     1     1 
   -3 4     1 0     1 0    -3 4    -1 4     1 0    -1 4     1 0     1 0     1 0    -1 4    -3 4     1 0    -1 4    -1 4     1 0     1 0 
   16    18    32    16    84    14    20    70    16    24    60    48   -32    12     8   -30   -24 
  -17 -66   -17 -66   -17 -66   -17 -66    67 60   -17 -66   -17 -66   -17 -66   -17 -66   -17 -66   -17 -66   -17 -66   -17 -66  -109 62   -17 -66   -17 -66   -17 -66 
    1 0     1 0     1 0     1 0     0 1     1 0     1 0     1 0     1 0     1 0     1 0     1 0     1 0     1 0     1 0     1 0     1 0 
  280 -100   280 -100   280 -100   280 -100   280 -100   280 -100   280 -100   280 -100   280 -100   280 -100   280 -100   280 -100   280 -100   -80 280   280 -100   280 -100   280 -100 
   -1 2    -1 2    -1 2    -1 2     3 0    -1 2    -1 2    -1 2    -1 2    -1 2    -1 2    -1 2    -1 2     3 -2    -1 2    -1 2    -1 2 
   -1     1     3    -7    -1     2     1    12    -5     3    -5    -1    -3    -3     1    -4    -3 
    0     0     0     0     0     0     0     0     0     0     0     0     0     0     0     0     0 
    0     0     0     0     0     0     0     0     0     0     0     0     0     0     0     0     0 

   -1     1    -1    -1     1     1    -1    -1     1     1    -1    -1     1     1    -1    -1     1 
    1     1     1     1     1     1     1     1     1     1    -1    -1    -1    -1    -1    -1    -1 
    1    -1     1     1     1     1    -1    -1     1    -1    -1    -1     1    -1     1     1     1 
   -1     1     1    -1     1    -1     1    -1    -1     1    -1    -1     1     1     1    -1     1 

    0     0     0     0     0     0     0     0     0     0     0     0     0     0     0     0     0 
   -1    -1    -1    -1    -1    -1    -1    -1    -1    -1     1     1     1     1     1     1     1 
   -4    -1     0     0     1     1     3     3     4     4    -3     0     0     1     2     3     4 
    4     3    -2     0     1     5    -5    -5    -4    -2    -1    -2     0    -1    -2     5     4 
    2    -6     4    -2    -2     0    -6     0    -6     4     2     0    -6     0     0    -2    -2 
   -1     1    -1    -1    -1    -1     1     1    -1     1     1     1    -1     1    -1    -1    -1 
    6     6     8    -2     2    -6     6     6     6    -4    -6     0    -6    -6    -2    -2     2 
    8     3     8     0    -1    -5    -1     7    -8     8    -3     4    -4     9     4     1    -4 
    1    -1    -1     1    -1     1    -1     1     1    -1     1     1    -1    -1    -1     1    -1 
   -6     6    -2    -6    -6     0    -2     4    -6     6    -6    -2    10     0     2     6    -6 
    6     8    -6     6    -8    -2     0     2    -2    -2     8     2     6    -6    -6     0    10 
   -8    -2    10    -8    10   -10    -2     2     8    -2    -6     2    -4    -2    -8    -2     4 
    2    10    -2   -10    -2     6     2    -6    -6    10     2    -6    10     2    -8     6    -2 
   -8    11   -12     8    -1    -1     3    -5     8    -4     1     4     0     1     0    13     8 
    4     6    -4    -4     2    -8   -10    12     4    -4     6   -12    -4     8    -4     2    -4 
    4    -9    -6     4     9     3    11     9   -12     6     9    -6     8    -9    12    -1     0 
  -14    12    -2    -2     8     0    -4   -12    -6     2     8    -6    -6     0   -12     4   -10 
    8    13    -4     8     9    13    -3     9    -8   -12     7   -12     8    -5     4    -5     0 
    8   -11   -12     4    -5     7     5    13    -8     4   -13     4   -12   -13    10    -3     4 
    6    -6     8     2    10     0    -6    -4     6     4     2     8    -6   -12    12    -6    10 
   -4     3     8    12   -13     9    -1    -7    12     8     3    -4     8   -15     8    -5     8 
   -4    13    16    -4     5    15     1     7    12     8    -3     4     8   -17     8    -3     8 
  -12     8   -16     4     8    16    16     8     4     8    -8    -4    -8    -8   -16    -8     8 
  -12   -16    -4     0    16    -8     0     0     4     4   -16   -12     8     0    -2     0    -8 
    6   -16    12     6     4     6    16   -18   -18     4    -8     0     6    18     6    12   -14 
  -20    10    14    16    -2   -10    -6    10    -4    10    -6    10    20     2   -14   -18     4 
  -18    -3     2    14   -19    -7    -7     9    14     2    -7    -6    14   -11    -2     9   -10 
  -14    -1    14    18    11   -11    15   -15   -14    14     1    18    14    -9     6    -3    14 
   -2     3    14    -2     7    13     3    -7    -2    -2    -3     2    18    15     2     1   -14 
    2    12   -16    18     0   -10   -20     6     2    12    -4     0   -18     2    -2    16     6 
   -6    22    16     2   -18     6    14    -2    -6    12    10    -8   -10     2    10    18   -18 
  -16   -11   -14     8     3    -7    -3    -5     8    -6    -9    -2     0   -15   -16     9   -12 
   12   -10     2    12   -14    -6     6     6   -12    10    -6     6     4    -6   -16   -18    16 
    6    -1    -6     6    15     3     3     3     6    -6    11    -6   -18    -9    -6    -5     6 
  -20    15     6    16    13    21   -21    11    12    10    15   -22   -20     3    10    -3     4 
    0    -6    -8    16   -22     8    18    -8   -16   -16     2    -8   -16     8    16    10     8 
    0    14     8   -24     2    20    -2     0   -16   -16    -2     0     0     8     0    10     8 
  -20   -12     4     4   -12   -10   -20    -2    -4   -12    -4     4     4     2   -20     4    12 
  -14   -18     4   -22    -6   -10     6    10   -22    12    -6    -8   -14    -2     6   -18     6 
    4    11    14     8   -15     1     3    15   -20     6     7     6   -16    19   -22     5    12 
    0    -7    -4   -24   -21    17     1    15   -16   -12     9   -12     8    -9    20     3     0 
  -12    13   -12     4    -3     3   -19    19   -12   -12   -15     4     4    -9     4     9   -12 
  -22   -16    16   -18     4    10    -8    -6    10     4    12   -24    14     6   -20     0    -2 
  -24    11    16   -16   -21    21    15   -27    24   -24   -13    12   -12    -3    -8    -5   -12 
   14   -11    -2   -26    17    -1   -19    11    14    14    -5     2   -22    13    14    -9    26 
  -18   -20    14    -6   -16    26     4    -6    14   -10   -16    18     6   -14   -24    -4    14 
   12     3    -6    -4   -11     3   -17    -7    12    -2   -11     2     8    15    20    11    -8 
   18    17    22    26   -27   -13    21    -1     2   -18   -13   -22     6    -3   -10    -9     6 
   -6    12   -20    14   -12     0     4   -16    18    12     8   -16     2    -4    20     8     6 
  -28   -13    -4    20   -15   -25   -13     9    20    12   -13    12    20   -23    -4    25    12 
   20     3    18    -4    21    27     3     9    12    18     9   -18    28     3    -4    -9     0 
   18    28    10   -22     8   -18    -4    -6    18   -22    -4    -6    -6     6   -14     8    26 
   -8   -15    24    16   -13    17    21   -17   -16    20    -3    16     8   -21   -24    15    20 
   -4   -17   -24   -12    21     7     3     1     4   -12    11    -8   -12    -3   -20     1   -24 
    8     0     0    -4    16    -4    24    -4   -16   -20    24     8    -4    12   -18    24    16 
  -28   -27     0    24    27   -17     9    29   -20   -12    15   -16   -24    -9    26   -15    12 
  -10    32   -18    -6     8     6    -8    10   -18     2    24    10   -26   -10   -20     8   -22 
   10    -2    10    26     2   -12    22    -8    -6   -22   -10    -2    -2    28   -10    10   -10 
  -22     4    26   -14     0    26    28    18   -22    -6    -8    -6    -6   -18    -2   -28    -6 
    6    13    26     6   -19   -27    -3    29     6   -22     5    26    22    -3     2   -27   -10 
   18     8     2   -22    24   -24    16     8    18    18   -20     2    10    20   -10    20    -6 
  -18   -34   -18    -2    30     6    -2    14   -18     6   -30   -22     2    18    -2   -14    -6 
   22   -24     2   -18    -4    12    32   -24     6    26    24     6    10   -24   -30   -28     2 
   10    10   -12   -18    -2   -20   -30    20   -14   -20    22     8    18     8    20   -22    -2 
    4   -34    20   -20    26     4   -10   -24     4    -4   -18   -12     4    -8     4   -14   -28 
   -2    -8   -18    18     0     2   -16    14    14   -18    24     2    30   -14   -36     8    30 
   18    17    14   -22    -3   -33     9    19    18   -18    23   -14    22    13    26   -29     6 
  -28   -12    12   -12    12     4    12    12     4   -12     8   -12    12   -24    16    16    12 
   12    12   -12   -20    12    12    -4   -28    12    12    20    20    28    36    -8     4    12 
   24     6   -24    24    22    24   -18   -24   -24    16    14     0     0   -24     0     6    -8 
    0     0    24   -16   -36   -14   -32    22    16     0   -24    -8    16     6    -8   -20    24 
  -10    -6   -26    22    22    24    10     4     6   -26     6    10     2    16    26    26    10 
   10    22   -10   -22   -26    34   -10   -14    10    22    26    34    -2    14    18    -6   -26 
    4   -10   -38    -4   -22   -10    22    26    20   -10    10   -22    16    22    -8     6     8 
    0    -1   -12    16    21    11    15   -35   -16   -36    -1     4     0   -11    16    29   -24 
    4     0    -4    20    16     8   -16    -8   -28   -20   -24     4    28   -16   -12   -24   -20 
  -26     6    26   -10   -26     2   -26    -6   -10   -14   -10    18     6    18     2   -26    22 
  -30     0     6     2     0   -12   -16   -28    18    30     0    38    34   -12    -6    16    -6 
    6   -12   -34     6   -20   -30   -28    10     6    -2   -16    10    10     6     2     0    10 
   10   -14   -18    10    38     0   -22   -12    -6   -34   -22    18   -26    36   -34   -26    14 
   28    -1   -26    -8   -35    13   -21     3   -20    34   -41   -30   -20   -37   -10   -11   -20 
  -10    28    34   -10   -20    28     4    -4    -2    -2   -16   -22   -34    -8    -6    -8    10 
  -16   -30    16   -24    -2    24   -22   -36     0    40   -18   -24    32     0    32    18    -8 
    8    10    32   -40   -30    30     2   -10   -24     0   -26     8     0    18     0   -34     0 
   -6    24    28    -6   -24   -18     0    -6   -30   -36     0   -24    26     6   -30    24     6 
    4    -8    12     4   -24   -26   -24    30     4    12    -4    12    -4    30     8    36   -36 
   14   -24    34   -42     8    18   -40   -18   -18    26   -36    -6   -26    -6   -14   -20   -10 
  -14    -6    18   -14    -6   -20    10   -24    34    -6    30    18    26   -12   -30   -18   -30 
   10    13   -10     2     9    11    37    31   -22   -42     3    10    14     1    18   -17   -18 
  -14    22    22   -10    -6   -22   -34    -2     2   -18   -30    34   -22    10    24    14    -6 
    0    18     0     0    14    -4   -14    16   -16     8     6    16     0   -32    -8   -14   -40 
  -20   -15    24    24    31    11    -3    17    20   -20   -13   -16    24    -5    14   -35   -20 
   22    -2   -24   -18    18    20    -2   -20    38   -12   -26    -8     2   -16    22     2   -30 
   16    29   -40    -8    33    33    17    29     0    24    -5    -4    28    11   -32    23    12 
   -4    -6     4    -4   -34    36   -30   -16    12    44   -30   -28    12    24    12    -2    20 
  -20   -27    28    12    -3    39     5    15    12   -12   -15   -12    20    27    12     1    36 
   14     4   -20   -14   -20   -24     4   -40     6     4    28    32   -10    32   -24   -28    10 
    4     4    -4   -20   -20   -22    -4   -30    20     4   -12    12   -20   -14     4    20     4 
    2   -16    10     2    32   -14   -16    14    10    14    28     2    26   -38    30    12   -10 
  -26     4    30    30     8    38    20    -6    38    14   -20   -18    30     2   -14    -8    14 
   -6     0   -12    18   -16    -4   -32   -28     2    20     0   -40    26    28    -2    32    38 
  -16    45   -12   -36    11    23   -27    37    32    20   -37   -20    28    35   -46   -19    44 
   -2    30   -18   -42   -18    38    -2    46    14    30    18    34    18    42   -14   -30    18 
   16     9    18     0    23   -11    13    -9    16    14    39    18    12    33     0    33    -4 
  -10   -14    22   -26    30   -10    10    18    38     6    38   -30    -6    30   -38    18   -30 
   28    -9    30   -24    -3    25   -41     7     4     6    11    22     0   -45   -10    25   -36 
  -30    -4   -12    22   -20    44   -44    12    26   -44   -40     0    18   -40    36    16   -26 
    4   -11     4    -4    23   -15     5    39    36    44   -35   -36    -4    31   -16     7    -4 
   34     6   -24   -34   -30   -30    46   -18    18    36    -6    24    22   -30   -32   -18    30 
  -32   -16   -24   -24     0     8   -24   -24   -16    24   -24    12   -12     0    24    24   -12 
   22    15     6    -2   -37     9   -29   -11     6   -10    13   -38    -6   -25    42    25    26 
   36    11    26    44    37    23    -9   -11   -28    46    29    34     8    43    24   -37    40 
   38     0    22    26    32   -26     0    34    22   -10    12   -38    30    42   -36    44   -34 
   42   -36     6   -26    -8    40    12    12    10   -26    32    18   -38     0    12   -36   -14 
  -34     0    40     2   -20    -4    16    32    14   -20    12   -40    26   -20   -16     0    34 
   12    43   -24   -36   -21    33   -33     1   -36    48    11   -20    24   -47   -40    19    24 
   -8    -2    38   -12   -14    30    30    42   -48    -2   -18   -42     4    18    26   -30    -8 
   12    18   -42    48    46   -30   -14    -2   -12    -2     2   -50    24   -42   -38   -18   -44 
  -10    -3   -18   -18     9    -9   -15   -29     6   -18    -9    10    18   -39   -30   -13   -30 
   14    12   -46    38    36    -6    12   -38   -18    42   -40    22   -30    -6    -6    40   -30 
   24    -1    36    32   -17     1   -33   -47    40     4   -45   -20    -8    21    28    27    16 
  -20    24    44    -4    12    16   -24   -20   -20   -36   -28   -44   -12    24   -36    24   -12 
   20    39    -6    12   -23    -9    -1   -11   -36    34    37    -2   -12    -1   -12   -45    16 
  -10   -16    50   -10   -44    34   -48     6    22    34    16   -30    14   -46     6     4    46 
   20   -10   -20    -4   -22   -18   -50   -46    36    20    -2    -4   -12    -6     4    -6    -4 
  -10   -32   -20   -18    12    -8    48    12    -2   -12   -36     0    14   -24    18    40    -6 
   12    39    30   -24   -27   -35     3    51    28    -6    -9    -6   -36    27   -50   -27   -36 
   -6    25   -46    -6   -15     1    37   -23    10   -30    13    10    34   -27     6    37   -30 
  -10    24    38   -10     4   -40   -24   -28    38   -26   -28    38   -26     8    38    16    46 
   26   -19    26    -6    37     5    41   -27    26   -14    25    -6    -6     1   -10    49    34 
  -16   -43    -4   -16    15    25     5     7    16    12   -11     4   -32     7    16     7     0 
   22   -26   -20    26    54   -28    38    16   -34   -36   -30    -8   -10    20     0     2    18 
   38    42    24     6   -30   -22    -6   -14    38    12   -14    16    18   -30    34   -14    42 
  -26   -18    24   -18    -6    12    14    -4     6    12   -18     8   -30    24   -34    34   -54 
   -8     4   -24   -32    20    12   -52    52     0    44   -52    16   -24    -4     0    12    -4 
  -24     8    32   -32     4    -4     0   -48     8   -32     8    48    16    32     0    20   -32 
  -34    10    10    -2   -22    10     2   -22    -2    50     2   -10    50    34     2     2    50 
   50   -54   -26   -38   -22     2   -22   -38     2   -34    22    10   -10    38    30     6    38 
   26   -18   -10   -54    -2   -40    30   -40    26    22    14    26    22   -48    54   -42    22 
   48   -26    30   -36   -38   -38   -26    54    40   -26   -26   -18    12   -42    26    -6    16 
   18    53   -38     2   -19    13   -23    21    34   -22   -47   -30    -6    33    42   -23   -22 
  -40   -43   -10   -36   -33   -57    33    25   -24    42   -27   -38    -8   -15   -10    15   -24 
   -4   -32    48   -48    48    -8   -40    -8     4   -12    32    40    48   -32   -14    16    36 
   24   -52   -24   -24   -32    42    12    38   -24   -32   -28    32   -48   -14    16    40    40 
  -52   -30    28   -52    -2    -6    34    54   -36   -20   -18    12    12    -6     0     2     4 
  -44   -33   -12    20   -21     7   -57   -29   -44    12    -3    28    -4   -15   -48    33   -36 
   -8    24   -24   -28    16    24     0    40     0     4     0   -32     4    48    18   -24    -8 
   24    32    32   -56   -36    48    48    28    24   -48   -20    -8   -48    24   -40   -48     0 
   -6    12   -14     2     8    26   -36   -10   -22     2    -4    38   -10   -14   -34    -8   -34 
  -10    12    38     2    -8    38    52    38    14   -38   -16   -46    22    14    32   -12   -38 
  -36   -20   -28   -20    32   -26    20    34    28    20   -32    52    52     2    56     4    20 
   -2    32    52   -26    32    54   -48     2    54   -28   -20   -40    22   -38    42    28   -22 
   32   -40   -28   -32    32   -12    40    44    48    20    16    44   -16    28    32     8   -40 
  -28   -37    44   -32     5    13    59   -33     4   -52   -35   -12     8   -55   -34    19   -16 
    8    24   -48     0   -12    28    -8   -32    -8    24    -4    16    48   -12   -56    56   -24 
   28   -15    -8    20   -29   -27   -19   -13   -12   -20    53   -40   -12    -9   -28    -9    16 
   38   -20    24   -30    44   -50   -12   -22   -26    20     4     8    42    34   -36    -4    26 
  -26   -50    24    34   -58    60   -26    16     6    20    42    16   -30   -20    20     2   -46 
   -8   -41    28   -24   -37    39    31   -53   -24    44    -3     4     8    33    24     9    32 
  -36    33   -12    -8    15    35    33    41    -4   -12   -17   -52    16    39   -42    17    24 
  -26    14    42   -42    30     4     6    12   -26    -6   -42   -54   -18    48    46   -18    30 
  -56   -14    34    48   -34     6   -30    42     0    26    54   -18     8     6   -24    26   -52 
   38   -36   -14    14    32    60   -36   -24    54   -46   -56    -6    22    44   -14     4    14 
  -20   -51    24   -12    17    -3     1    25   -36   -16    11    28    32    23    12    39    32 
  -44     1   -56   -20   -43     1    37    37     4    56   -17     4    32   -13    36   -37    32 
    2    34    50    58    38    24   -30    12    18   -46   -54    -6    18   -24     2   -18    26 
   14   -26   -30    14    26   -24   -50    44   -18   -46    58     2    22   -36   -34    30   -10 
   26   -46    16   -10   -62    30   -30    14    -6     4   -34    32    14   -38   -48   -26    -2 
  -20   -47   -32    -4   -55    35    61    -5    -4     8   -31   -20   -32    43    40   -15   -16 
  -20   -61   -26   -16   -31   -47    -5   -41   -44    14    -1    -2   -40   -29   -14    21    20 
   14    20    -2   -50     4     6   -36    22    30   -50     4    58    34    -2    34   -20    58 
  -40    -9     4     0   -51   -45    -9   -27    24    36    -1    12    32    21    -4    13     0 
  -46    -8    36   -26   -36   -54     0   -54    -6    12   -12    24    10   -18    20   -24   -42 
   24   -56   -40     0     0    32    32    56     8    24   -48    44    28   -48    -8   -24    12 
  -24    15   -56     0    15    -3   -13    53    24     0   -25    20    52    45    40   -33   -12 
   22    20   -38    14   -56     4    52    32    22    10    40   -46   -50    44    22   -44    46 
   20   -38   -14    20   -58    54    26   -38    12     2   -10    -2     4   -10    48   -22     8 
  -20   -26     4   -28   -38     2    -2   -34    44     4   -14    20   -28    10   -28    22     4 
    8    27    28    16    11    -3   -53   -51    24   -28     7    12    16    17    20   -17   -40 
   18     2    50    50   -42    62   -22   -30   -22   -18   -42    -6    18   -18    62   -30    54 
   12   -14    22    32   -10   -18    34   -38    12    26    18    58    60    18   -14   -42   -28 
   12   -32   -32    20    48    -8   -40   -48    28    48   -48   -12   -16     8    -8   -32   -48 
   58   -10    32    34    42    20    -2   -20   -22   -60    10   -32    14   -28    10   -34   -18 
   14   -26     6   -42   -26    50    22   -62   -34   -26   -38   -14    -6    14   -22    -6   -38 
   58    48    26    50   -44   -18    24   -30   -54    58   -28     6   -50   -14   -10    56    22 
  -34    52     0   -10    -4   -48    44     0    30   -28    64   -24   -46   -36   -34    48    26 
  -12   -49   -32    44   -13   -17    19    35     4    56     9    20   -24   -51   -36     5    56 
  -18   -33   -34    38   -21   -47    11   -19    -2   -18    61     2    34    47   -22    25   -30 
  -32     2     2    64   -18     2     2    30   -64   -18    -2    18    -4    34    32   -46    60 
  -58   -26   -54   -18   -58    10   -50   -14   -26   -46    -6   -14   -18    14   -46   -30   -34 
   -2    31   -22    -2   -49   -45     7   -37    30    26    15   -22    14   -13   -38   -17   -34 
  -52     0    28    48     0    44    64   -20    -4   -60    32    28     8   -36   -54   -48    24 
    6   -22   -36    54   -50    36    66    20    30    28   -54     8   -18    48     6     6    34 
  -52   -58    60    60    14    28   -50    36    28   -28    34   -12   -60    16    20   -46    -4 
   46    -8   -20   -14    20    -4   -64    32    38   -28    16     8   -50    56    32    12     2 
   32     7    12   -32     3   -25    23   -21   -16    12   -19   -36    -8   -15   -56   -15    48 
  -44    18   -12   -52   -66    42   -54    54   -12   -12    26    12    44    30    12    30    60 
  -22    36   -18    58   -28   -14    20   -14    58   -34    40    10   -18    22   -50     0   -10 
   44    27   -42   -32    17   -27    -5    11   -60   -58   -25   -10    48   -41    42    69   -28 
  -48    45    18    24   -13   -35    49    -1   -32   -10   -21    26   -36     1   -52    29    20 
