1 0
100
    1 
 -224 
   14 
    1 
    1 0 
 -224 
  -19 4 
    1 0 
  -42 42 
    3 -2 
  -14 

   -1 
   -1 
   -1 
    1 

    1 
    0 
    0 
   -1 
   -2 
    4 
    8 
    2 
    4 
    2 
  -10 
   -8 
   -8 
    8 
    8 
   -2 
   10 
    0 
   12 
    0 
    6 
    8 
   -4 
   -4 
  -10 
    4 
    4 
   -6 
   18 
   16 
  -20 
   18 
   -6 
   -2 
  -14 
   20 
   -4 
   16 
  -20 
   -8 
  -18 
   12 
  -10 
    8 
  -10 
    2 
    2 
  -10 
  -12 
  -12 
    6 
  -18 
   -6 
    0 
   24 
   18 
  -14 
   -2 
  -26 
   22 
    4 
   22 
  -14 
   28 
  -20 
   20 
  -28 
  -18 
   12 
   16 
   22 
   18 
  -26 
  -26 
    4 
    4 
   14 
    2 
   18 
  -30 
    6 
   -6 
    0 
   -6 
  -34 
   -4 
  -42 
  -18 
    6 
  -42 
   28 
   -8 
  -12 
   12 
   18 
   12 
    8 
  -16 
   10 
   22 
