1 13
100
    1 
  -12 
    3 
    1 
    1 0 
  -12 
 -141 24 
   -1 0 
   94 -141 
    1 -1 
  -12 

   -1 
    1 

    0 
    0 
    4 
    2 
    6 
   -4 
    4 
   -6 
    8 
    6 
   -1 
    2 
    7 
    1 
    2 
  -12 
   11 
   -3 
    0 
    0 
  -14 
  -14 
    4 
   -8 
    3 
    4 
   -9 
    1 
   -1 
    8 
    8 
   18 
    2 
    6 
   15 
   20 
    2 
   16 
    9 
  -14 
   -8 
    6 
  -26 
  -18 
   17 
   26 
   10 
   -3 
   16 
   -5 
   24 
  -16 
   21 
  -25 
  -14 
   -2 
   -1 
   -6 
  -26 
    4 
  -11 
  -18 
   -1 
   12 
  -26 
   26 
   24 
   -9 
   -8 
  -18 
   -6 
   30 
    4 
   18 
    4 
    1 
  -35 
    4 
   14 
  -24 
  -10 
   17 
   15 
   31 
    9 
    6 
   36 
  -20 
  -32 
   34 
   12 
   -8 
  -17 
  -20 
    4 
  -15 
   10 
   12 
   16 
  -29 
