1 2
100
    1 
   20 
    5 
    1 
    1 0 
   20 
   53 -76 
    1 0 
  250 30 
   -1 2 
   -1 

    1 
    1 
    1 
   -1 

   -1 
   -1 
    3 
   -1 
   -2 
   -4 
    6 
    4 
   -1 
    8 
   -8 
    3 
    8 
   -6 
    1 
   -9 
    5 
    8 
    8 
   12 
   10 
    1 
    0 
   15 
   -4 
   -2 
    2 
   -1 
   20 
   10 
   -7 
  -19 
   18 
   10 
   12 
   -1 
  -22 
   -8 
   19 
   -9 
  -17 
   18 
   -9 
  -20 
    4 
    6 
  -22 
   24 
  -17 
    8 
   -2 
   18 
    0 
   10 
  -10 
   16 
  -22 
   -8 
    2 
  -30 
  -11 
   16 
   23 
  -11 
  -23 
    2 
  -20 
   -3 
  -14 
    1 
  -32 
   12 
   17 
   11 
    0 
   20 
  -26 
  -24 
    8 
   33 
  -28 
  -28 
  -23 
   36 
  -25 
   36 
  -15 
  -33 
   14 
    8 
    1 
   -1 
   40 
  -15 
   25 
   15 
  -18 
  -31 
    9 
    8 
