4 4
200
    1     1     1    -1 
    0   -80   -48     0 
   14    10     8     8 
    1     1     1     1 
    3 4     1 0     1 0     5 0 
   48   -80   -48    48 
  -85 10   -85 10   -85 10   -85 10 
    1 0     1 0     1 0     1 0 
 -216 180  -216 180  -216 180  -216 180 
    3 -2     3 -2     3 -2     3 -2 
    1    -9    -3    -5 

    1     1     1     1 
   -1    -1    -1    -1 
    1     1     1    -1 
    1     1     1     1 

    0     0     0     0 
    0     0     0     0 
   -1    -1    -1     1 
    0     0     0     0 
   -2     2     4     4 
   -4     4     2    -2 
   -4     4     2    -2 
   -6     6     0     8 
   -6    -6     6    -2 
   -6     6     0     0 
  -10    10    -4     4 
   -6    -6     6    -2 
   -2    -2    -2    -2 
   -8    -8    -8     0 
   -4    -4    -4    -4 
  -12    12     6    -2 
    4    -4   -14    -6 
  -12   -12    12    -4 
   12    12    12   -12 
   16   -16   -14     6 
   -2     2     4   -12 
    0     0     0   -16 
   12    12     0     0 
   -8     8    -2    -6 
   -2     2    -8     0 
    2     2     2   -14 
  -10   -10     2    -6 
  -12    12   -18    14 
   12   -12     6   -10 
   -8    -8    -8     0 
   16    16    16   -16 
   -6     6     0   -16 
  -22    22     8    -8 
   -4     4    14     6 
   12   -12    18    -6 
   -8    -8    16    16 
   20    20     8   -16 
    4     4     4   -12 
   -4    -4   -16    -8 
    6     6    18    10 
  -18    18   -12   -12 
   -4     4    14   -22 
  -18    18   -12    20 
    8    -8     2    22 
   18    18     6   -10 
  -18   -18    18   -14 
   -8     8   -14    -6 
    8    -8   -10    -2 
   -4    -4     8    -8 
   20    20    20     4 
    6    -6    12   -20 
  -26    26     4     4 
   10   -10    16   -24 
  -12    12    18    30 
   24   -24     6    18 
  -30    30   -12     4 
  -10   -10    14    30 
  -22   -22    26    10 
   14   -14    -4    12 
  -10    10   -28   -12 
    6     6     6   -26 
    0     0     6   -18 
  -24    24    18   -22 
   -4    -4    20   -28 
   -4    -4    -4    -4 
   26    26   -10    14 
  -14   -14    22    30 
   14   -14   -16    -8 
   32   -32    26    22 
   36   -36    30   -14 
  -18    18     0   -24 
    2     2    26   -22 
   34    34   -14    34 
  -22   -22   -22    -6 
   20    20    20    36 
   12    12   -36   -20 
   30   -30   -12    12 
   10   -10    16    16 
   10   -10    16    24 
  -14    14   -32    -8 
   10    10   -38    26 
  -26   -26    22   -26 
    0     0    18    -2 
   -6     6    12   -20 
   30   -30   -12    36 
  -28    28   -34    26 
  -12    12   -30     2 
  -20    20    34   -30 
  -10   -10    26    26 
   22    22   -38   -38 
  -16   -16     8   -40 
   -8    -8     4    12 
    4     4    40   -16 
    8     8   -40     8 
    2    -2   -40     0 
  -16    16     2     6 
  -16   -16    -4    20 
  -20   -20   -20    -4 
  -22   -22     2   -30 
  -10   -10    14    -2 
   16    16   -20    -4 
    4     4    28   -20 
   24   -24    30    22 
  -32    32    34    -6 
   -2     2   -20    20 
   14   -14   -28    12 
   20    20   -28    36 
    8     8    20    20 
    8    -8     2    38 
  -18    18    12    12 
   14    14    38     6 
  -46   -46   -10    30 
    6    -6    36    12 
    6    -6   -36   -28 
  -40   -40    32    32 
  -16   -16    20   -36 
    2    -2   -16    40 
  -30    30     0   -24 
   -6     6   -24     8 
  -50    50     4    12 
   30   -30    36    36 
   20   -20   -22     6 
    2     2     2    50 
   26    26   -46   -14 
  -12    12    30   -38 
    6    -6    36   -44 
   14   -14   -28   -12 
   -6     6   -24     0 
  -46   -46    26    10 
   22    22   -14    26 
  -44   -44    16    40 
   -4    -4    20    52 
    2    -2    -4   -36 
  -24    24    -6   -42 
  -16   -16    20    20 
   16    16    40    -8 
   14    14     2    10 
  -22   -22   -46   -14 
   -8     8   -38   -54 
  -32    32   -14    18 
  -48    48    -6    18 
   24   -24    30   -10 
  -16   -16   -40    24 
    4     4    -8   -56 
   -8     8    22    18 
   14   -14     8     0 
   38   -38    56    48 
   36   -36   -54    46 
   34    34   -26    46 
   38    38    38   -42 
  -32   -32    28   -12 
  -20   -20   -44   -28 
   12    12   -36    28 
  -24   -24   -12    -4 
   -6     6   -12     4 
  -40    40   -22    22 
   20    20    20    -4 
  -16   -16   -40   -56 
  -24    24    30    50 
    2    -2     8    48 
  -24    24    30   -34 
  -40    40    14    30 
   22    22   -26    38 
  -48   -48    48     0 
  -32   -32    40    48 
   34   -34   -32   -16 
   26   -26    32   -32 
   52    52   -20    20 
    0     0    24     8 
  -42   -42    30    -2 
   18    18    -6   -22 
   -2     2    -8    48 
   24   -24   -42   -30 
   24   -24    18   -42 
   54   -54    12    12 
  -34   -34    14   -34 
   22    22   -26   -10 
   20    20    -4   -20 
    8     8   -40    40 
  -62    62    64    -8 
  -50    50   -44    52 
    4     4    52     4 
  -40   -40    56   -24 
  -62   -62   -14   -14 
   14    14   -46    -6 
   42   -42   -24    48 
   12   -12    -6   -26 
  -26   -26   -14    18 
  -34   -34     2   -30 
    6     6     6    22 
   30    30    54    22 
   36   -36    -6   -34 
   -6     6    12   -20 
    4     4   -68    60 
  -52   -52   -40     8 
  -50    50    16    -8 
  -24    24    54    18 
   -2    -2   -38     2 
   62    62     2   -38 
   38    38    50   -22 
