3 12
100
   -1     1     1 
    0    24    12 
   10     6     6 
    1     1     1 
   -3 4     1 0     1 0 
    8    24    12 
   39 -78    39 -78    39 -78 
    1 0     1 0     1 0 
  272 0   272 0   272 0 
   -1 2    -1 2    -1 2 
   -1     3     1 

    1    -1     1 
    1    -1    -1 
    1    -1     1 

    0     0     0 
    0     0     0 
   -2     2     2 
    2    -2     2 
    0     4    -2 
    2     0     0 
    0    -6     0 
    0     2     0 
   -2     2    -2 
    2     4     0 
    0     4     2 
    0    -8    -2 
   -2     8     0 
   12    12     4 
   -4     4   -12 
   -6    -6    10 
   10    10    -6 
    8    12     4 
   -4   -12    -8 
  -10     2     6 
   -6    -6    10 
  -14    14    10 
  -10     6    14 
    8    -4    -6 
    6     0    -8 
   -2    -4    -4 
   -4   -20    -2 
   16    -6    12 
   12     2    16 
  -16     0     8 
   -8     8    16 
  -10    18     2 
    2    18   -10 
  -18    14    -6 
   -6   -18   -18 
  -16    16     8 
   -8    -8    16 
  -16   -16     2 
   -2    20    16 
    2   -10     2 
    0    12   -20 
   20    12     0 
  -20    20     8 
   -8     4    20 
   16    -2   -24 
  -24   -10    16 
  -24    -8    22 
   22     8   -24 
    4    -4    26 
  -26    24    -4 
   30    -6   -18 
  -18    10    30 
   24     8    24 
  -24     0   -24 
   -8   -12    16 
  -16     4     8 
   18   -12    16 
   16   -28    18 
   18   -10   -10 
  -10   -10    18 
   -1     1    -1 
   -2   -16    32 
   32     0    -2 
    4   -20     0 
    0    20    -4 
   -8    18   -20 
  -20    26    -8 
   12   -24   -18 
   18   -36   -12 
   -8   -36     0 
    0    20     8 
   34   -18    34 
   10    26     2 
    2    18    10 
    6    -4   -20 
   20   -16    -6 
  -18    30   -30 
  -30     6   -18 
   28     6    -4 
   -4   -18    28 
   26   -30   -22 
  -22    -6    26 
   12     2    12 
  -12    26   -12 
   24    36   -36 
   36    28   -24 
   34     6    14 
   14   -10    34 
   10    10    18 
   18    -6    10 
  -16   -32   -24 
   24   -16    16 
  -16    10     8 
   -8    34    16 
  -20   -20    12 
  -12   -36    20 
  -16    44    30 
  -30    24    16 
    4     8    26 
   26    24     4 
