2 0
100
   -1    -1 
    0     0 
    9    13 
    3     1 
    1 4     1 4 
   72     8 
   33 -16     7 -30 
    1 0     1 0 
   30 50    20 -90 
   -1 2     3 0 
   -6    -1 

    1     1 
    1    -1 
   -1     1 
   -1    -1 

   -1    -1 
   -1     1 
   -1    -5 
   -2     2 
    0     0 
   -3    -5 
   -3     7 
    6     6 
    1    -1 
    0     0 
    6    -2 
    1     1 
    2   -10 
    8     0 
  -10    -6 
   -9     3 
    6    -6 
  -13    -3 
   14   -10 
    3    -1 
   -9   -13 
  -10    -6 
   -1     3 
   18   -10 
  -15     7 
   20    16 
  -16    -4 
   -3   -13 
   12   -12 
    2    -2 
    2     6 
   -6   -18 
   -6     2 
   -6    -6 
   -9   -11 
   -1   -19 
    8    -8 
   11   -13 
  -16   -16 
  -19    -5 
   12    12 
   -3    21 
   24    -8 
   18    18 
  -22    18 
    5    11 
   12   -12 
    3     9 
  -22    18 
  -13     5 
  -15    17 
   15    -9 
  -18   -30 
    0     0 
   -6   -18 
   24   -16 
    8    12 
    8    28 
    9   -15 
  -24    12 
  -16    28 
   12    -8 
  -27    17 
  -10    22 
  -28     0 
  -13   -11 
    5   -13 
    0   -16 
  -15   -33 
    0    36 
    0   -36 
  -25   -15 
  -22    -6 
  -31    13 
   20   -12 
  -34    10 
  -33     3 
  -21     9 
    9    31 
   -6     2 
  -10    26 
   17   -35 
  -36   -12 
  -24     0 
    6   -30 
  -27    -3 
  -18    22 
   39   -17 
  -10   -38 
  -10   -10 
  -31   -27 
   32   -20 
   20    12 
  -16     8 
   -3   -29 
   42   -18 
  -40     8 
  -13   -11 
   29     9 
   -7    35 
