5 0
100
   -1    -1     1     1     1 
    0     0     0   -40   -80 
   13     4    13    10     4 
    1     1     1     1     1 
    1 4     1 4     5 0     1 0     1 0 
  176    32    16   -40   -80 
  175 -134   175 -134   -77 28   -77 28   -77 28 
   -1 -1    -1 -1     1 0     1 0     1 0 
 -288 36  -288 36   -36 -126   -36 -126   -36 -126 
   -1 2    -1 2    -1 2    -1 2    -1 2 
    3     1     2    -8   -12 

   -1     1     1     1    -1 
    1     1    -1    -1    -1 
    1     1     1     1     1 
   -1     1     1     1    -1 

    0     0     0     0     0 
   -1    -1     1     1     1 
   -5     4    -5    -2     4 
    0     0     0     0     0 
    5     4    -5     4     2 
    3    -4    -3     0     0 
    3     0    -3     0     6 
    8     0    -8    -8    -6 
   -8     2    -8    -2    -4 
   -2    -2     2     8    -6 
    1    -1    -1    -1     1 
    6     6     6    -6     8 
   -8   -10    -8    -2    10 
   -9    -4    -9   -12     8 
    4    -8     4    -2   -12 
    6    -6    -6     6    10 
   -3    -6     3     6     4 
    2    12     2     8   -14 
   -7     8    -7     2    12 
    9     0    -9    12     0 
   -9    -8     9     0   -12 
  -15     4   -15    -6     4 
   -6     8    -6    12    10 
    4    -4    -4   -16    -2 
   -6   -20     6   -12    -4 
   -7    -6    -7    20    14 
    0    -2     0    18     0 
    8   -14    -8     4    10 
    3   -10    -3     6    -6 
    5     8     5   -16    16 
  -12   -16   -12    12     8 
   -3    22     3    -6     0 
   18     6   -18    18     6 
    1    10    -1     2   -14 
    6     6    -6     0    18 
   -8   -16    -8    -8   -16 
  -10   -24   -10    20    16 
    6   -12     6    12   -20 
    0   -12     0    12     6 
  -20   -22   -20    10    -4 
    4    20    -4   -16   -16 
  -18   -16    18   -18     0 
   18    12   -18    18     8 
   -8   -24     8    -4   -20 
  -19   -18   -19    -4    -6 
  -12    10   -12     6    24 
    1     2    -1    14     2 
  -18   -18    18    12   -18 
  -15    -8   -15    -6    12 
  -23   -20   -23     4    12 
    4    22    -4    26     6 
  -24   -26    24   -18   -18 
   10     8   -10     8     8 
   14    16   -14    16     0 
   29   -24   -29    -8    12 
   -2   -12     2    26    24 
   10     2    10     4   -22 
    2    14     2   -10   -12 
  -29     6    29    26   -24 
  -27     6    27    -6     4 
   26    10    26   -10   -14 
  -12   -18    12    24     2 
  -30    18    30   -18    34 
    4     8     4    22    20 
    8     4     8   -28    24 
   20     2    20    26   -28 
    5    22     5     8    22 
   28    12   -28   -16   -26 
  -26     4    26    20   -12 
   20    -8   -20    16    24 
  -17    24    17    20    26 
   15    -2    15    24   -18 
  -25    34   -25    20    -6 
    2    14     2   -10    -4 
   31    -4    31   -20   -20 
   -3   -16    -3   -30    12 
   21    34   -21   -18   -18 
    1    18    -1    26    12 
   20   -38   -20    16   -18 
  -14   -14    14    -4    14 
   20   -34    20     2    18 
  -18   -18   -18     6    32 
  -20     8    20   -16    -8 
   12    32   -12     0    12 
  -29   -12    29    20    -4 
  -36    12    36    24    18 
    2    -2    -2    34    18 
   18     6   -18    30   -36 
  -18   -38   -18    -6   -16 
    8   -22     8     2    -8 
  -18    16   -18   -24   -10 
  -22     8   -22    -4    34 
   23    16    23   -40   -32 
  -21   -16   -21     0   -24 
  -28    28    28   -20    36 
   40   -16   -40     2   -12 
  -30    -4   -30    24   -32 
    5     4     5    20    40 
  -11    30   -11   -38    -2 
  -13     2   -13     8    -2 
