2 2
100
   -1     1 
    0     8 
   12     4 
    1     1 
    5 0     1 0 
    4     8 
   23 -78    23 -78 
    1 0     1 0 
  288 -32   288 -32 
   -1 2    -1 2 
    1     1 

   -1     1 
    1     1 
   -1    -1 

    0     0 
    0     0 
   -4     4 
    2     2 
   -2     2 
    0     0 
   -6     6 
   -4     4 
   -4    -4 
    2     2 
    2     2 
    0     0 
    1     1 
    4    -4 
   10   -10 
    8     8 
    6     6 
   12   -12 
    8    -8 
    0     0 
    0     0 
   -8     8 
  -16    16 
   -8     8 
   -4     4 
   14    14 
    2     2 
   16    16 
  -18   -18 
    2    -2 
    2    -2 
   -2    -2 
  -10   -10 
    4     4 
   -6    -6 
  -18    18 
   10   -10 
    0     0 
   16   -16 
  -16   -16 
    4    -4 
  -18    18 
  -24    24 
   16   -16 
   26    26 
    4     4 
   22    22 
  -22   -22 
    6    -6 
   -8     8 
   14    14 
    6     6 
  -14    14 
  -12    12 
  -16    16 
   24   -24 
  -10   -10 
   28    28 
   30    30 
   18    18 
  -10   -10 
  -18   -18 
   20    20 
   -4     4 
   12   -12 
  -34   -34 
    6     6 
   28   -28 
   16   -16 
   24   -24 
  -24    24 
   16    16 
  -14   -14 
    0     0 
    4    -4 
   14   -14 
  -12   -12 
   18    18 
  -10   -10 
   12    12 
   -6    -6 
    8     8 
  -34    34 
    8    -8 
   24   -24 
  -18    18 
  -10   -10 
   30    30 
   -8    -8 
  -10   -10 
  -24    24 
   -4     4 
   28   -28 
   -2     2 
  -12    12 
    2    -2 
   18   -18 
   -4     4 
    8     8 
  -30   -30 
