5 0
200
   -1     1     1     1     1 
    0   -22     0   -24  -128 
   13    11     8     8     8 
    1     1     1     1     1 
    5 0     1 0    -1 4     1 0     1 0 
    8   -22    24   -24  -128 
  211 -2   -53 -26   -53 -26   -53 -26   -53 -26 
   -1 -1     1 0     1 0     1 0     1 0 
 -108 -156   156 -132   156 -132   156 -132   156 -132 
   -1 2    -1 2    -1 2    -1 2    -1 2 
    1    -3    -2    -4   -14 
    0     0     0     0     0 
    0     0     0     0     0 

   -1    -1    -1    -1    -1 
   -1    -1    -1     1    -1 
    1     1    -1    -1    -1 
    1    -1     1    -1     1 

    0     0     0     0     0 
    0     0     0     0     0 
   -5    -3     0     0     0 
   -1    -1     1     1     1 
    5    -1    -6    -2     2 
   -4    -4    -6     6    -2 
    9    -1     2     6     6 
   -6     6    -8     4     0 
    2     2    -2    -2    -6 
   -3    -3    -4     0     4 
   -7     5    -4     0    -8 
    1     1   -10     6     6 
    7    -5     2     2    -6 
   -4    -8    -4     4    -4 
    8     8    -8    -8     4 
   -3     9     4     8     8 
  -10     2    -2    -2   -10 
   -1     1    -1     1    -1 
   -5    -3   -12    -4    -4 
   -5   -15    -2    10    -2 
   -2    -6     0   -12     8 
    4    -4     4     4    16 
   -2    14    -8     0    -4 
    9     3    10   -10     2 
    6   -14    12    -8     4 
   11     7   -14    18     2 
   -6    10   -14    10     2 
   15    -9    12   -16     4 
   12    16     6    14    -2 
   -8   -16     8   -16    16 
   16    -4   -20    12    -4 
   17   -19    16    12     4 
  -18   -18    -2     6    -2 
    7    -5    -8   -12    -4 
    6     6   -12    -8    20 
   -8     0    -8    24    16 
  -10    14     4    20    -4 
    2     2   -20   -12     0 
  -19   -25   -12    -4    12 
   14    22    10    10    -2 
   14    -6   -20   -16   -12 
   -6   -14     4   -16    12 
  -20    12    -6    14    -6 
  -21     9   -22    22    18 
   -4    -8   -14   -22    14 
   -6    22     2   -22    14 
   -2   -14    22     6   -18 
  -10     6    -8    20   -24 
  -14    -6   -12    -4    -8 
  -27    23     4    20    20 
   18    -2   -18     6    -2 
    2   -14     8     4   -20 
    2   -26    16    12   -24 
   26   -14    28     0    12 
    4   -24    12    16     4 
  -24    24    30   -22   -10 
    8   -12    18    18    -2 
   24   -12   -30     2    10 
   -9     3    -4     0    24 
    6    22     6    -2    30 
  -27   -19    14   -18    -2 
  -12    12    -6    18    -6 
    0     8   -22     2    18 
   12     4     4     4    20 
    3    25   -20    28     4 
   22    10   -26    -2   -14 
  -18    14   -18    14    22 
    2     6    32   -12   -24 
   12   -12   -12     0    12 
  -15     7    18    14    14 
    2    -6   -24   -20    16 
   26    10   -14    34    14 
  -11     9   -22    -6    10 
   26    18    22   -26   -26 
  -28   -20   -28    20    36 
    5     3   -36   -20   -12 
   30   -10    -6   -14   -30 
   18   -26     2    26   -30 
   38   -30   -18   -10     6 
   27    27    28    32    12 
    2     2     2     2    30 
   14     2   -22    10    18 
  -10    26     0   -36     8 
    8    16    -6    30    -2 
   18    26    24   -20    24 
   -4    -4   -12     0    12 
   30    -2   -16   -36    36 
   15    35    36   -24   -24 
   17   -11   -10   -42    14 
  -17    35    34   -14    26 
  -12    16     8   -16    20 
  -34   -18    32    40     4 
   38   -34     8    16   -16 
   40    16   -28     4    28 
    2    22   -24   -20    24 
   25    35    -2    18   -42 
  -20    28    20    20    12 
  -41   -43    -4    -4   -12 
  -13    -5    34     2    34 
  -22   -14     2    18    -2 
   11   -39    12    20   -28 
   -9     9   -12    12    28 
   -3    -3    12     0   -12 
   -6   -30     8   -28    36 
   24    24    -6    26    -6 
  -36    28   -18     6     6 
  -23   -25    -4    36   -12 
   -2    -6    -4   -44   -12 
  -36   -16    12   -40   -12 
   20    12   -28   -40    12 
  -38   -30   -30   -14    10 
   45     5   -22    -6   -38 
  -47    25   -40   -12    32 
  -18    -2   -28     8    20 
  -11    11    40   -16     0 
   49   -25   -16    -8     0 
  -12    28   -42   -34   -34 
   21    29    40    20     8 
  -28    -4    10   -14   -14 
  -23   -27    36    24   -32 
  -16    12   -16   -20    40 
  -29    21   -26    18     2 
  -26   -14    26     2   -14 
  -29    43    34   -46   -14 
  -20    36   -18   -30    14 
   19    21    50    30    22 
  -18   -50    28    16    20 
   20   -12   -30    26     2 
   -4    -8    42     2   -10 
    8    32     2   -38   -46 
  -14     6    36    44   -52 
   34   -42    24    40   -20 
  -50    -2   -12    24    36 
   31    -7   -26    34    -6 
  -25   -11    32   -32    48 
   -6   -10   -40   -16     0 
   43    19   -34   -50   -34 
  -40     8    34    10   -34 
  -46    30    14     6     6 
   -5    27   -20    16    36 
  -28    36   -18    14    38 
  -18    -2    10     2    26 
   54    22    28    -4    40 
  -24   -40     8    32    32 
  -38   -22     8    -4   -48 
  -17    25    -6    30    30 
   11   -23    42    38    -6 
  -16    -4   -16   -28   -24 
   24    56    46    46   -42 
  -50    50    14    -2    42 
  -34    -2    -4    20    32 
  -26    26   -16    16    -8 
  -23    19   -12   -44     4 
   24    40    16    32    -4 
   -8   -16   -30   -10   -50 
  -36    28   -20     8   -52 
  -19    27    24    -8     0 
  -43   -21    16   -16    24 
  -27    43   -26    18   -14 
  -52    20    -4   -24   -28 
   10   -46     2    18    42 
   46    42    30     6     6 
   13   -35   -18    46    14 
   37   -17    32     8   -32 
   50    34    16    -8    32 
  -17   -13   -60   -40    40 
   10     2   -48   -20     4 
  -58   -30   -60     4    16 
   -2    -2    -4   -20   -40 
  -43    17   -14   -62   -14 
   25    29   -14   -30   -14 
    7     9    62   -30    42 
   48    48   -60   -40    12 
   36    32    12   -24   -12 
  -32     0   -10   -54   -42 
  -37    51   -10   -10   -42 
   18    30    30    14    54 
    4    44    -4   -12    20 
  -36   -52   -28    44    28 
   54   -34   -36   -32   -24 
  -26    38   -52    32    12 
  -58    -6    48    56    24 
  -17   -43   -40    48   -24 
  -32    56     2    50    30 
  -48    36    -6   -54    42 
   -8   -24   -30   -18   -34 
  -35    27    22    42   -62 
   -8    36   -30    58    38 
   23   -17    38   -10    38 
  -38    26   -14   -62    50 
  -20    20   -10    54    14 
   54   -42    -4   -48    20 
   57    31   -42   -22    58 
   48    56   -20   -28    20 
   34    -2    52    60    16 
  -52   -44   -18    34    34 
  -36   -20    18    30   -22 
  -38    -2    10    18    38 
   10    14     2   -54   -58 
   49    -7   -50    46    14 
