5 5
100
   -1    -1    -1    -1    -1 
    0     0     0     0     0 
   10     7    16     8    10 
    1     1     1     1     1 
    5 0     5 0     5 0     5 0     5 0 
   16   144   120    40     4 
  -15 122   -15 122   -15 122   -15 122   -15 122 
    2 0     2 0     2 0     2 0     2 0 
 -252 168  -252 168  -252 168  -252 168  -252 168 
    1 2     1 2     1 2     1 2     1 2 
    3     4    10     2    -3 

    1     1     1     1    -1 
   -1    -1    -1    -1    -1 
   -1     1     1    -1     1 
    1     1    -1    -1     1 
    1    -1     1    -1     1 

   -1    -1    -1    -1     1 
    0     0     0     0     0 
    0     0     0     0     0 
   -1    -1     1     1    -1 
   -1     1    -1     1    -1 
    2     5    -4     4     2 
    0    -6    -5    -1    -1 
    0    -5    -6    -6     4 
    4     3     1     7    -5 
    0     8     3    -7    -5 
   -6    -5     4     0    -6 
   -2    -2    -2    -6    -4 
    2    -2     4    -4     4 
  -10    -6     2    -2    -4 
    4   -10     4     8    -2 
   10     0    -9     3     9 
   -6    -6     3    -9    -1 
  -12    -7     4     4    -4 
  -14   -12    -2     2    -2 
  -12     0    15    -5     5 
    0    15   -14   -10    -8 
   16    -4    14   -10     8 
   -2    16     4     8     2 
   10    -4    -8     0    -6 
    4    12    12   -16    -6 
    0   -15   -14   -10    14 
    2    10    14   -14     8 
   10     1    -6    10     0 
   18    -9   -14   -10   -12 
   12    -7    17     9   -19 
   -8    13     1     7    17 
  -12     6     2    22     2 
   20   -12    -7    19     1 
  -10    18     3    -9    13 
    6    -3   -20     4     0 
   -8    22   -22    -2    -8 
    6     0     2     2    -8 
    0   -21    11    -3    -1 
   18    14    14   -22     2 
    6    20    -2    -2    10 
   16     2     3   -23   -19 
  -18     1   -16    20    10 
    0   -10     3    25   -15 
   10     3     8   -12    18 
    2    16     6   -10     0 
  -26    14    -1    -1   -19 
    6    -7    10     6     6 
   -6    12    -3   -23   -27 
   12    19     5    13   -23 
    8    20    15     1   -27 
  -18    19   -12    -8     6 
   12   -26   -23   -13     5 
  -16    -1    22     2    -8 
   10    -8    -6   -22   -26 
   -6     8    20   -24     0 
   -8    -9   -18    -6    -4 
  -22    19   -18    -2   -26 
    6    20    10    26   -26 
   -6   -23    26   -22    18 
  -24   -12   -10    -6   -18 
  -22    22    -2    -2    14 
  -22   -18   -12   -32    12 
   14     9    28    12    12 
  -20   -12   -10    22    22 
    0   -16   -21    11    -3 
   32   -22   -25    33    25 
  -10   -32    10   -10    26 
  -16   -18   -27   -17    33 
    8   -28    24     0     8 
   16   -18    17    21   -19 
   12   -22     0     0   -16 
  -10     1     5    21   -13 
    6   -32   -18    26    18 
   10   -21   -25   -17     1 
  -34    22   -10   -26   -16 
   16   -32    -4   -28     4 
  -22    -6   -18   -18     0 
  -18   -13    10   -26    18 
    2    23     0     0    20 
  -10   -22    34    22   -38 
   18   -24   -10    -6   -30 
   -2    -8    -8    32   -22 
   12   -16   -39    21    -7 
  -24   -12    25     3    -3 
   -4     6     4   -28   -28 
  -26    13   -30    14    10 
  -14    -4     2   -14   -38 
   30   -30   -29   -33   -17 
  -14   -18   -22    -2   -32 
   -6   -19   -13    27   -23 
  -36   -28    -5   -11    21 
  -30    -2   -36   -36    18 
   -2   -34    28    -4    26 
    4   -16    19    -3   -17 
   24     2   -27   -25   -25 
   28    -8    39    27    -5 
    2   -24     6    22   -14 
  -24   -39    13    -5     7 
   30   -11    -2   -34    18 
   -2   -16    34    38   -14 
