2 2
200
   -1     1 
    0  3656 
    5     2 
    1     1 
    5 0     1 0 
 3656  3656 
 -121 78  -117 -32 
    0 1    -1 0 
   52 182   182 -117 
    3 0     1 -1 
 -914  3656 

   -1     1 
   -1     1 
    1    -1 

    0     0 
   -2     1 
    1    -2 
   -4     2 
    4     0 
   -3    -2 
    6     0 
    0     4 
    7     2 
    0    10 
    1    -1 
    3     8 
   -6    -2 
   -9     4 
    0    -4 
  -13     2 
   14     6 
   -5   -14 
   11    14 
   -6     0 
    8     8 
   -8   -12 
    7    16 
   11    12 
   -3    12 
  -11     4 
    1   -20 
  -10     6 
    1     2 
  -17    -8 
    6     8 
   14   -20 
  -12    10 
   10    -4 
  -17     0 
   16    22 
    8   -18 
  -16   -16 
   11   -18 
   -1     1 
  -14     0 
  -10    12 
  -18    -8 
  -17    -8 
  -11    16 
   26   -26 
  -18   -12 
   27    24 
  -26    20 
   19   -28 
  -21   -14 
   15     6 
   -2    20 
   -6    -4 
  -24   -24 
   18     4 
   -8    26 
   -2   -22 
    5     8 
    7   -12 
   20   -22 
   13    12 
  -28   -18 
   -5     6 
   24     8 
   -5    22 
   24   -22 
   12    12 
  -29    28 
   36    24 
    3    18 
  -26    18 
  -10    10 
   14    10 
    6     4 
   23     2 
   12   -18 
  -13     2 
   -2   -12 
   -3     0 
  -24    -6 
  -23    20 
   30    16 
   -6     8 
  -12    -4 
  -25     4 
  -34   -38 
   22    20 
   16    10 
  -26    34 
    4    32 
  -20   -20 
   -8    28 
  -14    20 
  -28    12 
  -34   -24 
   34     4 
  -10   -16 
   14     6 
  -22     0 
   -4   -12 
   17    36 
   36   -30 
  -12    30 
  -34    46 
  -13   -10 
  -14    32 
  -10    20 
   20    16 
    6    12 
    6   -14 
   28    30 
   42    36 
   18     6 
   -4   -30 
  -40   -38 
  -36    42 
   30    18 
    6    -6 
   15   -26 
   15    28 
  -20    36 
   10    -6 
  -20     2 
   19    -6 
  -45   -26 
  -31   -30 
    6    34 
  -49    16 
   37    36 
   30   -24 
  -35    14 
    8   -32 
  -49    30 
   32   -36 
  -19    24 
  -22   -42 
  -25   -14 
   -2    -2 
  -21     6 
   18   -42 
  -14   -34 
   23    32 
   28    20 
   -8    36 
  -12    -2 
   12    24 
   -4     0 
   -2    50 
   16     6 
   30    -8 
  -14   -24 
  -40    -8 
   37    -4 
   18   -24 
  -49    32 
   57    24 
   36   -16 
   18   -52 
   24    18 
  -24    30 
   26   -26 
   16    10 
   10   -56 
  -28    54 
  -35    48 
   45     8 
    0    32 
  -30    16 
   12     2 
   38    -2 
   -4    -2 
   19   -22 
  -54    12 
  -20    12 
  -26    -4 
  -20   -34 
  -28    58 
   51   -22 
   57    28 
   20    22 
   15    10 
  -40   -12 
  -46   -34 
   20   -18 
  -10     0 
   56   -12 
   41    -2 
    0   -18 
   31   -36 
   -4    10 
   27    42 
   28     8 
  -51    60 
    4   -32 
    2   -28 
  -28    60 
    8     2 
  -14    28 
  -10   -46 
