17 4
200
   -1     1    -1     1    -1     1    -1    -1    -1     1     1     1     1    -1     1     1     1 
    0     0     0     0     0    32     0     0     0  -120  -336  -264   -36     0   -96  -144   -60 
   16    14    12    11    11     8     7     6     6    15    12    11     9     8     8     6     5 
    1     1     1     1     1     1     7     1     1     1     1     1     1     1     1     1     1 
    3 0    -1 4    -3 4    -1 4     3 0     1 0     3 0     3 0    -3 4     1 0     1 0     1 0     1 0     3 0     1 0     1 0     1 0 
   64    32    48    32    72    32  1400    32   144  -120  -336  -264   -36    32   -96  -144   -60 
  187 0   187 0   187 0   187 0   187 0   187 0   187 0   187 0   187 0   187 0   187 0   187 0   187 0   187 0   187 0   187 0   187 0 
    0 1     0 1     0 1     0 1     0 1     0 1     0 1     0 1     0 1     0 1     0 1     0 1     0 1     0 1     0 1     0 1     0 1 
  280 -280   280 -280   280 -280   280 -280   280 -280   280 -280   280 -280   280 -280   280 -280   280 -280   280 -280   280 -280   280 -280   280 -280   280 -280   280 -280   280 -280 
    3 0     3 0     3 0     3 0     3 0     3 0     3 0     3 0     3 0     3 0     3 0     3 0     3 0     3 0     3 0     3 0     3 0 
    8     2     1    -1    -3     6  -133     2    10   -15   -47   -37    -5     4   -13   -26    -9 
   -1     0    -1     0     0     0    -1     0     0    -1    -1     0     0     0     0     0     0 
    0     0     0     0     0     0     0     0     0     0     0     0     0     0     0     0     0 

    1     1     1     1     1     1     1     1     1    -1    -1    -1    -1    -1    -1    -1    -1 
   -1     1    -1     1    -1     1    -1     1    -1    -1    -1    -1    -1    -1     1    -1    -1 
   -1    -1    -1    -1     1    -1    -1    -1    -1    -1    -1     1    -1    -1     1    -1     1 
    1     1     1     1    -1     1     1    -1     1     1     1    -1     1    -1     1     1    -1 

   -1    -1    -1    -1    -1    -1    -1    -1    -1     1     1     1     1     1     1     1     1 
    0     0     0     0     0     0     0     0     0     0     0     0     0     0     0     0     0 
    0     0     0     0     0     0     0     0     0     0     0     0     0     0     0     0     0 
   -6    -4    -2    -1    -1     2     3     4     4    -5    -2    -1     1     2     2     4     5 
    4     0     3    -6    -2     0    -2    -2     0    -6     3     2     0     4     5    -6     4 
   -4    -2    -3    -2    -2     2     2     0     6     6    -3     2     0     0    -1     0     4 
    0    -6    -3    -3     5     0    -3    -4    -6     3    -9     3     3     0     1     0    -1 
    0    -8     3    -5    -3    -6     3     2     0    -3     9    -5    -3    -4     9     6    -9 
   -1    -1    -1    -1     1    -1    -1     1    -1    -1    -1     1    -1     1    -1    -1     1 
   -6    -6     6     3     1    -8    -9    -4    -6     3    -6     5     9    -6    10     0     7 
   -6     0     6    -9     5     6    -9     2     0     3    -6     1    -9   -10   -10    -6     5 
   10   -10   -11     8     0     6     4     2    -2     4     7     8    -2     6    -3    -2     6 
   10    -2   -11    -8     8    -2     4    -6    -2     4     7     0    10    -2    -1    -2     2 
   -4     0    10    -3     1     8     5    -6    -8     7    -2    11    -5   -12     2    10    -5 
    4     6   -10    -9   -11    -6    -5     8   -10    -7     2    -1    11    -8    10     8     1 
   -2    10     3   -14   -10    -4    -2    -8    -6    -6     9     2   -12    -6    -3    12    -4 
   -2   -12     3     6     2     6    -2   -10    12    -6     9   -10     6   -10    -1    -6     2 
  -12   -12    -4    -9     5    -8    -9     4    -4     5     8    15     5     4     4    -4   -13 
   12   -12     4    -3   -15     4     9     4     4    -5    -8    -5    13    -4   -16     4     9 
   16   -12   -12    -6     6    10    -2    14    12     6     0    -2    12     4   -12     6   -12 
  -16     2    12     2     2    -8     2     0    -6    -6     0    -6    -6     0     8   -12     2 
   -8    14   -10     2    -6     0    10    12   -10     2   -10   -14   -10     0     6     8     6 
    8   -16    10     2    14    14   -10    -6    -8    -2    10     6     4     4     2    10    -4 
  -12    -4    12    17    -3    12    -3    -4    12    15    12    -9    -3   -12     0    12     9 
   12   -20   -12    -5     9    -4     3    12   -12   -15   -12     3     9   -12    16   -12    -9 
   -6    -2     4   -11    15     0     9   -16    -2   -11    16   -13     7    10     8   -20     9 
   -6    -4     4    -7   -13     2     9    14   -20   -11    16    15     1    14    12    -2    11 
    2     2    12   -10     2    20     2    -6    -6     6     0     6    12     6    -4   -18    -4 
    2     6    12    -6     6     0     2     6   -18     6     0     2    -6   -18   -16    -6     6 
    8    -2    19    -8     0     8   -16   -20    -2    -8     1     8    16     0   -17    16     0 
   -8     8   -19   -16    -8     2    16    -2   -16     8    -1     0    -4    20    -9     2   -20 
    6    12   -12    12   -20     2   -12   -12    12   -12   -12    12     0    10    12    12    16 
    6    12   -12    12    12   -14   -12    20    12   -12   -12   -20     0    -6    20    12     0 
    6     2    18   -13    -9   -22     3   -10    18    15    -6    11    15   -18   -18     6   -21 
    6     6    18    15    11    10     3    -6     6    15    -6    -9     9    22   -18    18    17 
    8   -24    14   -24     4   -16   -16     8     8    -4   -10     8     8    -8    18     8     4 
   -8     0   -14   -12    -8    -4    16   -16    -8     4    10    -4    10     0    14    -8   -14 
   -4   -14    -4     4   -12    14    -4    12     2    -4    20     4   -16    -8    12    20    24 
    4     4     4     4    -4   -12     4    -2   -20     4   -20    12   -20    20     4    -2    -4 
  -10    -6     1    -6     6   -22    26   -10    10    10    25     6    10   -14   -19    10   -18 
  -12   -24    -3    24   -20     4    12   -20   -24   -24    -3    16    -6   -20     9    12   -26 
   12    12     3   -12   -16    16   -12   -24   -12    24     3    20   -24   -12    11    24    20 
   24    -6    12     6    18     0   -18   -20    18    -6    12   -10     6   -16     8     0    18 
  -24    24   -12    -6    10    18    18   -18     0     6   -12   -18    -6    -4    -8   -18    10 
    2   -14    -4   -26     6    20    26    -2   -22     2   -16    22    -4   -26    20   -22     0 
    2   -14    -4    -2    22    -4    26    -2   -22     2   -16     6     8    22    16   -22   -20 
   14   -10    -3   -10    22     8     2     0     6    -6    15    22   -12     2     3    12    -8 
   14    20    -3   -10    22    18     2    -6    12    -6    15    22     0    -2     9     6     4 
   -4    -4     1     2   -10    -8    26    12     4    10   -23    22    22   -12    25     4   -22 
    4   -20    -1    10   -22     4   -26    12    -4   -10    23    10    -4   -12    -5    -4   -28 
    6   -24     6    24    12    10   -24    16    24    12     6   -16   -12    10    30     0     0 
    6    16     6     4   -16    10   -24    24     0    12     6    12    -6    -6    -2    24   -10 
   16    24     6   -12    -8     0    16    -4    24    12    -6   -20    -6   -16   -10   -12    -2 
  -16   -12    -6     0    20     8   -16     0    12   -12     6     8    12     0   -18   -24     8 
   -8    24     0    -9     7   -12    -5    16    24    21     0     9     3   -16     8     0    19 
    8    16     0    25    -9     0     5   -16     0   -21     0    -7   -27    24    16   -24   -21 
  -18    16     2    -8   -12    30    12    10     8     8   -10    16    26   -10   -14   -10    -6 
  -18    22     2   -20    16     8    12    -4   -10     8   -10   -12    32     2   -10     8     4 
  -26    30     3   -18    -6   -24    -2   -10    30     6    27    18    -6   -10   -27   -18     6 
  -26   -18     3     6    18    24    -2     6   -18     6    27    -6    30    22    13    30    -6 
   30   -18    -2    18    14    -8    18    -2    -2    34    -2    14    -2    14    26    -2    26 
   22     0    18    24    12    18   -32    18   -24    12     6   -32    24     6    -6     6    12 
   22   -10    18    -4   -32   -28   -32   -12     6    12     6    12    18    18    -2   -24   -14 
    4    24    -7     0    20    20   -32   -26     8   -28    -7   -16    -4    -4   -17    26     8 
   -4    30     7   -36    16    30    32     8   -26    28     7   -20    -2    -8   -11    -8    22 
   14     2   -14    26    18    22    26    14   -14    22    22    -2    22     2    10   -14   -18 
   14   -14   -14    22    -2    14    26    14   -14    22    22    18    16    18   -26   -14    -8 
    4    14    24    23    13   -18    19    -4    30     9     0    31     3    16   -12   -12   -23 
   -4   -12   -24    21   -31    16   -19    -6    12    -9     0   -13   -33   -12    12   -30   -25 
   -8    -4    -6    -4    16    12     4    32   -12   -24   -18    36    36   -32    34     0    -8 
    8   -16     6   -16   -36    20    -4     4     0    24    18   -16     6     0     2    12    18 
  -38    -4   -37   -10   -26     2    -2   -12    20   -34   -37   -26    26     2   -23    20    10 
   14    -8   -34   -32    24   -22    -4     6    32    -4     2    16   -22    -2   -18   -22     6 
   14    10   -34    16    16    -4    -4    12   -22    -4     2    24   -10   -22     2    32    10 
   12     6    25    -6    -2    10   -30    16    -2    34   -23   -34   -26    32    -5    16   -14 
  -12     0   -25    -6    34     0    30   -26   -16   -34    23     2    -4    20   -15     2    28 
  -14     0    24    30    -6   -18   -26   -10     0    30    12   -30     6   -18    -4     6    -6 
  -14   -26    24    22   -30     0   -26    12     6    30    12    -6    18   -30    -8     0     6 
   14    10   -21    13    11   -22   -31   -18    -6   -15    27   -13    27    -6    15    18   -31 
   14    18   -21   -27   -13    -6   -31     6    18   -15    27    11    15    -6   -33    -6     5 
  -10    -6   -34     9   -19    10   -19   -34    26    17     2   -15   -37     6    26   -10    35 
  -10   -26   -34    37   -15     2   -19   -22   -10    17     2   -19    17    30    14    26   -27 
    0   -36     0   -18   -34    20    30     0   -12   -30   -12    18    18    -8     0    24    26 
    0     8     0   -22   -18     0   -30   -28   -24    30    12    34   -30     0   -20    12     6 
  -20   -12   -24   -33   -27   -12    31    24   -36    21    12    -9    -3    36   -20     0    27 
   20    16    24    13     9     4   -31   -12     0   -21   -12    27    21    -4     0    36     9 
  -30   -26    -3   -17   -25   -18   -33   -22     6    -9    21    15    15    34    13    -6   -25 
  -30    -6    -3    -9    15    18   -33   -10    -6    -9    21   -25   -21   -30     5     6    27 
   10    -2   -22   -32   -16   -24   -32   -14   -10    32    14   -16    32   -10   -22   -10    32 
   10   -34   -22     8   -16    -8   -32    34   -10    32    14   -16    -4    22    -2   -10    -4 
  -16    12   -19   -15   -17    24   -19     8    -4   -13    -1    17   -19    16   -19    32    19 
   16     0    19   -33   -17     4    19     4   -32    13     1    17   -29    -8     5     4    19 
  -32    -2    16    -8     8   -16    16     4    -2    16    16   -40   -32    32   -24    16    32 
   32    40   -16    -8    40    22   -16   -26   -16   -16   -16    -8   -40    20   -16     2    -8 
   12   -20   -12    -8    36    20   -12    36   -36     0    36    24     6   -12   -36    12    -6 
  -12    12    12   -36   -24     0    12   -12   -12     0   -36   -36     0    -4   -36    36    12 
   12   -20    28   -26   -34   -28    18   -16     4    22     4   -30    16    -4   -12    40    20 
  -12     8   -28   -22    30   -36   -18    20   -40   -22    -4    34    -4   -28    -4    -4   -24 
  -18     2     8    11    -9   -14     3   -18     2   -25     8   -29    11   -10   -20    38    -9 
  -18    22     8   -17   -29    38     3    42    38   -25     8    -9    41    30   -20     2   -23 
  -12   -16    28    -7    37     8    33    38    -8    19    -8    -1   -17    28    16   -26   -41 
   12   -22   -28   -13     1    38   -33    -8    26   -19     8   -37    -1    -8    -4     8   -35 
   22   -20   -27    10    26   -22    -2     6   -12   -18    -9   -30     0    38     9    18    -4 
   22   -46   -27     2   -30    -8    -2   -24    18   -18    -9    26   -24    -6   -21   -12    12 
    6    30     3    -6   -18   -10    18    -6    30    -6   -21     6    30    -6    39     6   -30 
    6   -10     3     2     6    14    18    34     6    -6   -21   -18    30    26    31    30    -6 
  -12    28    20   -26   -18    -4   -30    -6    -4   -22    20   -26    -4   -20   -12    14    12 
   12    26   -20   -10    26   -34    30     4   -14    22   -20    18    10   -40    20     4   -10 
    0   -36   -42     0   -16    30   -12    46   -12   -12    42    16    18   -36    10    30   -10 
    0   -22    42    32   -16    -8    12   -16   -30    12   -42    16   -42    -8    18    12   -34 
   -6    14   -47    -4    16    26   -12   -10    -2    16   -29   -20   -20   -26   -29    34    16 
   -6   -22   -47   -16   -20   -22   -12   -22    34    16   -29    16    -2   -10     9    -2   -14 
   22    30     6    48   -16   -30   -44   -18   -18    12    18   -16    30    26     2   -30   -34 
   22    18     6    24   -16     6   -44     2   -30    12    18   -16    18   -22     6   -18   -22 
  -16   -22    32    14   -22    48     2   -36     2    14    20   -18    20   -40    40   -16     8 
   16    40   -32    34    18   -22    -2   -34    16   -14   -20    22   -20   -28    12    -2    48 
   -2    18    45    -9    25    18    -5   -50    18     3   -27     9    -3    26    17   -30   -17 
   -2   -46    45    23     9    -6    -5    30   -30     3   -27    25    33    42    33    18   -21 
  -14    -6   -21    24   -12   -38     4   -30    42    48     9   -24     6   -34   -23     6    -6 
  -14    30   -21   -36   -24    18     4    30     6    48     9   -12   -36    46     3    42     0 
   28    12    24    30    30    40   -26   -10    12     6   -24   -18    18    28    24    -6    -6 
  -28    -2   -24    22    18     6    26   -12     6    -6    24   -30    12     0   -48   -12   -12 
   14    24    34    36   -28    46   -16    16    -8    -8    34   -12    10    42   -34    -8   -46 
   14   -24    34   -36   -12    14   -16    32    -8    -8    34   -28    46    26    22    -8    30 
    4    12    12     9    37   -36    37   -36   -36    -9   -12    15     9     4   -36    12    13 
   -4    12   -12     3   -15    48   -37    44   -12     9    12   -37   -39    28     4    36   -33 
  -22    14   -18    35     9     0    47   -24   -18     3    30   -11   -15    -6    18    36    39 
  -22   -44   -18   -17   -11    10    47    30    36     3    30     9    -9   -34   -22   -18   -11 
    2     6   -14    39    37   -44    11   -32   -26    31    46     1   -35    10    -6   -44   -29 
    2    36   -14    51     1    46    11   -34   -44    31    46    37   -17    30    46   -26    37 
  -28   -26    37   -38    26    -2     2    32    -2   -26   -35   -50    10    32    47    16   -22 
   28   -32   -37    -2    50    12    -2    -2   -16    26    35   -26    26     4   -19     2    14 
   48    -8     9   -23   -33   -18     9    26   -48    39   -45    -7    39    36    11     6    21 
  -48   -22    -9    -1     7   -32    -9     4    -6   -39    45    33    33     8   -13    48   -11 
   16   -40   -26    32   -48   -20     4    16   -32     4    10    48   -50   -40     2   -32    18 
  -16   -48    26    24   -48    20    -4    16    32    -4   -10    48    14    24   -14    32   -42 
  -22     2   -26    20    40    26   -16   -22   -38    28   -38   -20    -2    38    -2    -2    10 
  -22   -18   -26   -24   -20    10   -16   -50    -2    28   -38    40    16    54   -46   -38   -44 
   -6   -28    39    17    17     6   -51    -4   -36    21    -9   -15    -9    26    -3   -12    35 
   -6    12    39   -15   -15    38   -51    36   -12    21    -9    17     3   -22   -11   -36    15 
    6   -10   -18   -10    38   -22   -18   -30    54   -18    30   -10   -42   -50    54    18    14 
    6   -14   -18    22   -10    -6   -18   -34    18   -18    30    38    18    54   -10    54   -22 
   -8    -4    44    23   -55     0    19    24    -4   -19    -4    -9    23   -56   -20    32    -7 
    8    16   -44   -23     9    52   -19   -12   -32    19     4    55    13   -16   -36     4    45 
  -44   -20    54   -41   -21    12    19    44    12   -15    -6    17    39   -36   -14   -12    27 
   44    36   -54   -51   -17    28   -19    36    12    15     6    21    27    36   -22   -12   -11 
  -32   -28    39    41    39   -28   -11   -48    36    27    -3   -23    21   -24    -9    48   -21 
   32     0   -39    -9    23    -8    11    -4   -48   -27     3   -39    -9     0    39   -36   -25 
  -14    42     7    42    50    50   -38    34   -14    -2    13    38    22    -2   -41    22    38 
  -14    22     7    22    38   -38   -38    38    22    -2    13    50   -32   -50   -19   -14     8 
   12   -16    -8    44   -20     4    12   -36    16    52    -8    36     4    36   -16   -20   -20 
  -12    -4     8   -28   -36   -56   -12   -24    20   -52     8    20    20   -44     0   -16    36 
  -52    28   -10   -11    23   -40     5     0   -28   -25   -10   -51   -13    28    38     8    53 
   52   -56    10   -17    51    12    -5   -36    -8    25    10   -23   -17    12    10    28   -21 
    0    16   -30    10   -58    -4    30   -52     0    18   -30   -30    12    -8    30   -12   -40 
    0   -44    30    -2    30     0   -30     0    12   -18    30    58    48    32    -6     0    12 
   16   -20   -38    34   -26   -46   -38    42    52   -14    22    46   -26    36    -2   -38    10 
  -16   -18    38    -6   -46     0    38    24    38    14   -22    26   -40     8    22   -52    32 
  -44    56   -30   -31   -27    60    25    18     0     3    -6    23    27   -12   -22   -54    27 
   44   -42    30     3   -23   -18   -25   -32    54    -3     6    27    15   -24    22     0    13 
  -54    -6   -12   -48    24    38   -12   -42    42    60    36   -40    42     2    32    30   -42 
  -54   -50   -12   -56   -40    18   -12     2    30    60    36    24   -42    -6   -16    42    50 
    2    62   -46   -46    18   -50   -46   -18    62     2     2    18   -10    50    18    62    30 
   16    52    32   -59    43    14    37    30    -4    35    32    37    -1    20    -8    50   -11 
  -16   -50   -32    -5   -37   -32   -37    48   -50   -35   -32   -43     1   -40    32     4   -43 
   30    48    30   -42   -14    38    30   -56   -48     6    42   -54    18   -22   -22    48    -2 
   30     0    30   -42   -54    38    30   -40    48     6    42   -14   -30    58   -18   -48   -42 
  -40   -16   -20   -52   -16    34   -40    26   -56    28   -44   -12    22    44    20    34   -58 
   40    22    20   -56    12    40    40   -28   -34   -28    44    16    20   -40   -20    56     0 
   34    44    47    17   -15    -2    37    44    20   -19    -1    17   -25     2   -19    20    51 
   34   -20    47     1    17    -2    37    -4    20   -19    -1   -15    23    34   -35    20   -13 
  -52    24   -36    12   -36   -28   -16   -12   -24    24   -36     4   -30    36    -4    36   -54 
   52   -12    36   -60    -4    60    16    24   -36   -24    36    36   -54   -12    12    24    38 
  -48   -60    36     0   -12    42   -24     6    12   -60    24    48   -24   -28     0   -18    36 
   48   -22   -36    20   -48   -40    24     0    18    60   -24    12   -54     0   -52   -12     6 
    6     4   -14   -14    58   -26   -54    12   -44   -26    58     6   -38    18   -22    28   -38 
    6    44   -14   -10     6    38   -54   -44    28   -26    58    58    28     2    42   -44   -36 
  -20   -36    -1   -54    26    44   -26   -36    44    38   -25    42    44    20   -37   -28   -28 
   20   -28     1    26   -42    20    26   -60    28   -38    25   -26    10   -28   -15   -44   -18 
  -30   -12    30     6    -6   -50    30   -38   -12    30   -54    42   -18    -2    34    42    -6 
  -30   -54    30   -42    42   -60    30    16    42    30   -54    -6    42   -54     6   -12    30 
   40   -34   -35    -7    57    24    25    44    46   -17    55   -25    19   -56     1    -8    -9 
  -40   -32    35     7    25    46   -25    38     8    17   -55   -57     5   -36   -23   -46   -17 
   58   -30    13   -42    -6    50    -2    -6   -14   -26   -17   -30    58   -26    -9    22   -18 
   58    14    13    14   -30    -2    -2    22    22   -26   -17    -6   -50    38    -3   -14    18 
   24     0   -33    12    20     6    12   -30    24    36   -51    12    24    60    13    30    32 
  -24    18    33   -12   -12    24   -12   -52   -30   -36    51   -20    12   -16    13   -24   -12 
   22    -8     5   -20   -52   -58    40   -30   -16    32   -25   -20    38    30     1   -34   -22 
   22    -2     5    28   -20   -56    40   -12   -34    32   -25   -52     2    -6   -13   -16    22 
  -58   -34   -41    41    -1    24   -31   -14   -50    25     7   -25    61   -42     9   -14   -13 
  -58     2   -41   -31   -25    36   -31   -58   -14    25     7    -1   -47    14   -31   -50   -25 
   20    -8    -6    -8   -48    44   -16   -36   -24   -24   -30   -40    24    20    22    36     0 
  -20    52     6    64    40   -20    16    24   -36    24    30    48    48   -12    -6    24   -32 
   52   -24   -55    66    -2   -20    10    20    56   -10    -7    34     2    12    29    20   -50 
  -52    20    55    38   -34     8   -10     8   -20    10     7     2    34    52    15   -56     2 
  -12    -4   -18   -28   -28   -24    12     0   -12    60    42   -44   -12   -28     6     0    -4 
   12    16    18    52    44   -20   -12   -28     0   -60   -42    28   -12    -4    -2    12   -52 
  -34    30   -17     3    -3    10    23   -34   -50    31    55    45   -59    -6    43    58    -9 
  -34   -22   -17   -13    45   -10    23    10    58    31    55    -3   -23    66   -13   -50     3 
  -46   -34    10   -10   -22   -54   -10   -22   -26   -26    46    -6   -26   -34   -14   -26    26 
