1 0
200
   -1 
    0 
    3 
    1 
   -1 4 
   12 
 -113 28 
    1 0 
    0 -198 
   -1 2 
    2 

   -1 
    1 
    1 
   -1 

    0 
    0 
   -4 
    0 
   -1 
    1 
    3 
    9 
   -1 
    6 
    6 
    5 
   -7 
   -4 
   -4 
   -6 
   -6 
    5 
  -13 
   -3 
   -9 
  -10 
    2 
    6 
   -6 
  -16 
    8 
   -9 
   -9 
    2 
   14 
  -15 
    9 
   18 
   -6 
   14 
  -22 
   20 
   -4 
   26 
  -15 
   15 
   21 
   15 
   14 
  -10 
  -18 
    6 
  -22 
   14 
  -18 
    6 
  -24 
    0 
   18 
    6 
   -4 
  -28 
  -24 
    0 
  -10 
   15 
   27 
  -19 
  -13 
  -22 
   26 
    6 
   18 
   12 
   36 
  -10 
   20 
   -4 
   -7 
  -25 
   15 
    3 
   30 
  -18 
    2 
    2 
   12 
  -36 
  -39 
  -33 
   -9 
   15 
  -16 
  -16 
    5 
   23 
    5 
   23 
   18 
    6 
   -4 
  -28 
   20 
   20 
    8 
    8 
    6 
  -18 
    6 
   30 
  -40 
    8 
    0 
  -24 
  -16 
  -16 
  -30 
   18 
  -43 
  -25 
  -33 
   -9 
   -3 
   33 
   30 
   18 
  -28 
   44 
  -12 
  -36 
    0 
  -24 
  -13 
   23 
   26 
  -10 
  -12 
   12 
  -49 
    5 
   38 
  -10 
   42 
  -30 
  -18 
    6 
  -31 
  -37 
    0 
  -48 
   36 
  -12 
   50 
  -46 
   -4 
   20 
    8 
   56 
   24 
  -48 
  -16 
  -40 
   15 
   33 
  -24 
    0 
    5 
  -58 
  -22 
   27 
    3 
   56 
  -16 
   20 
  -52 
    0 
  -24 
    6 
   -6 
  -28 
  -28 
   62 
  -46 
  -33 
   27 
  -28 
   20 
   17 
  -19 
  -27 
   15 
  -16 
  -16 
  -28 
   44 
   54 
   42 
    5 
   11 
  -30 
    6 
  -40 
   32 
   17 
