16 8
100
    1     1     1    -1    -1     1    -1    -1    -1    -1    -1     1    -1     1    -1     1 
   32    44   128     0     0   828     0     0     0     0     0  -120     0   -96     0 -1944 
   16    11     8    16     9     9     6    14    11    14     8    12    12    12    16    12 
    1     1     1     1     1     1     1     1     1     1     1     1     1     1     1     1 
    1 0     1 0     1 0     5 0     5 0     1 0     5 0     5 0     5 0     5 0     5 0     1 0     5 0     1 0    -1 4     1 0 
   32    44   128   112   132   828    16    80    28   112     4  -120    36   -96    96 -1944 
  -19 46   -19 46   -19 46  -145 -38  -145 -38   -19 46  -145 -38  -145 -38  -145 -38  -145 -38  -145 -38   -19 46  -145 -38   -19 46  -145 -38   -19 46 
    1 0     1 0     1 0     2 0     2 0     1 0     2 0     2 0     2 0     2 0     2 0     1 0     2 0     1 0    -1 -1     1 0 
  126 84   126 84   126 84  -294 126  -294 126   126 84  -294 126  -294 126  -294 126  -294 126  -294 126   126 84  -294 126   126 84   168 -210   126 84 
    3 -2     3 -2     3 -2     3 -2     3 -2     3 -2     3 -2     3 -2     3 -2     3 -2     3 -2     3 -2     3 -2     3 -2     3 -2     3 -2 
   16     2    10    -6     5    14     2     8     1   -24     3   -20    -3   -10    -3  -156 

    1     1     1     1     1     1     1     1     1    -1    -1    -1    -1    -1    -1    -1 
    1     1     1    -1    -1    -1    -1    -1    -1     1     1     1     1     1    -1    -1 
   -1    -1    -1    -1     1     1    -1    -1    -1    -1    -1    -1     1    -1    -1     1 
    1     1    -1     1     1     1     1    -1    -1     1     1    -1    -1    -1     1    -1 
    1     1    -1     1    -1     1     1    -1    -1     1     1     1     1     1    -1     1 

   -1    -1    -1    -1    -1    -1    -1    -1    -1     1     1     1     1     1     1     1 
   -1    -1    -1     1     1     1     1     1     1    -1    -1    -1    -1    -1     1     1 
    0     0     0     0     0     0     0     0     0     0     0     0     0     0     0     0 
   -1    -1     1    -1    -1    -1    -1     1     1    -1    -1     1     1     1    -1     1 
   -4     1     4    -4     3     3     6    -2     1    -2     4     0     0     0    -4     0 
    0     5    -4     6    -3     5    -4    -4    -1    -4    -1    -4     3     6    -4     0 
    6    -4    -8     4    -4    -4    -6     4    -8    -4    -7     2     3     4     0     6 
   -1    -1     1    -1     1    -1    -1     1     1    -1    -1    -1    -1    -1     1    -1 
   -8    -3    -2    -8    -3     5     2    -2     7     6    -9    -8    -1    -4     6    -4 
   -8    -3     2    -6     1     9    -6     8     5     0     9     4    -9     6     2     0 
    4    -1    -6    -2    -9     7    -2     0    -3    -4   -10     8    -6    -2   -10     0 
   -5     0    10     6     8    -8     6    -2    -8     6     9    -1    -7    -2     2    11 
    4    -6     2    -2     8     0    -2    -4     2     0     6    -4     2    -6     2    -4 
    6    -4     4     4     2    10     4     4     4    -4    -7   -10     5    -4     4     2 
  -10     0     4    12     6    -2     2    -2    -8     6     6    10     2     4     0     2 
    3     3    -2   -14    -9     7    -4    -8     1    12    -9    -5     9     2    10    -9 
    6    -9     6     6   -11    13     6     6    -9    -6     6    -2     6    10    -6     6 
    9     4   -12     8    -6   -14   -12     0   -12    -8    10    -3   -10   -16    12    -7 
   -8    12     4    -4    10     2    -4    -2    -8     6     3    -8    -7   -12    -8     8 
  -16     4     0     6    14   -10   -14   -12   -12    16    -2    12     6   -10     4    12 
    1     6     0   -12     2   -14     8     0     6   -12    -3    -1    -9     0    12    -3 
   -8   -13     0   -10    -3    -3     0     0     9     8    -4     4   -16   -14   -16     8 
    8    13   -16     8    -3    13    -2    -4    -1     4    10    12   -10    16   -16     8 
   -1    -1    12   -18     9    -7    -8   -18    15    14     8    13     0    -2    12     3 
    9    -1     4    -8   -17     7    12    -8   -11     8   -10    17   -18    16   -12     3 
    9     4    18     0    -2     6   -10    -6    12    10   -20    -1    20    -4   -14    -7 
   -8    12   -14   -16     6   -18    14     4    -8   -12   -18     8     2     0   -10     8 
  -14     6    18    -4     8    16   -14    -6    -6     6    -9    14   -15     4   -18     6 
  -11     4   -14   -18     4   -12     2    -2    16   -14    -2     3   -18    10   -18    -9 
    6   -19     8    -4    -7     1     6    20     5   -16   -16    -2   -16     8    20    14 
   -8    17     8   -22   -11    13   -12     8    -7    -4     8     0   -16     6   -12   -16 
   15    10     6   -10   -18    -2    20    -6     6   -14    22     3    18    -2    14     3 
  -14     6   -18   -18   -22    -6     2    -6     6     6     0   -18   -12    18    -6    18 
    0   -10   -10     0   -10   -10   -10    14   -22     2   -16     0    12    12   -22    12 
   17     2    22   -16    -6    -6   -16    -8    10   -16   -16    -5   -12    -8    14    -3 
    1    11    16    10   -17    23     0     4    -5   -16    -4     1     8    -2    12    -1 
  -14    -9    16    16    -5     3   -14   -20     7     0    -9    10     5     4    20    14 
   -5   -10    -4    10   -12    -4    20   -16   -22     8     5   -19    -7    14     4    11 
  -20    20    -4    12   -20    12    12   -16   -16   -16   -16    16     8    -4   -12    -4 
   -7   -22     6   -18    10   -22    -8    -6     6    14   -22    19   -10    10     2    -1 
   -1     4   -20     8    20   -12   -12     4     4   -20    16   -17   -24    24    12    -3 
   10     0    12     4    20    20     4     0     0   -24     0    14    12    -4   -12   -18 
    2     2   -16   -16     8     0    24     8    14   -16   -16   -14    12    16   -24    -6 
   -6    24     8    14   -20    12    -6    -4    20     0   -12    10   -12   -10   -12    -6 
  -19    11    -6    14    11    19    14    18     9     2    14   -25     2    -2    10     5 
   15    -5    10    -2     3    -5    -2    -2     1    -2     4    13   -16   -26   -14   -25 
    9    -6   -18    -6     2    18   -16    24   -18    12     9   -23    -9    18    10    -3 
   14    -6     6    -4   -18   -18   -24    12    -6    12    18    -6    -6    12   -10   -18 
   13   -12   -12   -28    14    22    -8     6   -12     6    -3     3    23   -12   -16   -13 
   -8    -8    28    22    -6   -14     2    22    -8    10    25     8   -13    10   -12   -28 
   27    12   -10    14    -8    -8     4    14   -28   -18   -21     7   -27    22     6    -9 
    1   -14     6    -6    16    24   -16   -18   -30    22   -23    -3    -9   -14   -18    21 
  -22   -12     0   -24   -20    12   -24    24     0     0   -15   -26    -3     0    16    18 
   15   -20     0     6     0     0    -4    24    12    16     4    -5    24    30     8   -27 
   21    16   -24   -16   -30    -6     4   -24    12    -8    19     3    -9     0     8    15 
  -21     4    16     8    -6   -30     8     4    -8   -32    -8    29     0    28     4    15 
   17    -8   -18   -26    12    12    24   -12   -12    -8    10     7   -10    10   -18    -1 
   -5     0    22    -6   -12    20     4     4   -20   -12    27    15    29     2    -6    29 
   24    24    14    10   -18   -10    10   -10     8    18    18    -4    30    -2   -22    12 
  -18    22     6    -2    30   -18   -12   -18   -18    -2    19   -18    -3     6    22   -18 
  -28     2   -34    10    14    14   -10   -34     2    14    20   -20    20   -30    14    32 
   24    19   -18    18   -23    17    18    -6    27    22   -11    20    21    -2   -22   -12 
  -28    -3   -18    20    15   -17   -30    -6    -9     6    -6   -24     6    24   -30   -12 
   -6    -6     4    -8     8    16   -18   -14    -2    -6     6    18    26   -24    -8    26 
  -27   -12   -36     8    28    28   -32    30    12    18   -12   -31    -4    28   -20    11 
    2   -33    22    -8    19    27     2   -14    13   -30    -6    34   -22    -4   -34    14 
   -5   -15    -2    10    23    -1   -20   -26    -5   -30    24   -15   -28    22    10    29 
  -17     8    12    20   -12    20     0    12    24    -4   -25    21    27   -12     4    -3 
   18   -12   -20    18   -12   -12   -12   -20    28    12    15    -2     3   -22    36   -18 
   24     4     8     2    -6   -30    12   -16   -16    16   -20     0   -24    34   -32     0 
    3     8   -24    -8    22    14    -8    36     0    -4   -10    15     6   -24     0    15 
   11   -14     2   -14   -26   -26   -14   -10   -10   -26   -14    17   -10     2    -6    11 
   34    14   -26    18    24     0   -22    10    -2    26   -25    34    -1    18   -10    38 
    7     2   -10   -14   -32     8    -4     8   -34   -16    11    11    29   -14   -22    -7 
    4    34    -4    -4    24    16    -4   -34    38    34    10    36     2    16   -20    -4 
   -3     2     4   -10     8   -16    20     4   -14    -4    -7     3    29     2   -12   -19 
   19    -6    -6    26   -18    -2     6    30   -18    18    15   -37    -9    30     6    33 
  -22    18    -6    34    18    18   -26   -12    -6   -12     3    30   -27   -34   -30    18 
   12   -18   -18     6    16   -24     6    30   -30   -30     9    20   -15   -22   -30    24 
   -1    -6    30   -22     8     0    28    -6   -18   -18   -24     9    24    -2   -14   -21 
  -15   -10    30    22     2   -14    32   -12   -18     8   -10    15     2    26    14   -25 
  -38    22    22    -2     6     6    -2   -26   -38    -2   -26   -22   -10    14     6   -10 
  -10    10     0   -12     8     0   -22   -24   -18    16   -35   -34   -33     4    -8   -18 
   28    -2   -32     0   -24     0     0   -32    10    -8     1    20    -3     8   -24    12 
   40   -25   -12     4   -31    25    34    -6   -27   -10    20   -16    12    12    24    12 
   35    25    28   -14    -5   -21    -4    22    25   -26    19   -31   -39    26   -36   -33 
  -21   -26    -6     8   -28    -4    38   -30     6    -2   -29    -9   -21    20     6   -39 
  -30    40    10    -8    20   -12   -18    10    40    -2   -14    -6    18    -4    14     6 
  -22    23    10   -38   -11    -3   -18    -2    13     2     2   -22   -10    22    22    26 
   10    25    34    34    -7   -15    -6   -26    -5    -2    -2    22    26   -22   -14    26 
  -35   -40   -32   -36    40    24     4     4    -8    20   -19   -41    -1     4     8    11 
  -14    16    32    16   -24     8    26    -4   -16     4    -8    26    20     8   -16   -34 
   31    11    24   -32   -15    -7   -12   -24    27    32     2    15   -34     8   -16   -25 
  -16   -41   -40    20   -19   -11   -40   -16   -25    40    28    28   -28   -20   -16    20 
   18    43     4   -44   -31     9     6    34     1    -2    13   -34    15    28   -24    -6 
    0   -35    28    -6   -37    -5   -36    -2    13    22    -8     8     0   -38    36    24 
   19    34    20    20   -10     6   -20     2    14    34   -32   -35     8   -12    24     5 
   22    22    -4    -6    38   -26    14    14   -22   -14     4   -10    20   -34    36   -10 
  -18    22    -2   -10    -2   -18   -20   -32    10   -32   -17    -2    -7    30    10     2 
   30   -20    38    30    38    14     0     8    32   -44    16     2     8   -22    38     2 
