3 0
100
   -1    -1     1 
    0     0   -12 
    3     1     1 
    1     1     1 
    5 0     5 0     1 0 
    8    24   -12 
   65 -59    37 -76   -21 -94 
    1 0     1 0    -1 0 
  -42 -189   -42 -189   210 -21 
    3 -2     3 -1     1 -1 
   -2    -8   -12 

   -1    -1    -1 
   -1    -1    -1 
   -1     1    -1 
   -1     1     1 

    0     0     0 
    0     2     2 
    0     0     0 
    1    -1     1 
    1    -1     6 
    2    -2     2 
    1    -1     0 
    1    -1    -1 
    1     1    -2 
   -1     9     4 
   -6     2     8 
   -5    -1   -11 
   -4     4     5 
   -5    -5    -7 
   10    10    11 
  -11    -9    -8 
   12    -4    -8 
   -3     5    13 
  -14   -10    -9 
    3     5    -6 
   15    -7     6 
   12     8     1 
  -10    -8    -9 
   -9   -15    20 
   -2    18    12 
   -6    -6    11 
   -8    10    -5 
    9    -5    14 
    4    -6     6 
    8     8     5 
  -10    12    -1 
   -3   -21    -8 
    6   -12    16 
  -10     8   -24 
   -5    -3    12 
    4     4     8 
   -2    18   -16 
   17    -7    20 
   17    17     4 
  -12     2   -11 
   -2    16    14 
   -6   -26     6 
  -16   -22    18 
  -25    -3    22 
    3    11   -17 
   10   -14    -1 
  -27    -5    12 
   -6     6   -12 
    0     2    12 
   -8   -16    28 
   17     3   -10 
    6    18    14 
    6   -30     6 
    0    12     6 
   18   -22   -12 
    1   -29    20 
   30    28    -7 
  -14    -6   -11 
  -28   -28    12 
   18     6    24 
   11    -1   -30 
    0   -18     8 
  -12   -30   -12 
  -20   -18     1 
  -24     4     7 
   13    17   -29 
    4   -34    23 
  -24    22    -8 
  -20   -16   -24 
  -22   -10    12 
  -21    21     0 
   17   -35     7 
    1   -11   -17 
   -4    18    15 
    2    26   -29 
  -20     4   -23 
  -24    10     2 
    3     5   -26 
  -18   -38   -16 
   30     2   -24 
   12    12   -11 
  -11   -15   -19 
  -24   -40    10 
  -26    12     2 
  -24    -4    16 
  -20   -36     4 
    0   -40    38 
  -26   -16   -42 
   16   -10    29 
   13     5    -7 
   10    32     5 
   32    -4    -9 
  -36    -8    -1 
  -13    -1   -11 
   25    -9    32 
    7   -15   -12 
    8   -32     1 
   14    38    -9 
  -20   -16   -11 
  -10   -32   -23 
