3 0
100
   -1     1    -1 
    0  -160     0 
    6     8     8 
    1     1     1 
    3 0     1 0     3 0 
   20  -160    12 
 -113 140   133 -96   133 -96 
    0 1     1 0     1 0 
  250 170   250 170   250 170 
    3 0    -1 2    -1 2 
   -2   -31    -4 

    1    -1    -1 
   -1     1    -1 
   -1     1     1 
   -1    -1    -1 
   -1    -1    -1 

   -1     1     1 
    1    -1     1 
    2     0     0 
    1    -2    -1 
    0     4    -2 
    1    -1    -1 
   -6     0    -2 
    0    -8    -6 
    1     1     1 
   -3    -2     7 
   -6   -10    -2 
    1     1     1 
   -4    -2     0 
   -7     4    -3 
   11    -4    -1 
   -9     6     5 
    0     6    -6 
   -4    -4   -14 
    2    12     6 
  -12     0    12 
    0   -12    -4 
   -4    -8    12 
   -1    12    -9 
   12    -4   -14 
   -3    16   -13 
   14     6    20 
   11    -2   -11 
    9   -10     3 
  -12    18    -6 
   -7   -20     1 
    5    20    -7 
  -18    10    -6 
   -9    -6   -13 
   -9     6     5 
   -3    -6     1 
   11   -20    -1 
   -4     4    -8 
   20    20   -10 
   -7     8    -5 
    8   -14   -10 
   -9    12    15 
    6    -4    20 
   12    24     4 
   -6    16   -12 
   14    18    26 
   -4     2    12 
  -18    14     0 
  -24   -10   -18 
   20    20   -16 
  -13    12     7 
    0    10   -22 
   -6    14    18 
  -15     0    -9 
   18   -16    -6 
  -12   -12   -16 
   27   -12    -9 
    8    22   -18 
  -10     2   -10 
  -24    -6    20 
   -6    -6    26 
  -19    -2   -29 
    9    18    17 
  -18    30    24 
   14    -4    -2 
  -28    -8   -20 
   20    10   -22 
   23    14     5 
  -18     4    -8 
   -6    12   -18 
  -30     8    -8 
   -6     0   -24 
    5    26   -27 
   23     2    23 
  -19    22    31 
  -16    28   -20 
   -7    32     3 
    0   -10    -6 
    0    14    -6 
    9    18    13 
  -30    10    22 
   -1    34    15 
   35   -22   -25 
   18     8    -8 
    9   -12   -27 
    0    28    -2 
  -36    -4   -30 
  -18     6   -18 
    0    -6   -16 
    5   -34    11 
   23   -22    23 
   -1    -8    13 
  -25     4    31 
   32     4   -16 
   -7   -16    -9 
   24     4   -36 
   12    24    40 
   17    36    -3 
  -22   -20    26 
   38   -38   -30 
  -34    -2    14 
