1 0
100
    1 
  -10 
    5 
    1 
    1 0 
  -10 
 -143 72 
   -1 0 
    0 -143 
    1 -1 
  -10 

   -1 
   -1 
   -1 
    1 

    1 
   -2 
   -2 
    0 
    1 
    1 
    9 
    4 
   -4 
    0 
    5 
   -7 
   -2 
   -1 
    4 
   -6 
    9 
   13 
   -2 
   12 
   -8 
   -5 
    5 
   -2 
    3 
  -15 
  -10 
    4 
   14 
   -2 
    8 
  -12 
   -2 
   20 
   15 
   -8 
    7 
   14 
    4 
   -1 
    0 
  -15 
   22 
   12 
   -6 
  -16 
    8 
   -2 
    2 
   12 
  -16 
   14 
   -5 
   15 
  -21 
  -16 
  -22 
   13 
    7 
   27 
   -5 
  -12 
   33 
  -18 
    7 
   -2 
   -2 
   18 
    3 
    5 
  -15 
    2 
   -6 
   29 
  -15 
   20 
   30 
  -25 
   -3 
   17 
   22 
   -3 
   -8 
   -3 
    4 
  -11 
  -30 
  -30 
   18 
   38 
   19 
   -1 
    8 
   -2 
   -8 
   -8 
  -40 
   20 
    2 
   17 
