8 4
100
    1    -1    -1    -1    -1    -1    -1     1 
   48     0     0     0     0     0     0   -32 
   12    10     8     4    12     8     6     4 
    1     1     1     1     1     1     1     1 
    1 0     5 0     5 0     5 0     5 0    -1 4     5 0     1 0 
   48   160    16    16     8    16    16   -32 
 -113 46  -113 46  -113 46  -113 46  -113 46    59 -62  -113 46  -113 46 
    1 0     1 0     1 0     1 0     1 0     1 0     1 0     1 0 
  -72 -180   -72 -180   -72 -180   -72 -180   -72 -180   -72 -180   -72 -180   -72 -180 
   -1 2    -1 2    -1 2    -1 2    -1 2     3 -2    -1 2    -1 2 
    9     9     1    -1     1    -1    -1    -3 

   -1     1     1     1    -1    -1    -1     1 
    1     1     1     1    -1    -1    -1    -1 
    1     1     1     1     1     1     1     1 

    0     0     0     0     0     0     0     0 
   -1    -1    -1    -1     1     1     1     1 
   -4    -2     0     4    -4     0     2     4 
    0     0     0     0     0     0     0     0 
    0     0    -6     0     0    -6     0     0 
    4     4    -4     4    -4     4    -4    -4 
   -4    -2    -4     4     4    -4    -2    -4 
    4     2     8    -4    -4     8     2     4 
    8    -2     2    -8     8    -2     2    -8 
    4     8     0    -4    -4     0     8     4 
    2     2    -6     2    -2     6    -2    -2 
   -4    -8     4     4    -4    -4     8     4 
   -6    -6     2    -6    -6     2    -6    -6 
    8     4     6    -8     8    -6    -4    -8 
    4     4    -8     4     4    -8     4     4 
  -10    14    -2   -10    10     2   -14    10 
   12   -12    12   -12   -12    12   -12    12 
   16     8    10   -16    16   -10    -8   -16 
   -4    -4    -8    -4    -4    -8    -4    -4 
    0    12    16     0     0   -16   -12     0 
   -8     4     0    -8     8     0    -4     8 
    4     2    12    -4     4   -12    -2    -4 
  -12    -6    -8    12   -12     8     6    12 
    8   -20   -10    -8    -8   -10   -20     8 
   12   -12    -8    12   -12     8    12   -12 
   14   -10   -10    14    14   -10   -10    14 
    4    -4     0    -4     4     0     4    -4 
    2     2   -10     2    -2    10    -2    -2 
  -18    -6     2   -18    18    -2     6    18 
   -8    16     0    -8    -8     0    16    -8 
   16   -20    -8    16    16    -8   -20    16 
   -8     2     2     8     8     2     2    -8 
    8   -14     2    -8    -8     2   -14     8 
  -10    14     6   -10    10    -6   -14    10 
   12   -12    -4   -12   -12    -4   -12    12 
    0     0     0     0     0     0     0     0 
   16   -20   -16    16    16   -16   -20    16 
    4     4     4     4     4     4     4     4 
    0   -24    22     0     0   -22    24     0 
   -8   -10    10     8    -8   -10    10     8 
    4   -20    24     4    -4   -24    20    -4 
  -16    16    -6    16    16    -6    16   -16 
    8    20    16     8    -8   -16   -20    -8 
  -24    12    24   -24    24   -24   -12    24 
  -24   -18    -6    24   -24     6    18    24 
    8    -2   -22    -8     8    22     2    -8 
    6     6   -18     6    -6    18    -6    -6 
   12   -12    -4   -12   -12    -4   -12    12 
   20    -4    20    20    20    20    -4    20 
  -16    16   -10    16   -16    10   -16    16 
   16   -10     6   -16   -16     6   -10    16 
   16   -10    14   -16   -16    14   -10    16 
   12   -18    20   -12   -12    20   -18    12 
   20   -14   -12   -20   -20   -12   -14    20 
    8   -16   -16     8    -8    16    16    -8 
   16    -8    24    16   -16   -24     8   -16 
   10    10    18    10    10    18    10    10 
   -4    16    28     4    -4   -28   -16     4 
   32    22   -18   -32   -32   -18    22    32 
    0     6   -10     0     0   -10     6     0 
    2   -10   -26     2     2   -26   -10     2 
   -4    28    -4     4     4    -4    28    -4 
   -2   -26   -26    -2     2    26    26     2 
  -12    36     8   -12   -12     8    36   -12 
  -16    -8     6    16   -16    -6     8    16 
    0    -6   -26     0     0    26     6     0 
  -32     2   -10    32   -32    10    -2    32 
  -24    12    -2    24    24    -2    12   -24 
  -20   -20     0   -20    20     0    20    20 
   12    30    20   -12   -12    20    30    12 
  -12   -30     0    12    12     0   -30   -12 
   32   -14    -2   -32    32     2    14   -32 
  -10   -34   -18   -10   -10   -18   -34   -10 
  -12    36   -32    12   -12    32   -36    12 
   -8   -28    26     8    -8   -26    28     8 
   12    36    20    12    12    20    36    12 
   -6    -6   -22    -6     6    22     6     6 
   36     0   -24   -36   -36   -24     0    36 
   18     6   -18    18   -18    18    -6   -18 
   18    18     2    18   -18    -2   -18   -18 
  -38   -14    -6   -38   -38    -6   -14   -38 
  -20     8    12    20   -20   -12    -8    20 
  -12    18    20    12    12    20    18   -12 
  -36   -18   -12    36    36   -12   -18   -36 
   12   -12    16    12   -12   -16    12   -12 
   24   -12     6   -24   -24     6   -12    24 
   24    -6    26   -24   -24    26    -6    24 
    8    34   -22    -8    -8   -22    34     8 
   -8   -10     2     8    -8    -2    10     8 
   24     6   -14   -24    24    14    -6   -24 
    4     2    40    -4     4   -40    -2    -4 
    4   -22    -4    -4     4     4    22    -4 
   16   -32    40    16    16    40   -32    16 
  -32   -20    32   -32   -32    32   -20   -32 
  -36    36   -16   -36    36    16   -36    36 
   32    -8   -18   -32   -32   -18    -8    32 
  -28    20    28   -28   -28    28    20   -28 
   -8    20   -10     8    -8    10   -20     8 
   28   -16     4   -28    28    -4    16   -28 
  -30    -6   -22   -30   -30   -22    -6   -30 
