13 0
100
   -1     1     1    -1     1     1     1     1     1    -1    -1    -1     1 
    0   -48    40     0    28   -12   -24    12    12     0     0     0   -24 
   13    12    10     9     7     6     6     6     6     5     4     4     3 
    1     1     1     1     1     1     1     1     1     1     1     1     1 
   -1 4     1 0     1 0     5 0     1 0     1 0     1 0     1 0     1 0     5 0    -1 4    -1 4     1 0 
   16   -48    40     8    28   -12   -24    12    12     8     8     8   -24 
  167 66   -25 -46   -25 -46   167 66   -25 -46   -25 -46   -25 -46   -25 -46   -25 -46   167 66   167 66   167 66   -25 -46 
   -1 -1     1 0     1 0    -1 -1     1 0     1 0     1 0     1 0     1 0    -1 -1    -1 -1    -1 -1     1 0 
   16 -208   208 -96   208 -96    16 -208   208 -96   208 -96   208 -96   208 -96   208 -96    16 -208    16 -208    16 -208   208 -96 
   -1 2    -1 2    -1 2    -1 2    -1 2    -1 2    -1 2    -1 2    -1 2    -1 2    -1 2    -1 2    -1 2 
   -1   -10    10     2     4    -2    -4     2     2    -1    -2     1    -2 

    1    -1     1    -1     1    -1    -1    -1     1    -1     1    -1    -1 
   -1    -1    -1     1    -1    -1    -1    -1    -1    -1    -1    -1    -1 
   -1    -1     1    -1     1    -1    -1    -1     1     1    -1     1    -1 

    0     0     0     0     0     0     0     0     0     0     0     0     0 
    0     0     0     0     0     0     0     0     0     0     0     0     0 
   -5    -4    -2    -1     1     2     2     2     2     3     4     4     5 
   -3     2    -1     1     5    -1    -1     2     3    -5    -3     1    -1 
    6     4     3     2     6     1     5    -4    -1     0    -3     3     4 
   -4     4     3     0     0     1     5    -4     3     6    -1    -3    -2 
    0    -8     8     8     8     4     8    -4     8     4     6    -6     4 
    3    -8    -6     3     9     4     2    -4     4    -3     6     6     7 
   -2    -2     2     6     2     4    -2     4     4     4    -2     2    -8 
  -10   -10     0    -6    -6     2     4    -2     6     0   -10    -6    -4 
   -9    -2     3     3     3     7    -1   -10    -5    -7     3    -9     1 
    2    10    -4   -10     2    -8     4    -8    -4    -2     2     2    -2 
   -7     6    -9    -7    -3     3     3     6     3   -11    -7    -7     9 
    2     4    -1     6   -10   -11     1     4     7    -2    -1   -11    10 
   11    -4     6    11    -3     8   -10    -4    -4    -7     8     4    -1 
   11     6     2    -1    -1    -6    -6     6     2     1     2    -6     9 
   -1   -10     1    -9    -5     5   -11    -2    -3     3    -1    -9    -1 
   11     8     2    -1     5    14   -10    14     2     3     2    -2    -7 
    9    12    -8     1     7    -6    12     0    14    -5     0     4    -3 
   -8     0     9   -12   -12     3     3   -12     1   -10    -5     9     6 
   12    -4    -6   -12    12     8   -14    10    -4     8   -12     0     8 
   -1     4    14    11     5     4    -2   -14     4    -1     2    10     1 
   -8     4     8    -8     8    10     4   -14   -14   -16   -14   -14    -8 
   12    12   -12   -16     0     0    12   -12     0    14    12    12     6 
  -16     4   -11    -8    -8    19   -13    20     9    16    17     3    -8 
  -11    14    -6   -19     9     2     2     2     2    -7    -2   -10     5 
   20   -14   -12     4   -12    10    -8    16     2     4    -4     8     4 
   -8     6    10    12     4   -18    -6   -12    10     6   -20    12    18 
    0   -18    14    -4   -16   -18     6     0     6    -4     6     6   -12 
   18     0     8   -22     2    12     0     0   -12    12   -12   -20     0 
   10    -8     7     6    -2    13    13    -8    11    14    -5    13   -14 
    2    -6    17   -14   -22    -3     9     6   -19    -6    17   -15    18 
  -12     2    10    -4    -8     8    -2    -2    -4    -2     0    12   -22 
    9   -18   -15   -19    -3    21    21    -6   -15   -17    -3   -15    -9 
  -14    -2    -6    18    -6     4    14    14   -12    -2    -2    -6    22 
    2     8    23   -14     2     5     5   -16    19     4    -1   -23     8 
    1   -16    20     1   -13     2     8     8    10     7    10    10   -19 
    1     1    -1     1    -1     1     1     1    -1    -1     1    -1     1 
   -9     0     6   -13     9     0   -18    18   -12   -17    12    16    21 
    4    14   -18    24    24    -4     2    20   -16     2   -20   -16   -10 
  -11     0   -20   -15    19    -6     0    -6     2    -3    -2   -18    15 
   -2   -12    25   -14    10   -21    15    12     5   -18     7     9    18 
    5    20     6   -15    -9    14   -14   -14    18    13   -22   -18    11 
   12   -12    10   -12   -20     6     6    18    18   -12    -6     6    12 
   19   -14    26    -9    11   -14   -14    -2    26     9    -2   -10   -11 
  -14     6    10   -18    -2     6    18    12    -6   -16     4    -4   -12 
    4    18    -2   -12    -8   -18   -18    12    26   -22    -8     0   -18 
   20    22    -2    12    -8    22   -10     2   -18   -18   -10     6   -14 
  -20    20     2    28    -4   -16    26    20   -20   -12   -20    16    20 
  -12     0   -16    -4    20   -12    24    -6     4   -20   -12     4   -12 
   -8     2     0   -16    12    14   -20    22    -6    18   -26    -6    14 
   -3    -6   -26   -11    13    -6     6    18    18    -3    18    -6    21 
    9     8    20     9   -13     8   -20    -8    28   -21   -18    18    17 
   -9     8    14    -9     5    20    -2    16    -4     9    -6    18   -13 
   -6    24    -4     6    26   -24    12    24   -24    16     0     0    12 
  -15    20    16    -3   -29   -16    16    22    -4   -23     6    18    -1 
   -2    -2    24   -22    -6    -2    28    22   -26    -8   -20    32   -20 
  -10    14    13   -18    22    17    17     2    13   -10    29    -7   -10 
   -9    10    15    15    -9     7   -25   -10     7    -5    27     3    -5 
   27    10   -25    19   -13     7    -1   -10    23    -1    27   -21     7 
   32    10    -2   -20   -20    10    22    -2    -2   -22    -4   -28    22 
   29    -2   -17     5     1    -5   -13     2    27     1   -31    33    13 
    0   -30     4     0    16   -18     0     0    -6    28    -6     6    12 
  -10   -20    20   -10    14   -20   -20   -20   -20    12    20   -20    -8 
   14    -4   -21    22    -6     5    29    32    23   -30    23   -35   -34 
   22    14    -8    30   -14   -16    32   -16    -8    12   -32     8     8 
    6   -30    13     6    22    -3    -3   -18     9    -2    15   -13    30 
  -28    12   -27   -12    12    -9     3    36     1   -32    23   -15     0 
   17     0   -16    29   -25   -12     0     6    16    33    26   -18     3 
    9    -8     8   -15    35    16     8    20    -4    27    -6     6   -23 
    0    24   -16    24     8    12    24   -24   -12    24     0   -24     0 
    6    -6    25   -10   -26   -27    33     6   -15     2    15    11   -30 
   -6    30     4    18    22    24   -36   -18    -4    -8     6    14    36 
    0   -14     0    -8    24   -14     4     4   -30    -4     0    -4     4 
  -25    16     2    11    17    -8    10    22   -16    31    14    -2   -11 
   20   -28   -19    36   -16   -37    11    20    29    -6    -1   -23   -22 
   10     6    -5    10   -14    15    -9     6   -13   -18   -17     3     6 
   10    38    -2    -2   -26    20    34   -14    12   -16   -14    30   -28 
   -4    30    22    20     4    18    30    24    10     0   -22    -6   -24 
   -5   -14   -14    -9    -5    10   -22   -10    18   -15    34    18   -11 
  -20    -2     4    -4    16     4    28    -2    -8    10    34   -22    -2 
   -2     2   -20    34    22    26   -40    20   -14    26    40    -4     2 
   -4   -24    24   -20   -12     0    24   -24    16    24   -40     0    24 
  -10    24   -17     2    10   -27    21   -24    19     2   -25   -15     6 
   12    -8   -26    20   -20    10    26     2   -34    12   -18    -6     4 
   31    -4   -28    15   -31    26    16     4     6   -11    28   -24   -37 
  -30    34     8   -18     2    10   -28    26   -10     6    -6   -18    -2 
  -34   -14    25   -34    -2     1   -31    26   -39   -22    -7     9    10 
   38   -10   -14   -38    10    32    14    32     4     8    -4     8   -28 
  -16    14    -2    20    16   -22   -10   -28    -2    -8   -16     8   -16 
  -22    24    -1   -22    14   -15    -3    12     3    26     5    31   -42 
  -22    16     7    22   -26    25    13    -8    -5    14   -19     7    34 
  -38     0   -23    -2    10   -33     3    24   -39    -8    25     7    12 
    3   -16    32    -5    -7    20   -16   -16    12   -31   -12   -20    11 
    8    -8    -6     0   -24    16     2     2    36   -32   -40    12    -8 
  -17   -20    12   -41     9   -32   -28    20   -12   -31    34    30     7 
   22    36    25    14   -14    15    39    36   -15    14    -5    13    -6 
   28   -32     0    -4   -36   -26    28    10   -34   -28    -2    -2   -20 
   13   -10     9   -31     9   -43     5     2    -7    27   -11    -7    35 
  -10   -10   -10   -42   -10     8    26   -34    -4    30   -28    32   -34 
