1 0
200
    1 
-3240 
    5 
    1 
    1 0 
-3240 
    5 -112 
    1 0 
  442 -102 
   -1 2 
 -540 
    0 
    0 

   -1 
   -1 
    1 
   -1 

    1 
    1 
    3 
   -1 
    0 
   -2 
    8 
    9 
    4 
    1 
    2 
   -1 
    2 
    3 
    2 
    5 
  -14 
    2 
    6 
   -2 
    8 
  -17 
    6 
   11 
   -4 
  -10 
    6 
   20 
  -14 
  -16 
    2 
    6 
   -9 
    9 
  -15 
    6 
   20 
   -2 
   19 
  -12 
    4 
  -20 
   -8 
  -22 
   -7 
  -18 
   18 
   22 
  -28 
  -12 
  -26 
   10 
   -1 
  -24 
  -11 
   27 
   10 
   11 
  -17 
   18 
    1 
  -14 
    2 
   17 
   18 
  -26 
   16 
  -20 
   19 
   35 
   20 
  -36 
   21 
   -6 
   10 
  -32 
  -14 
    3 
  -10 
  -12 
  -35 
   24 
   -8 
  -12 
    3 
  -21 
   39 
   34 
   31 
  -16 
   34 
   24 
   16 
   18 
    8 
   -7 
   33 
   -2 
  -15 
    8 
   20 
    8 
    5 
  -12 
  -24 
  -31 
   23 
  -43 
   20 
  -36 
  -30 
  -24 
  -20 
   24 
  -11 
    2 
    2 
   25 
  -23 
    0 
   20 
  -36 
   16 
  -16 
   -2 
   11 
   20 
  -35 
   22 
    9 
   30 
   26 
   42 
  -24 
   25 
  -25 
  -38 
    8 
   36 
    7 
  -33 
   39 
  -42 
  -18 
  -20 
   -8 
    0 
  -30 
    9 
   34 
  -32 
    7 
  -19 
   10 
    0 
  -15 
   38 
   44 
   18 
  -11 
   36 
  -24 
    6 
    1 
   38 
   42 
  -51 
   11 
  -10 
   49 
  -31 
  -16 
   63 
    0 
  -45 
   -4 
  -36 
  -19 
   26 
  -13 
  -47 
  -18 
  -23 
   21 
  -16 
   26 
   -4 
   39 
   31 
   46 
  -32 
   -6 
  -40 
   -8 
  -35 
   27 
   12 
   -5 
  -26 
   46 
