2 5
200
   -1     1 
    0   -36 
   10     6 
    1     2 
   -5 4     1 0 
    4   -36 
   67 -82    67 -82 
    1 0     1 0 
  260 52   260 52 
   -1 2    -1 2 
   -1    -6 

   -1    -1 
   -1     1 
    1     1 

    0     0 
    0     0 
   -2     2 
    2     6 
    2     2 
    0    -2 
    3     8 
   -7     8 
    3     6 
    3    -2 
    9     2 
    4    -6 
    2     6 
   -5     4 
   -1    -4 
  -13     6 
    1    -6 
   -4    10 
  -12   -10 
   -8   -10 
   -6   -10 
   15     4 
  -15     4 
   12    16 
  -16   -16 
   20    14 
   10   -14 
  -13   -14 
    3   -14 
    4    -8 
    8    -8 
   -6    18 
    0    18 
  -18    18 
  -16   -18 
  -22     6 
   16     6 
  -16    10 
   -8   -10 
   -1    -1 
  -15    12 
  -15   -12 
   12    -4 
   16    -4 
   10    -2 
   14    -2 
    0    -6 
   -8     6 
  -11    -8 
  -11     8 
   21    10 
    5    10 
  -18    18 
    6    18 
    7    12 
    9    12 
   15   -30 
  -27    30 
   28   -14 
  -18   -14 
  -18     2 
  -10   -18 
   -6    18 
   -8    22 
  -12   -22 
    9    10 
   -3    10 
  -28    24 
   -4   -24 
    6    30 
  -24    30 
   29     2 
   26    22 
   10   -22 
  -24    10 
  -18   -10 
  -38    -6 
  -26     6 
   -8     6 
  -20     6 
    8   -10 
    2    10 
   12   -30 
   -4   -30 
    1   -24 
   29    24 
  -34   -38 
   10   -38 
  -38   -34 
   28   -34 
   -4   -22 
  -18   -22 
    4     2 
   -8     2 
   40   -20 
   20    20 
  -24    14 
   14   -14 
   16    26 
   30   -26 
  -27   -32 
  -15    32 
   36   -42 
   16    42 
   -9   -10 
  -13   -10 
   -5    12 
   35   -12 
   41    -4 
   -9    -4 
   18   -26 
   38    26 
  -12   -34 
   20   -34 
  -18   -22 
   18   -22 
   21    26 
   -7    26 
   34   -18 
  -50    18 
   33     0 
   29     0 
  -21   -26 
  -21   -26 
  -18     2 
   30    -2 
  -27   -18 
    7    18 
   34    22 
    4   -22 
  -16     6 
  -34    -6 
    0   -14 
   40   -14 
  -13     0 
  -19     0 
   -1   -42 
   17    42 
   -9    -6 
    3    -6 
   24     2 
   40    -2 
  -32    24 
  -40    24 
   36    -6 
   44     6 
  -18   -34 
   50   -34 
  -28    18 
    2   -18 
    0   -28 
  -36    28 
  -19    36 
  -11   -36 
  -37   -36 
   57   -36 
  -24    12 
  -24    12 
   52   -42 
  -28    42 
  -15    26 
  -39    26 
  -17    38 
   -4    50 
  -26    50 
   34    18 
   16    18 
   40   -12 
   -8   -12 
   14   -50 
   20   -50 
  -26    42 
   16   -42 
  -49     8 
  -51     8 
   10   -14 
  -12   -14 
   26   -10 
  -34    10 
  -18   -38 
  -42    38 
    8   -18 
    8   -18 
   26   -22 
  -46    22 
  -52    22 
  -26    22 
   37   -34 
  -41    34 
   30   -46 
    6   -46 
   -4     6 
  -24    -6 
   65   -56 
   61    56 
   51    52 
   59   -52 
  -58    -2 
   -4    -2 
   23   -14 
