12 0
100
   -1    -1     1    -1    -1     1     1     1     1    -1    -1     1 
    0     0    14     0     0     6     0     0   -80     0     0   -16 
   12    10     7     6     6     3    13    10    10     9     6     4 
    1     1     1     1     1     1     1     1     1     1     1     1 
   -1 4    -1 4     1 0    -1 4    -1 4     1 0     3 0     3 0     1 0    -1 4    -1 4     1 0 
    8     4    14     4     4     6     8     8   -80    32    72   -16 
   35 -104  -115 48  -115 48    35 -104  -115 48  -115 48  -115 48  -115 48  -115 48  -115 48  -115 48  -115 48 
    1 0     1 0     1 0     1 0     1 0     1 0     1 0     1 0     1 0     1 0     1 0     1 0 
  104 -312   -78 -182   -78 -182   104 -312   -78 -182   -78 -182   -78 -182   -78 -182   -78 -182   -78 -182   -78 -182   -78 -182 
    3 0    -1 2    -1 2     3 0    -1 2    -1 2    -1 2    -1 2    -1 2    -1 2    -1 2    -1 2 
    2    -1     2     1     2     1    -1    -1   -13    -1    -3    -2 

    1     1     1     1     1     1    -1    -1    -1    -1    -1    -1 
    1     1     1     1    -1     1     1     1    -1    -1     1    -1 
    1     1    -1     1    -1    -1     1     1    -1     1    -1    -1 

   -1    -1    -1    -1    -1    -1     1     1     1     1     1     1 
    0     0     0     0     0     0     0     0     0     0     0     0 
   -4    -2     1     2     2     5    -5    -2    -2    -1     2     4 
   -2     5     5     1     3     1    -1    -3    -1    -5    -5     2 
    4     3    -2    -5     3     6    -6    -3     5     2    -3    -4 
    2     3     4    -1    -3     0     0    -3    -1     4     3     2 
    4     3     8     7    -9     0     0    -9     7     8     3     4 
    0    -3     6     9    -7    -6    -6    -7     9     6    -3     0 
    6     2    -3    -6     6     1    -1    -6     6     3    -2    -6 
   -6    -4    -6     0     8    10   -10    -8     0     6     4     6 
   -2    -8    -4     4     0    -8    -8     0     4    -4    -8    -2 
   -2    -9   -11     7    -3    -3    -3    -3     7   -11    -9    -2 
    6     1     3    -3    -3    -1     1     3     3    -3    -1    -6 
   -8     6    -5    -2     2     3     3     2    -2    -5     6    -8 
   -2   -10     5    -2     2     1    -1    -2     2    -5    10     2 
   10    -6    -4    10    -2   -12   -12    -2    10    -4    -6    10 
    2    -8    14    -4     4     2    -2    -4     4   -14     8    -2 
   10    -3    16     1   -13    12    12   -13     1    16    -3    10 
   -8    -3     8   -11   -11    12   -12    11    11    -8     3     8 
  -12    -2    15     6     2    11   -11    -2    -6   -15     2    12 
   -4    -2    -1   -10     6   -13    13    -6    10     1     2     4 
   14     1    10    -7   -13    14   -14    13     7   -10    -1   -14 
   10     7    14     7    13     2    -2   -13    -7   -14    -7   -10 
  -14     4    16    -8   -12     8    -8    12     8   -16    -4    14 
   12    -8    12   -12     8     4     4     8   -12    12    -8    12 
  -14   -18    11    -2    -2    -9     9     2     2   -11    18    14 
  -10    10   -19     2   -10    13    13   -10     2   -19    10   -10 
  -10    -1   -10   -13     9    -2     2    -9    13    10     1    10 
  -18    11     6    -9   -11    -2     2    11     9    -6   -11    18 
   -8    -1    -2    -5    19     2     2    19    -5    -2    -1    -8 
    8     9    -4   -19    13    12    12    13   -19    -4     9     8 
   18    12     6     0   -12    -6    -6   -12     0     6    12    18 
  -14    18    20   -14   -10   -12   -12   -10   -14    20    18   -14 
   -2   -19   -10   -11   -17   -10   -10   -17   -11   -10   -19    -2 
    6    11    -6    -9    -9    10   -10     9     9     6   -11    -6 
  -10     8   -19     8     0     5     5     0     8   -19     8   -10 
   18   -12   -15   -12    -8   -15   -15    -8   -12   -15   -12    18 
  -16     8   -14     8     8    22   -22    -8    -8    14    -8    16 
  -14   -24    16    16    -8   -24   -24    -8    16    16   -24   -14 
   -1    -1     1    -1     1     1    -1    -1     1    -1     1     1 
   20    -2   -17    14    22   -17   -17    22    14   -17    -2    20 
    6   -18    -3     6    -6     9    -9     6    -6     3    18    -6 
  -22    -8    -4     8   -24     8    -8    24    -8     4     8    22 
   14   -20    14    -4    12    14   -14   -12     4   -14    20   -14 
   -2     4     2     4   -16    14   -14    16    -4    -2    -4     2 
   10    10   -10    -2    -2     2    -2     2     2    10   -10   -10 
   -2   -15   -13   -23    -5     3     3    -5   -23   -13   -15    -2 
  -18     3    -3    15    15   -15    15   -15   -15     3    -3    18 
  -10    22   -11    26    22    17   -17   -22   -26    11   -22    10 
  -20     4    -5   -20   -20    19    19   -20   -20    -5     4   -20 
  -18   -11    21    -3    13   -11   -11    13    -3    21   -11   -18 
   26    21   -11   -19    21    -3    -3    21   -19   -11    21    26 
  -18     6     3     6    -6   -21   -21    -6     6     3     6   -18 
    6     6    27     6   -18     3     3   -18     6    27     6     6 
   30    -8    24     0    24     8    -8   -24     0   -24     8   -30 
  -10    28    14    -4    -4    26   -26     4     4   -14   -28    10 
   10     8     8    -8   -12    16   -16    12     8    -8    -8   -10 
   -6   -20   -18   -12    -8    10    10    -8   -12   -18   -20    -6 
   18   -20   -12   -24    -4    16    16    -4   -24   -12   -20    18 
   18   -10    12   -18   -10   -16   -16   -10   -18    12   -10    18 
   30   -10   -21     6   -18    11    11   -18     6   -21   -10    30 
    2    -9     2   -13    35   -30    30   -35    13    -2     9    -2 
   22   -27    26    13   -17    18    18   -17    13    26   -27    22 
   32   -25    -8    -1   -25   -32    32    25     1     8    25   -32 
   -2    -5     4   -17   -11    28    28   -11   -17     4    -5    -2 
   14     5   -23    17   -29    13   -13    29   -17    23    -5   -14 
  -34    -7     1   -19    23   -11    11   -23    19    -1     7    34 
  -22    -8   -31     8    16   -19    19   -16    -8    31     8    22 
  -12   -10    -9    -6   -18   -25   -25   -18    -6    -9   -10   -12 
   -2    12   -28    16    -8   -12   -12    -8    16   -28    12    -2 
  -14   -18    20    -2   -22    36    36   -22    -2    20   -18   -14 
  -18     2   -30    18    30   -14    14   -30   -18    30    -2    18 
  -22    26   -14    26   -10   -26    26    10   -26    14   -26    22 
  -10   -32   -34    -4    16   -14   -14    16    -4   -34   -32   -10 
  -26     8   -14   -32     8   -10   -10     8   -32   -14     8   -26 
    8    -4    28    20    -4     4    -4     4   -20   -28     4    -8 
   26    18    10   -10    34   -30   -30    34   -10    10    18    26 
  -22     8   -16   -16    20   -20    20   -20    16    16    -8    22 
   -6    10   -12   -30   -30    -4     4    30    30    12   -10     6 
  -18    28   -18    24     0     2    -2     0   -24    18   -28    18 
   26    17    19    29   -11   -17    17    11   -29   -19   -17   -26 
  -10    -5   -19    35    17    13    13    17    35   -19    -5   -10 
  -30    10   -21   -30   -18    -5    -5   -18   -30   -21    10   -30 
  -22   -36    19     8    20   -21   -21    20     8    19   -36   -22 
   24    10   -15   -30    -6   -23   -23    -6   -30   -15    10    24 
  -34    12   -25     8   -32     3    -3    32    -8    25   -12    34 
  -14   -24    38    -8   -36     6     6   -36    -8    38   -24   -14 
    2   -12     4    -4   -24    24    24   -24    -4     4   -12     2 
  -22    38    10   -22   -38   -38    38    38    22   -10   -38    22 
   10     2    14    22   -14    -2     2    14   -22   -14    -2   -10 
  -16    14    -8     2     2    16   -16    -2    -2     8   -14    16 
   28     8   -16    -8    -8    16   -16     8     8    16    -8   -28 
    2    -8   -16   -16    16    40    40    16   -16   -16    -8     2 
    6    -4     0   -12   -24     8     8   -24   -12     0    -4     6 
   -8    -4   -13    40     0   -13   -13     0    40   -13    -4    -8 
   14   -30    29    26    18   -15    15   -18   -26   -29    30   -14 
   12    -5   -24   -21   -21     8    -8    21    21    24     5   -12 
    6   -17   -18     3   -39   -14   -14   -39     3   -18   -17     6 
   22   -14     7    34    -2     7     7    -2    34     7   -14    22 
   -2    26    17    34    26   -35    35   -26   -34   -17   -26     2 
