1 0
100
   -1 
    0 
    8 
    1 
    5 0 
   24 
  -65 82 
    1 0 
 -264 -48 
   -1 2 
    1 

   -1 
   -1 
    1 
    1 

    0 
    0 
    0 
   -1 
   -2 
    4 
    6 
   -6 
   -2 
    4 
    0 
   10 
   -2 
    4 
   -8 
   -6 
    0 
    8 
   -8 
  -14 
    6 
    0 
    0 
   -4 
   -4 
   10 
   -6 
  -12 
  -14 
    0 
    8 
  -16 
  -12 
   24 
   10 
   16 
   -1 
   -4 
   -4 
  -10 
  -24 
  -12 
  -20 
   14 
    6 
   22 
  -22 
   12 
   -8 
  -24 
   10 
   12 
    0 
   18 
  -12 
  -28 
  -22 
  -30 
  -32 
   -6 
  -18 
    0 
  -30 
   -8 
    4 
   -2 
   26 
    0 
   18 
   24 
   24 
   -2 
   22 
   26 
    8 
   28 
   18 
   16 
   36 
   12 
  -26 
  -34 
   18 
    6 
  -22 
   34 
   24 
  -22 
  -14 
   18 
    8 
  -28 
   20 
   32 
   12 
  -42 
   36 
  -20 
   -2 
   14 
