3 6
200
    1    -1    -1 
    0     0     0 
    5     3     1 
    5     3     5 
    3 0    -5 4    -1 4 
 4800  1440  4800 
   17 25   -31 -3   -31 -3 
    0 1     1 0     1 0 
  100 -25  -100 25  -100 25 
    3 0     3 -1     3 -1 
 -600  -360   600 

   -1     1     1 
    1     1     1 

   -2     0     2 
   -2     0     2 
    1    -1    -1 
   -5    -5    -5 
   -3    -3    -3 
   -3    -3    -3 
   -6     6     6 
   -6     6     6 
    0     0     0 
   -5     3    -5 
   -5     3    -5 
   -2    -2     2 
   -2    -2     2 
    4    10    -4 
    4    10    -4 
   -6   -12     6 
   -6   -12     6 
   -2     4     2 
   -2     4     2 
   -8     0    -8 
   -8     0    -8 
   -5    -1    -5 
   -5    -1    -5 
    8    -6    -8 
    8    -6    -8 
    5    -7     5 
    5    -7     5 
   -6    -6     6 
   -6    -6     6 
   -2    16     2 
   -2    16     2 
  -12    12    12 
  -12    12    12 
   10    -6    10 
   10    -6    10 
  -13    -1   -13 
  -13    -1   -13 
   14    -2   -14 
   14    -2   -14 
  -25    -1   -25 
  -20    12   -20 
  -20    12   -20 
   -3     9    -3 
   -3     9    -3 
  -16     4    16 
  -16     4    16 
   -2     0     2 
   -2     0     2 
  -13   -13   -13 
  -13   -13   -13 
  -16   -24    16 
  -16   -24    16 
   15   -21    15 
   15   -21    15 
   24    -6   -24 
   24    -6   -24 
   -2    10     2 
   -2    10     2 
    7     3     7 
    7     3     7 
   15   -25    15 
  -12    18    12 
  -12    18    12 
   12   -28    12 
   12   -28    12 
   18   -14   -18 
   18   -14   -18 
   18    18   -18 
   18    18   -18 
  -20    24   -20 
  -20    24   -20 
  -38   -34   -38 
   24     4   -24 
   24     4   -24 
   20    20    20 
   20    20    20 
    5    -3     5 
    5    -3     5 
   -3   -15    -3 
   -3   -15    -3 
   -3    17    -3 
   -3    17    -3 
  -23    21   -23 
  -23    21   -23 
    4    18    -4 
    4    18    -4 
   -5    -9    -5 
   -5    -9    -5 
   38    -8   -38 
   38    -8   -38 
  -36   -32    36 
  -36   -32    36 
  -42   -38    42 
  -42   -38    42 
    7    15     7 
    7    15     7 
  -35   -31   -35 
  -35   -31   -35 
   27    11    27 
   27    11    27 
  -32    -8    32 
  -32    -8    32 
   28    24   -28 
   28    24   -28 
  -30    18   -30 
  -30    18   -30 
   12    -4    12 
   12    -4    12 
   25    45    25 
   25    45    25 
   44    -2   -44 
   44    -2   -44 
  -22   -42    22 
  -22   -42    22 
   37    29    37 
   37    29    37 
   22   -30    22 
   22   -30    22 
    4     6    -4 
    4     6    -4 
  -15   -15   -15 
  -15   -15   -15 
   24    28   -24 
   24    28   -24 
  -16    24    16 
  -16    24    16 
  -13    -9   -13 
  -13    -9   -13 
   35    35    35 
   35    35    35 
  -35   -43   -35 
  -35   -43   -35 
   14    12   -14 
   14    12   -14 
  -33    23   -33 
  -33    23   -33 
  -32    16    32 
  -32    16    32 
   45   -15    45 
   45   -15    45 
  -23   -27   -23 
  -23   -27   -23 
  -26     4    26 
  -26     4    26 
   18   -54   -18 
   18   -54   -18 
   54   -24   -54 
   54   -24   -54 
  -32   -50    32 
  -32   -50    32 
  -36   -20    36 
  -36   -20    36 
   38   -26   -38 
   38   -26   -38 
   12   -24    12 
   12   -24    12 
   -5    11    -5 
   -5    11    -5 
  -42     0    42 
  -42     0    42 
   -6     0     6 
   -6     0     6 
  -58   -46   -58 
    8    22    -8 
    8    22    -8 
  -12   -54    12 
  -12   -54    12 
   -8    56    -8 
   -8    56    -8 
   25   -43    25 
   25   -43    25 
  -60    24   -60 
  -60    24   -60 
  -43   -15   -43 
  -43   -15   -43 
  -26    46    26 
  -26    46    26 
   17   -55    17 
   17   -55    17 
   -3   -51    -3 
   -3   -51    -3 
    8    28    -8 
    8    28    -8 
  -16   -14    16 
  -16   -14    16 
    4    36    -4 
    4    36    -4 
  -22    16    22 
  -22    16    22 
   25   -31    25 
   25   -31    25 
   44   -30   -44 
   44   -30   -44 
   47   -25    47 
   47   -25    47 
  -12    60    12 
  -12    60    12 
   27   -49    27 
   27   -49    27 
  -46   -44    46 
