1 2
100
    1 
   52 
    1 
   26 
    1 0 
   52 
    0 11 
   -1 0 
  -21 0 
    1 -1 
   52 

    1 
   -1 

    2 
    2 
    0 
    1 
   -2 
   -2 
    0 
    0 
   -6 
    4 
    4 
    3 
    3 
    5 
    5 
   12 
   12 
   -5 
   -5 
   -6 
   -6 
   -1 
   -1 
   -8 
   -8 
    9 
    9 
   10 
   10 
  -15 
  -15 
  -12 
  -12 
  -12 
  -12 
  -16 
  -16 
    4 
    4 
  -25 
    2 
    2 
   10 
   10 
   11 
   11 
   16 
   16 
    4 
    4 
    6 
    6 
    6 
    6 
    4 
    4 
   13 
   13 
   -4 
   -4 
  -34 
   24 
   24 
  -25 
  -25 
   13 
   13 
   32 
   32 
   20 
   20 
  -37 
   23 
   23 
    3 
    3 
   -6 
   -6 
  -36 
  -36 
   -7 
   -7 
  -18 
  -18 
   12 
   12 
  -18 
  -18 
  -11 
  -11 
  -17 
  -17 
   31 
   31 
  -28 
  -28 
   37 
   37 
  -19 
  -19 
