2 0
100
    1     1 
   12     4 
    3     1 
    1     1 
    1 0     1 0 
   12     4 
 -157 52  -157 52 
    1 0     1 0 
 -105 -105  -105 -105 
    0 1     0 1 
   12     4 

   -1    -1 
   -1    -1 
    1     1 
   -1    -1 

    0     2 
    0     0 
    0     0 
   -1    -1 
   -4    -6 
   -2    -4 
    4    -2 
    2    -4 
    1     1 
    8    -6 
   -6     0 
    7    -5 
    7     3 
    9     1 
   -1    -1 
   -6    -6 
    2    -6 
   -7    -3 
   11    -9 
  -12    -2 
    2    12 
   11    11 
    9     1 
   16   -10 
   10     8 
   15     7 
   19    -5 
  -10     2 
   10     6 
   17   -15 
  -13    11 
   12    -6 
   -6    -4 
   -8    -4 
    4   -16 
  -16   -12 
  -12     8 
  -16    12 
    4    16 
   -3    -3 
    0    20 
    4     0 
  -12   -16 
  -24    12 
   -3    17 
   -7    21 
   16    14 
  -18   -16 
   -4    20 
  -20    20 
    6    18 
   -6   -26 
   18    14 
  -30   -18 
   16   -24 
  -16   -24 
  -25   -25 
   11    -5 
  -18    14 
  -18   -26 
  -26   -10 
  -24   -18 
  -10     8 
    7     7 
   25   -15 
   -7    33 
   17    -7 
   30   -30 
    6    34 
   10     8 
  -24    30 
    7    15 
  -19    37 
    9    17 
   29     1 
   15   -37 
  -26    20 
   12   -18 
  -12   -24 
   32   -12 
  -19    25 
   29    17 
   36     8 
  -16   -20 
  -10   -30 
  -26    -6 
   36   -24 
    0   -12 
  -17    -1 
   31    31 
  -19   -27 
   -1    -1 
   23   -17 
   13   -19 
   30    18 
   14     2 
  -13    11 
  -11     5 
   25   -11 
   -7   -19 
