7 0
200
   -1    -1    -1     1    -1     1    -1 
    0     0     0   128     0   -64     0 
   12    11     8     8     8     8     5 
    1     1     1     1     1     1     1 
   -5 4    -5 4    -5 4     1 0    -5 4     1 0    -5 4 
   20    12    64   128   168   -64   108 
 -121 -28  -121 -28  -121 -28  -121 -28  -121 -28  -121 -28  -121 -28 
    0 1     0 1     0 1     0 1     0 1     0 1     0 1 
 -266 182  -266 182  -266 182  -266 182  -266 182  -266 182  -266 182 
    3 0     3 0     3 0     3 0     3 0     3 0     3 0 
    4    -1    -2    16    16    -8    -1 

    1     1     1     1     1    -1    -1 
   -1    -1    -1    -1    -1    -1    -1 
    1    -1    -1    -1    -1    -1    -1 
   -1     1     1    -1     1     1    -1 

   -1    -1    -1    -1    -1     1     1 
    0     0     0     0     0     0     0 
    0     0     0     0     0     0     0 
   -2    -1     2     2     2     2     5 
    1    -2    -6     2     4    -2    -2 
    3     2     1     3    -4     1    -2 
   -4     0     0     6     0     8    -4 
   -4     2    -2    -4     8     2     2 
   -4    -2     3     7    -2     1    -2 
    1    -4     6     4    -4     2     8 
    4    -6    -9     3     6     5   -10 
  -11    -7     6    -6    -4    10     1 
   -4     7    -7     3    -2    -5   -11 
    8    -8     7   -11    -8    -1    -4 
   -2    12     1    -1     6    11    -4 
   -3    -2     5     7    10    13    -2 
    6     1     3    -5    -2    -5     1 
    8    -4     9     1    14     3     0 
   -8    13   -13     3    -8     3    -3 
   -6    -7    -2    14     8     6     3 
   -5     9    -2    -8   -12    -6     9 
    2     6   -16    -8    -6     8     2 
   15   -16    -1     5   -16    -1    -4 
   13    16    17    -3    -8    17   -16 
    2    10    13    -3    -2    -1   -10 
   -6    -1   -10    -6   -10    10   -11 
   14    -4     2    -2     2    -2    16 
    1    -1    -1     1    -1    -1     1 
    9     6    17    -1   -18     9    -6 
   12    -8    16    -2    16    -8   -20 
   16     7     5     7    10   -17    13 
    8     7     6    18   -14    -6    -3 
  -10   -16   -12    12     8   -12    12 
    0    11   -18    16     2    22     1 
   -8   -12    24    18    -6    -8   -20 
    1    12    -2     0   -12   -22     8 
   10    20    -6     0   -16   -22     8 
   18    23   -20   -20   -10   -20   -11 
    6    19    -6    -8     4   -14    25 
   -6   -10    16     2    -4    -8   -26 
    7    -3   -12    14   -12    12    -3 
   22   -22   -24    10    -4     0    18 
   19     3   -14   -20   -24    14   -13 
  -24   -19    18   -10     8     2   -25 
  -21   -10   -17     1   -22    -1     2 
   -4   -19     0     0   -10     8    -1 
  -23    -8    -9    -3   -14    23     8 
  -14    24   -28    10   -18    -4     8 
   -6    16   -10     4   -20   -18    12 
  -10    22    -4    -4   -14    12    -6 
    4    25    -9    -3   -14    -3     3 
   24    21   -21    29    -6     9    -9 
    6     8    24     0    14     0    24 
    2    16    -4    20    16    12   -24 
   30   -12    26    -6   -24   -30   -12 
   -9     1     0    24   -20     0     9 
  -25    23     6   -10    26   -26   -17 
   19    -2    17   -17    22   -23    22 
   -7    -8   -20   -26   -20   -20    -8 
  -10   -23    -5   -15    10     1    19 
   -2    10   -25     1    10   -11    -2 
  -12    -6    16    14     6    -8    -2 
   30     2   -26    24    14    22    -2 
   -8   -13   -11    -5    14     7    25 
   -8    20    26    36    -4   -14     4 
   -7   -23     4    -4     4   -28    -7 
   22   -15   -26   -10    24   -22    -7 
   -9     0   -12    18   -12    12   -12 
  -12   -18    -4    -4   -24    12   -18 
   -9    -8    -4    32    16   -20   -32 
  -12   -17    24    16    34   -32   -35 
  -36     9    30   -20   -30    30   -21 
   -6   -31    -7    17   -22    25     1 
  -12   -33    34     0    -6    34   -11 
  -18    -5     0    18   -20    -8   -23 
   29   -30   -10   -38     0    10    22 
  -26    -6    11    15     6    -7   -10 
  -24     2     5   -17   -10   -25    14 
   37    -3    38    20   -12    18   -27 
   -6   -15    12     0    12   -12    33 
    4     8   -22   -12    38    -6   -12 
  -16     2    40    28   -10   -24   -18 
   15     5    32    40   -28     0    -3 
   34   -16   -37   -15    38   -15    24 
   26   -18    29    25    -6    23    14 
  -24    38   -24    28    -4    32   -10 
  -15    39    35    -9   -30   -21    15 
    0    -6    10   -12    30    42   -18 
  -20   -10     0    18   -10    24   -30 
  -10   -36    -9   -15     6   -33   -12 
   -5   -37    38   -16     8   -14    -5 
  -23     4   -11    39     4    13   -20 
   -8   -38   -34    22    16   -18    42 
   33   -24   -18   -20    12    18     0 
  -20   -32    17    25   -38     3    12 
   25    13    28   -16    28   -36    -3 
   14   -30    -4    20    36    -4    14 
    5    43    -6    14     4   -10    11 
   29    46     9    -9   -26   -23    34 
  -18    -2   -46    -6    34    10   -14 
  -11    38   -24   -12    -4    40   -14 
   13    -2     8   -32    28    -8    10 
  -26   -36    12     0   -18    12   -12 
  -12    -3   -22   -42   -42    18   -33 
  -31    23   -26    36    44    34   -17 
  -19   -38    10    -6   -20   -26   -38 
    8   -41    28    16    -2   -20    13 
  -23   -22    -8    -4    32    40    22 
   -5    12    -1    17   -36    23     8 
  -12    -6   -15   -11   -30    35    26 
  -39    -4    22    12   -28    -6    12 
   -2   -42    -3    -7    42   -33     6 
   14   -39   -16   -36    24    40   -47 
   27   -17   -20   -18    40    28    31 
   -4    -2   -11     1   -26   -25   -10 
    7     0    13   -25   -12     5    44 
    0   -24   -35     9   -30    -1    20 
   31   -37    18     0     8    14   -13 
    9   -10    36   -48    -4    36    -6 
  -42   -49    30   -34    20    -6    15 
  -22    33     9    27    -6    27   -21 
  -15    14    15    25    20    15    30 
  -26    18     1    19     6    27   -42 
   33    24    36   -44    36   -36    12 
  -44    45   -31   -27   -36     9    21 
    6   -16   -36    48    14    12    36 
   16    -1    11    -3    26     9    -3 
   -1    34     0    10    40   -24   -30 
  -25     6   -50    30     0    34    34 
  -35    17    40    14    20    -8   -47 
  -20    37    10     2   -20   -30    15 
    4   -20   -37    37    -2   -15    12 
  -42     5    51   -19    26     1   -17 
  -53     9   -39   -51   -24    49   -23 
   27   -15     3    19   -12   -13   -31 
  -38   -19    37    15     2   -49    23 
   32    -2   -50    22    10    50    14 
  -35    -8   -52   -36    28   -28   -40 
  -50   -33    36    18   -54    20   -19 
   10    22   -24    10   -14    32    26 
  -40    23    18    14    38    42    -3 
  -44    48    16    -2     6    48   -12 
  -12   -50    15    19    10    37   -26 
   36   -56    26    -4    16    34    16 
  -12    15    13    53   -12    21    15 
  -43    41   -48    -2    32    24     9 
    2   -16   -20   -48    50    44    20 
  -18    51    24    24    24   -40    -7 
   22    28    25    -7    10    11    -4 
  -39     4   -52   -32    28    44   -16 
    7     9   -17    39   -12    23    41 
   46   -46   -20    36   -10   -52   -34 
   12    49   -26     4   -56    34     1 
  -34     0   -38     2    12   -14    40 
   48    45    29    55    54   -49    23 
   14   -24   -30   -20     0     2   -16 
   34   -37   -42    20     8   -26   -23 
  -40    -2   -40     0    10    16    -2 
  -18     9   -32   -26   -12     0   -45 
  -15    38    -2    52     8   -54    18 
   -3     6    21     9   -54   -59    -2 
   42    -6    27    23   -18   -29   -38 
  -29    53    47    11     2   -17    37 
   50    -8    40    32   -50   -48    48 
    4    48   -14   -22   -24    18   -36 
  -26   -50   -27   -45    -2    -9   -30 
  -10   -52    14     2   -16    18   -36 
  -32   -52   -26   -10   -16   -10   -52 
   26    -6   -53   -45    42   -55   -46 
  -31   -40   -21     5    14    -5    16 
    6    -4    -6    54   -46    10   -20 
    3    36    -6    24    24    30   -36 
   -9    45   -27    57    48    21    45 
    0    40   -24    24    16   -24     0 
  -24     9    60   -24   -60   -12    57 
   -3    -6    14    48   -36   -14   -14 
   10   -62    16   -20   -44    16   -38 
  -16    19   -12   -54    28   -36     3 
  -50     8   -36   -24    44    12   -12 
  -62   -40   -57     3    38   -27    24 
  -42    45   -51   -45    54   -33    39 
   32    14   -48    -2    32    16   -38 
   -4   -20   -42     6   -32   -62    -8 
   36   -11    19   -19    34   -15    -9 
   -9   -34    14     2   -16   -30    54 
  -34    39    -9   -51   -54    13   -11 
   19    33   -45    -1   -60    19   -23 
  -38    48    56   -46   -54    24   -48 
   54    38   -62    20   -22    42    42 
  -13   -20    28   -30   -32    -4   -40 
  -14   -38    14   -18     4    50    14 
  -20    10    -6    54     4    18    54 
    9    13    50     6   -20    30   -27 
   29    25   -38   -54    -8    38    17 
   20    12    -7    -3   -12    65    44 
  -34   -60   -36    36   -66    12     0 
  -44    10   -66   -66     4    30     6 
  -55   -55   -56     4    44    24    33 
   58   -68     2    30   -38   -66   -12 
  -58   -30    14   -46    54   -14   -26 
