2 0
100
   -1    -1 
    0     0 
    4     2 
    1     1 
    3 0     3 0 
   32    12 
 -201 138  -201 138 
   -1 -1    -1 -1 
  308 -22   308 -22 
   -1 2    -1 2 
    7     2 

   -1    -1 
   -1    -1 
    1     1 
    1     1 

    0     0 
   -1     1 
    4     4 
   -2     0 
    1     1 
   -1    -1 
   -1    -1 
    4     2 
   -6     2 
   -6   -10 
   -2     0 
   -2     2 
   10   -12 
   12     2 
    4   -10 
   -6     4 
    6    -2 
    4     4 
   12    12 
   -8    16 
    4    -6 
    0     4 
  -16   -12 
   -8    -8 
   -8   -16 
  -18    10 
   -6     2 
   -6    10 
  -14   -14 
   12   -12 
    8    16 
   10    18 
  -18   -12 
   -2     6 
   -2   -12 
    8    -8 
    8   -10 
  -16   -22 
   12     4 
  -22    10 
  -20   -12 
    0     6 
   -8    -8 
  -20    26 
  -22     6 
  -14     2 
  -10     6 
    6    26 
  -24   -20 
    4    20 
  -30    -8 
    6    -6 
   24   -16 
   20   -12 
    8   -24 
    0    -8 
  -26   -12 
   10   -18 
  -22     0 
   10   -26 
   -2    16 
  -18    -6 
  -18    -6 
   20    28 
   -8   -10 
   18    26 
   14   -10 
  -12    -4 
   28    -2 
   32   -36 
   24   -36 
  -22   -26 
   10     6 
  -10    18 
  -20    12 
   20    20 
   30   -18 
  -10    26 
    2    22 
    2     6 
  -26     6 
   10   -16 
   -8   -18 
  -24   -30 
   12    12 
  -12    36 
  -10   -24 
    6   -32 
  -14   -22 
   10    12 
    8     0 
  -32     8 
   32   -40 
   28   -22 
   20   -18 
  -20   -36 
  -20   -16 
   -4    32 
   38    -8 
   10    10 
