2 3
100
   -1    -1 
    0     0 
   10     8 
    1     1 
   -9 8     7 4 
   36    12 
   91 30   -77 58 
    1 0     1 0 
 -212 212     0 212 
   -1 2     3 -2 
    3     1 

   -1    -1 
   -1    -1 
   -1     1 
   -1     1 

    0     0 
    0     0 
   -2     0 
   -5    -2 
    2    -4 
    2    -4 
   -3    -2 
   -3    -2 
   -6    -6 
    9     2 
    9     2 
   -3    10 
   -3    10 
    4    -4 
    4    -4 
    1    -1 
    1    -1 
    4    -2 
    4    -2 
   -9     6 
   -9     6 
    5    10 
    5    10 
  -12     0 
  -12     0 
   -8    10 
   -8    10 
   11     6 
   11     6 
   -1    22 
   -1    22 
   -2     2 
   -2     2 
   11   -18 
   11   -18 
  -13    10 
  -13    10 
   -8    -4 
   -8    -4 
   23   -22 
   17    18 
   17    18 
   -3    10 
   -3    10 
   -2    -6 
   -2    -6 
    6    10 
    6    10 
   22   -20 
   22   -20 
   12    26 
   12    26 
  -24   -18 
  -24   -18 
   -4    -2 
   -4    -2 
    4     2 
    4     2 
  -23   -10 
  -23   -10 
  -25   -30 
  -13    22 
  -13    22 
    8   -24 
    8   -24 
    4    26 
    4    26 
   34    12 
   34    12 
   15    10 
   15    10 
  -13   -34 
  -36   -22 
  -36   -22 
   29   -34 
   29   -34 
   -4   -22 
   -4   -22 
  -24    -6 
  -24    -6 
   14   -30 
   14   -30 
  -22     0 
  -22     0 
   25    26 
   25    26 
   25   -30 
   25   -30 
  -14   -38 
  -14   -38 
   31    -6 
   31    -6 
   20    12 
   20    12 
  -23   -18 
  -23   -18 
  -29   -10 
  -29   -10 
   22    18 
   22    18 
