2 11
100
    1     1 
    0  -144 
    4     4 
    1     1 
    3 0     1 0 
    8  -144 
  -68 83  -132 -27 
    1 0     1 0 
 -265 -53    53 -159 
   -1 2     0 1 
    1  -144 

   -1    -1 
    1     1 
    1     1 

   -1    -1 
    0     0 
    0     0 
   -4     5 
   -2     4 
    2    -4 
    0     3 
    0    -3 
   -8    10 
   -6     9 
   -6     9 
   -8    -5 
   -8    -5 
  -10   -10 
   10    10 
   -1    -1 
   -1    -1 
    4     4 
   -4    -4 
    4    -5 
   -4     5 
   12    -3 
  -12     3 
   -2    -2 
    2     2 
   10     4 
   10     4 
   -6    -9 
   -6    -9 
  -16    17 
   16   -17 
  -18   -12 
  -18   -12 
  -10    11 
  -10    11 
   12     9 
  -12    -9 
   20     2 
  -20    -2 
   -6    15 
  -12    15 
   12   -15 
   -4   -25 
    4    25 
   14    -4 
   14    -4 
  -24    18 
  -24    18 
  -22   -10 
   22    10 
   -6     0 
   -6     0 
  -20    16 
   20   -16 
  -24    12 
   24   -12 
  -30    12 
  -30    12 
  -24    15 
  -24    15 
   26    23 
  -12    21 
  -12    21 
   28    -8 
  -28     8 
    6   -30 
    6   -30 
   20    26 
  -20   -26 
    0     3 
    0    -3 
   12   -27 
   26   -22 
   26   -22 
  -20     1 
   20    -1 
   -2    16 
   -2    16 
   18    12 
   18    12 
  -38   -26 
  -38   -26 
   18    12 
  -18   -12 
   28    13 
  -28   -13 
    8    35 
    8    35 
   26    38 
   26    38 
   -8    37 
    8   -37 
   -6    24 
    6   -24 
   12   -33 
  -12    33 
  -36    -3 
   36     3 
   16    10 
   16    10 
