1 0
100
   -1 
    0 
    2 
    1 
    1 4 
  344 
   80 -121 
    1 0 
  403 39 
   -1 2 
  -86 

   -1 
   -1 
    1 

    1 
    0 
    3 
   -1 
    2 
   -2 
    0 
   -3 
   -6 
    4 
    6 
    4 
    2 
   -1 
    4 
   -6 
    0 
  -13 
    1 
  -13 
   -2 
   -8 
    3 
   16 
   -3 
    5 
    4 
   18 
   -2 
    4 
    2 
  -12 
  -15 
   -6 
  -23 
   -2 
    8 
    4 
  -14 
   -1 
    2 
   20 
    3 
   -3 
    5 
   -6 
  -13 
   -6 
   -8 
   -4 
  -18 
   -9 
    5 
    1 
   11 
   28 
   28 
  -20 
  -24 
   22 
    2 
   24 
   32 
   -5 
    7 
   27 
   -8 
  -26 
  -26 
   15 
  -36 
   22 
   14 
   -2 
   19 
  -11 
   19 
  -30 
    1 
   30 
   -2 
  -11 
   12 
  -24 
  -20 
    0 
  -23 
  -25 
  -36 
   38 
  -22 
  -40 
   24 
   -2 
  -28 
   34 
    3 
  -15 
  -30 
   -8 
