1 10
200
    1 
    2 
    2 
    1 
    1 0 
    2 
    0 107 
   -1 0 
 -213 0 
    1 -1 
    2 

   -1 
    1 
    1 

    1 
    1 
    2 
    1 
    0 
    0 
    0 
    0 
   -6 
   -2 
   -2 
   -6 
   -6 
   -4 
   -4 
   -4 
   -4 
    2 
    2 
   -1 
   -1 
    4 
    4 
   12 
   12 
   10 
   10 
    8 
    8 
   -6 
   -6 
    0 
    0 
    0 
    0 
    8 
    8 
    6 
    6 
  -22 
   12 
   12 
  -24 
  -24 
   18 
   18 
  -12 
  -12 
   22 
   22 
   -6 
   -6 
   12 
   12 
    0 
    0 
  -10 
  -10 
   16 
   16 
  -34 
   16 
   16 
   -2 
   -2 
   30 
   30 
   24 
   24 
  -32 
  -32 
  -38 
   26 
   26 
   16 
   16 
   16 
   16 
  -24 
  -24 
    6 
    6 
  -32 
  -32 
   20 
   20 
    8 
    8 
  -18 
  -18 
    4 
    4 
   30 
   30 
   16 
   16 
   -8 
   -8 
   -2 
   -2 
   28 
   28 
   -2 
   -2 
   22 
   22 
   32 
   32 
  -20 
  -20 
   38 
   38 
    2 
    2 
  -34 
  -34 
   26 
   26 
   20 
   20 
  -20 
  -20 
   26 
   26 
   20 
   20 
  -36 
  -36 
  -26 
  -26 
  -12 
  -12 
  -44 
  -44 
  -26 
  -26 
   38 
   38 
  -24 
  -24 
   38 
   38 
   26 
   26 
   24 
   24 
  -36 
  -36 
  -26 
  -26 
  -34 
  -34 
  -10 
  -10 
  -28 
  -28 
   42 
   42 
   -4 
   -4 
   -6 
   -6 
   38 
    6 
    6 
   38 
   38 
    6 
    6 
  -50 
  -50 
   36 
   36 
  -24 
  -24 
    6 
    6 
   36 
   36 
   40 
   40 
  -42 
  -42 
  -26 
  -26 
   56 
   56 
  -50 
  -50 
    6 
    6 
   60 
   60 
   -2 
   -2 
    8 
    8 
   -6 
   -6 
   -2 
