9 2
100
    1     1     1    -1    -1    -1    -1    -1    -1 
   28     0    64     0     0     0     0     0     0 
   14    12     8    14    14    12    12    12    12 
    1     1     1     1     1     1     1     1     1 
    1 0     3 0     1 0     5 0    -5 4     5 0     5 0     5 0     5 0 
   28    96    64    16    16     4     4     4     8 
   47 84    47 84    47 84    47 84    47 84    79 -94    47 84    79 -94    79 -94 
    0 1     0 1     0 1     0 1     0 1     1 0     0 1     1 0     1 0 
  322 -70   322 -70   322 -70   322 -70   322 -70  -140 -252   322 -70  -140 -252  -140 -252 
    3 0     3 0     3 0     3 0     3 0     3 -2     3 0     3 -2     3 -2 
    6    12    12    -2    -2     2    -4     8    -2 

    1     1     1    -1    -1    -1    -1    -1    -1 
   -1    -1    -1     1     1     1    -1    -1    -1 
   -1    -1    -1    -1    -1     1    -1     1    -1 
   -1    -1    -1     1     1    -1    -1     1    -1 

   -1    -1    -1     1     1     1     1     1     1 
    0     0     0     0     0     0     0     0     0 
    0     0     0     0     0     0     0     0     0 
   -4    -2     2    -4    -4    -2    -2    -2    -2 
   -2    -6    -2     0     0    -4     0     4     6 
    4    -6    -2     4     4     3    -3    -5     0 
    6    -6     6    -8     6    -1    -3    -3     6 
   -2     0     4     0     0     1    -3     3    -6 
   -2    -2    -2     2     2     1     1    -7    -2 
    1     1     1    -1    -1     1     1    -1     1 
    0     6    -6     8    -6     1     3    -5    -6 
   -2     4    -8     2   -12    -8     4     8    -2 
    2    -2   -10     6     6    -2    -2    10    -2 
    4     4     4     2     2     6    -2     6    -2 
   -8    -4     4   -12     2     4    -4    12     8 
   10     6    -2    -6    -6     0    12   -12    -6 
  -14    -6    10    -6    -6     6     6     2     6 
  -12    -4   -12     2   -12    -6     2    -2   -10 
  -10     4     8    -8    -8     4    -8    -8   -14 
  -16     0     8     0     0    -8   -12     0   -12 
    0    -6     6   -12     2   -14     6   -10   -12 
   16   -10   -14    12    -2    -8     8    -4   -16 
   16    -8    -8     6    -8   -11     1   -17    10 
    8   -12    -4   -12   -12    -3    -3    13   -12 
  -20   -12     4    16   -12    11     3    11     0 
  -14   -14    10   -18    10    11   -17    -7    -2 
   20   -14    14   -20    -6     9    -5    -5    10 
   18    12     0    -6    -6     1    15     1   -18 
   12   -18    -6    -4    -4   -10     6    10   -18 
    2    10    14   -12     2    13   -17     7    -2 
  -12   -16     0   -16    12    -8    20   -20     8 
   -6   -18     6    18     4     1    15    -7     6 
   -6    12   -12    -6    22   -12   -12    12     6 
    4   -18    10     0   -14    -7    -3    11   -18 
   -6   -24     0    -2    12     6    18    -6    -6 
   -2     8   -20    20    -8     9   -19    -5   -10 
    6    22    18     8    22     8    16    -8    -2 
    2   -10     2    12   -16    10    14    -6    14 
   12   -14   -18   -12    16     4     4    -4   -20 
    2    10   -22   -10   -10     7     7    -1    10 
    0    12    12    18     4     6   -18    18    -6 
   -6   -24   -12   -16   -16   -24     0   -12     6 
   16   -18    10     4   -10    -8   -24   -16     0 
  -12   -24     0    18   -24    -3     9    -1    18 
   14    -4     8     6     6   -14    14    10    14 
   -4   -10     2    -4    24   -20     8   -16    14 
   -8    -6    -2   -12     2    10    -6   -10     6 
    6    12    12   -14     0   -23     3   -21    -6 
   12     4    12    -4    -4    23   -17    23   -20 
   24    -4    12    -6   -20     4     8   -16     2 
   -6   -18    30   -18    24    -6   -18   -14    -6 
    6   -18     6    26   -16    17    15    -7    -6 
   20     0     8   -16    12    18    -6     6   -24 
   16     0    16     8   -20   -14    18    22   -12 
   -4     0     8    26    12   -23   -27    -5   -30 
  -16    -6   -10     8    -6   -20   -24   -12   -24 
  -22    -4   -28   -10     4   -15    11     3     2 
   -8     2   -26     4   -10    27   -25   -31    14 
   -6    12   -12    -6    -6    -2    18    18     6 
  -22   -24    32    26    -2     4   -12     0     6 
   26     4    -4    10    10   -20   -20    -8    22 
   -2    18    10    18   -10    24     0     8    18 
  -12     6    18   -24    18     3    -9     9   -18 
  -12    20    12   -28   -14   -13   -19   -13     8 
    8   -32     8   -22     6   -32    -8   -28    10 
  -12    10    30    -8    34   -16   -32     8   -14 
   26   -14     2   -26   -26    13    13   -19    -2 
   -4    12    20   -20    -6   -21   -27   -21    24 
  -36   -30    30   -16   -16   -33    33    15     0 
   14   -30    14    20   -22    -3   -33    31    -6 
    0    24     0   -16    12    14   -18   -10    36 
   -8     2   -26    24   -32     6     2    34   -10 
   34    -4     4   -10    32    -5   -31     1     2 
   24    26    30    20    34   -25   -13   -19    14 
   16   -20   -20    30   -26   -32    16    -4    22 
   16   -28   -20   -20   -34    11     5     3   -16 
   22   -12    -8    26    12    30    30   -14    -6 
   -6    30     6   -18   -18    31   -21     5    30 
   24   -30   -18    -4   -18   -20   -24     8    18 
   12    30   -30    16     2   -12   -12   -32   -30 
  -22     8   -16     6    -8   -17   -19    29   -22 
   18   -10    30     2   -26    -2    26    14   -10 
    8   -36    20     0     0    24   -36     0   -24 
  -12   -24   -24    16    16    12   -24    24    36 
  -12    12   -12   -24   -24   -19    -3   -19    12 
  -22    24    20    20   -36   -10   -30    18    -6 
  -14   -30   -14   -30    26     0   -12    36    -6 
   34   -18    -2   -34    -6   -31   -15    25     6 
    2     8   -28     2     2    30     2    -2   -10 
   10     8     4    -6    -6   -17   -31     7    26 
   -8   -10    34    -4    10    36    32    20     8 
   -8    16    16    24    24   -24     4   -36   -32 
  -16    16    32     0    28   -42    -2    34    -8 
    0   -16    24   -40    16    32    20     4    20 
    0   -12    36    -2    12    20   -12    12    30 
   28    36   -20   -20   -20     9    33   -15    24 
  -12     4    36   -20   -20    19    -5   -13    -8 
  -20    44    28    24   -32    29   -43   -11    32 
   20   -10     2     8    -6    22    38    18   -34 
  -34   -10   -10   -38    18    12   -16    24     2 
