1 0
100
   -1 
    0 
   12 
    1 
    1 4 
   12 
  127 46 
    1 0 
 -312 300 
   -1 2 
   -1 

   -1 
   -1 
   -1 
    1 
   -1 

    0 
    0 
   -4 
    1 
    2 
   -1 
    1 
    0 
   -1 
   -3 
    1 
    3 
    4 
   -8 
    3 
    7 
    9 
   -3 
  -16 
   -6 
   13 
    0 
   -4 
   -6 
   -4 
  -15 
  -20 
   10 
   14 
   -1 
  -16 
    0 
    9 
   19 
    6 
    5 
   -8 
   16 
  -22 
   -4 
   -5 
  -20 
  -13 
   25 
   10 
  -16 
  -24 
    3 
  -14 
  -12 
   -2 
    4 
   -2 
   24 
    6 
   -5 
  -17 
   20 
   14 
   -6 
   13 
    6 
   30 
   -8 
    8 
   36 
   -8 
  -11 
   17 
    9 
   -6 
   -2 
   -6 
   19 
  -11 
  -29 
   10 
  -12 
   35 
   31 
  -12 
   18 
    3 
   -9 
  -15 
   -9 
   -9 
   14 
  -18 
   -4 
    2 
   11 
   13 
  -14 
   33 
    2 
  -17 
   10 
   -6 
    0 
