2 5
100
   -1     1 
    0  -252 
   11     7 
    1     3 
    3 0     1 0 
   20  -252 
  -27 168    49 -60 
   -1 -1     1 0 
  266 -190   190 38 
   -1 2    -1 2 
    3   -36 

    1    -1 
    1     1 
    1     1 

   -1     1 
    0     0 
   -3     1 
    5     5 
   -2     6 
    2    -6 
   -1     3 
   -1     3 
   -6    10 
    5    -9 
   -5     9 
   -2     2 
    2    -2 
    4     8 
   -4    -8 
   -1    -3 
    1     3 
    3     5 
   -3    -5 
   -2     6 
   -2     6 
   10    10 
   10    10 
    7     9 
   -7    -9 
   15   -11 
  -15    11 
  -14    -6 
  -14    -6 
   18     2 
   18     2 
  -17    -9 
  -17    -9 
    0     0 
    0     0 
    2   -10 
    2   -10 
   16   -20 
  -16    20 
   25     1 
    0     0 
    0     0 
   -7    -3 
   -7    -3 
    6   -14 
    6   -14 
    8     0 
   -8     0 
  -27    -5 
   27     5 
   -6    -6 
   -6    -6 
   15   -21 
   15   -21 
  -24   -24 
  -24   -24 
  -28    -8 
   28     8 
   -8     0 
   -8     0 
  -25   -25 
   27     9 
  -27    -9 
  -17     1 
   17    -1 
   32     4 
   32     4 
    2   -18 
   -2    18 
  -15    21 
  -15    21 
   -1    -1 
  -29   -23 
   29    23 
   15    -7 
  -15     7 
  -30    18 
   30   -18 
    8     0 
    8     0 
   13   -17 
  -13    17 
  -18     6 
  -18     6 
  -26   -18 
   26    18 
   10   -18 
   10   -18 
    7   -17 
    7   -17 
   -4     4 
   -4     4 
   -2     2 
   -2     2 
  -28   -36 
   28    36 
  -40     4 
   40    -4 
    2     2 
   -2    -2 
