1 14
100
    1 
    0 
    3 
    1 
   -9 8 
   32 
  -92 -31 
    1 0 
  215 -215 
   -1 2 
    3 

   -1 
    1 
    1 

    0 
    0 
   -2 
   -6 
   -1 
   -1 
   -1 
   -1 
    1 
    4 
    4 
   -8 
   -8 
   -1 
   -1 
   -5 
   -5 
   -3 
   -3 
    6 
    6 
    0 
    0 
    0 
    0 
  -13 
  -13 
    8 
    8 
   17 
   17 
  -14 
  -14 
   16 
   16 
   -6 
   -6 
    4 
    4 
  -25 
   14 
   14 
  -12 
  -12 
  -17 
  -17 
    2 
    2 
   10 
   10 
  -26 
  -26 
   24 
   24 
  -18 
  -18 
    2 
    2 
   -9 
   -9 
  -25 
  -19 
  -19 
    0 
    0 
  -27 
  -27 
  -34 
  -34 
  -33 
  -33 
  -34 
   12 
   12 
  -29 
  -29 
    6 
    6 
   21 
   21 
   30 
   30 
    3 
    3 
    4 
    4 
  -24 
  -24 
    0 
    0 
  -26 
  -26 
  -12 
  -12 
   12 
   12 
  -14 
  -14 
   37 
   37 
