1 0
200
    1 
-2600 
   10 
    1 
    1 0 
-2600 
   39 -10 
    1 0 
    0 68 
   -1 2 
 -390 
    0 
    0 

    1 
   -1 
    1 

    0 
    1 
   -2 
    2 
    6 
    0 
   -4 
   -4 
    6 
    4 
    6 
   -6 
   12 
   -4 
   -4 
   10 
   -6 
  -12 
    0 
    2 
    6 
   14 
  -14 
    2 
   -8 
    0 
    2 
   12 
   16 
  -16 
   -8 
  -14 
   22 
   18 
   22 
  -24 
    0 
  -14 
   -8 
    2 
   -4 
   24 
   16 
   20 
    0 
  -24 
    2 
  -12 
   18 
   12 
   14 
  -18 
    8 
    0 
   24 
    0 
  -28 
  -26 
    6 
  -14 
   -1 
   -4 
   -6 
   -8 
  -28 
   -4 
    8 
  -18 
   12 
  -24 
   24 
   18 
   26 
  -22 
   36 
   -6 
  -22 
  -18 
  -28 
  -12 
   18 
   10 
    8 
    0 
   12 
    0 
  -26 
  -22 
   10 
  -30 
  -16 
    8 
    4 
   28 
   28 
   12 
  -10 
   32 
   38 
   32 
  -12 
  -10 
   -6 
   22 
   38 
  -18 
  -30 
  -24 
    4 
   12 
  -42 
    6 
  -24 
  -12 
  -28 
  -40 
  -24 
   16 
  -36 
   30 
  -32 
  -12 
  -10 
   -6 
  -34 
  -32 
   18 
  -30 
   48 
  -30 
  -44 
   -4 
   -8 
   36 
  -32 
   24 
   22 
  -34 
   32 
   40 
  -26 
   32 
    2 
   -2 
  -34 
   48 
    8 
    8 
   10 
   -8 
  -44 
  -20 
  -28 
   58 
  -24 
   -4 
  -24 
   36 
   -8 
   42 
    6 
    6 
  -14 
  -56 
    8 
  -18 
  -18 
    2 
   22 
   24 
  -48 
  -60 
    0 
   18 
   50 
   10 
   10 
  -52 
  -14 
  -18 
  -24 
   32 
  -40 
  -28 
  -22 
  -40 
    0 
  -52 
   26 
  -10 
  -22 
  -26 
   12 
   52 
    8 
   -8 
   30 
  -32 
   12 
  -10 
