2 0
100
    1    -1 
   24     0 
   12    12 
    1     1 
    1 0     3 0 
   24     4 
 -117 54   -33 -60 
    1 0     1 0 
 -100 -180  -100 -180 
   -1 2     3 0 
    3    -1 

   -1    -1 
   -1    -1 
   -1     1 
    1     1 

    0     0 
    0     0 
   -4    -4 
    2     2 
   -2     4 
    4    -4 
   -4     4 
    4     0 
    1    -1 
   -1    -1 
   -6    -6 
    2    10 
  -10    -4 
    4     4 
   10     2 
   -6   -10 
   10    -6 
  -12     8 
    8    -8 
    0    12 
    8     0 
  -16    -4 
   14     8 
   -6    14 
    6    -6 
   -6    -2 
   -6     6 
   -6    -6 
  -10   -12 
    8     0 
    2    10 
   10   -14 
    6    -8 
   -6     6 
   -6   -18 
   22    -8 
    2   -16 
   12    12 
   22   -18 
   22    10 
   -6     4 
   -2     4 
  -20     4 
   10   -16 
  -14    -2 
    2    24 
   22    12 
  -18    -8 
   -8    12 
   14     4 
   -6    14 
   10   -26 
   16    12 
  -20     0 
    4    12 
  -26    30 
  -22   -28 
    6    12 
   18     6 
   -6     6 
   -6   -26 
   10    10 
  -18    20 
    4   -20 
   -6   -20 
   18   -16 
   34   -22 
  -18    -2 
   30    -2 
   26    16 
  -20   -32 
  -22    10 
   -6     4 
   10    32 
   -6    12 
   24    20 
   -6    10 
   34   -34 
   -6   -14 
   18    10 
   18     2 
  -22   -10 
   12     8 
  -16    32 
   38    -6 
  -20    12 
  -22   -14 
   18   -42 
  -22     2 
   10    18 
  -26     2 
  -26   -34 
   34   -18 
   22     2 
    2   -12 
   12   -32 
   16     8 
   24    16 
  -14    30 
   18    -2 
