1 0
100
    1 
    0 
   12 
    1 
    3 0 
    8 
 -151 -20 
    1 0 
  230 -322 
   -1 2 
    1 

   -1 
   -1 
    1 
    1 
   -1 

    1 
    0 
   -4 
   -4 
   -1 
   -4 
   -1 
    1 
   -2 
  -10 
   -2 
    2 
   -6 
   -2 
   -8 
  -10 
   -6 
    0 
   -4 
   16 
    6 
   -2 
   -6 
    4 
  -16 
   10 
  -14 
  -16 
    0 
    4 
    0 
   -6 
  -14 
   -6 
  -18 
  -16 
  -16 
    4 
  -16 
   16 
   12 
    0 
  -10 
    0 
   16 
   14 
   10 
  -22 
   -8 
  -14 
    6 
  -26 
  -28 
  -16 
  -12 
   16 
   18 
    0 
   30 
   -6 
  -18 
   22 
   18 
   28 
   -2 
   32 
   14 
   -4 
    4 
  -28 
  -32 
   14 
   18 
   12 
  -26 
   20 
   12 
   18 
  -32 
  -12 
   10 
    6 
  -24 
    8 
   16 
  -24 
   10 
    6 
   10 
  -24 
  -30 
  -20 
  -16 
   12 
  -40 
   36 
  -20 
   34 
   10 
  -10 
