1 0
200
    1 
   36 
    9 
    1 
    1 0 
   36 
   63 -56 
    1 0 
  160 70 
   -1 2 
   20 

   -1 
    1 
   -1 
   -1 

    0 
   -1 
   -1 
   -5 
    0 
    3 
    6 
   -6 
    1 
   -6 
    3 
    2 
   -7 
   -1 
    5 
  -12 
    0 
   -4 
    8 
    3 
    3 
    8 
  -10 
    0 
    3 
    2 
  -10 
   -6 
   -3 
    2 
   -7 
    0 
  -15 
   12 
   12 
  -19 
  -10 
  -10 
    8 
  -16 
    0 
    0 
  -18 
   21 
   17 
    2 
  -27 
   18 
   20 
    8 
   -6 
    1 
    6 
   -3 
   12 
    3 
   29 
   -1 
   33 
   18 
    2 
   -9 
   27 
    8 
    8 
    8 
   20 
  -18 
   30 
    0 
  -30 
    2 
   11 
    2 
   17 
    5 
   -6 
  -12 
   -6 
    3 
   17 
   26 
  -33 
    0 
   36 
   24 
   18 
  -24 
    8 
  -10 
  -22 
    5 
  -13 
   14 
   24 
  -15 
  -13 
  -34 
   -4 
   38 
   -1 
   26 
    3 
    6 
   24 
  -42 
    2 
    5 
   12 
    0 
  -25 
  -25 
   27 
  -18 
  -34 
    5 
  -15 
   30 
  -18 
  -18 
  -48 
   -6 
  -10 
   -1 
   -9 
  -18 
  -42 
  -18 
  -25 
   41 
  -16 
  -34 
  -24 
   -6 
  -22 
  -40 
  -34 
    2 
   18 
    9 
   33 
   18 
   23 
  -16 
   27 
   18 
    0 
  -39 
   14 
   11 
  -31 
  -46 
    8 
  -46 
   12 
   18 
  -40 
  -46 
    3 
    6 
   57 
  -48 
  -10 
   -4 
   32 
   12 
    9 
   47 
   32 
  -46 
   14 
   30 
   42 
  -30 
   48 
   -1 
  -46 
  -34 
   50 
    6 
   15 
   17 
    2 
   14 
   -7 
    6 
  -18 
   62 
   41 
   14 
   26 
   33 
  -54 
  -16 
   44 
  -12 
  -33 
   41 
   14 
   53 
