2 2
200
    1     1 
 -128  -470 
    8     5 
    1     1 
    1 0     1 0 
 -128  -470 
   63 -126    63 -126 
    1 0     1 0 
  440 0   440 0 
   -1 2    -1 2 
  -23   -89 

   -1    -1 
   -1    -1 
    1     1 
    1     1 
   -1    -1 

    1     1 
    0     0 
    0     3 
    2    -1 
   -1    -1 
   -1    -1 
    0     6 
    0     6 
    1     1 
    6    -9 
   -2    -5 
   -2   -11 
  -10     5 
    4    -8 
   -4     8 
   -2     1 
    6     9 
   -4     8 
  -12     0 
    0    15 
    0     3 
    8   -10 
   -8    -2 
    4     4 
   20    -4 
   14     2 
   -2   -14 
   18    12 
  -14     4 
    8     8 
    8     8 
   18    12 
    2    20 
   22   -11 
  -10    -7 
   24    -6 
   -8    10 
   -4   -19 
   12     9 
  -14    10 
   20     8 
   -4     8 
   24    12 
    8    20 
    2     5 
    2    17 
    6   -12 
    6    12 
  -20    19 
   12   -21 
   -6    -3 
   18     9 
  -24    -6 
   24    18 
   16   -23 
  -16    -7 
   22    16 
   -2    -8 
   26     2 
   -6   -30 
    2    11 
   -2    -5 
  -18    27 
   20   -16 
    4   -32 
   18    27 
    2    23 
   12   -30 
    4    34 
   24     0 
   24   -24 
   -6   -21 
    6     6 
    6   -18 
  -36    30 
   20    14 
    6     6 
   38   -34 
   18    27 
  -30     3 
  -18    36 
  -10    20 
   16    -8 
   32   -16 
   20   -28 
  -12   -36 
   18    42 
  -30    -6 
   26   -37 
   10    31 
  -24     6 
   16    -2 
  -16    32 
    0     0 
   -4   -13 
   36    27 
   12   -24 
  -20    40 
   -2    31 
  -10    11 
  -36   -12 
   -4    -4 
  -18    42 
  -34    26 
   18    36 
   -6    12 
  -44    25 
   20    17 
  -48    -3 
  -16   -31 
    6    42 
   22   -14 
   42    12 
   26    -4 
  -16    23 
  -16    11 
   42   -45 
   26   -37 
  -18    27 
   14   -37 
   -4   -31 
   20    17 
  -30   -15 
   26   -19 
  -12    39 
    4   -29 
   30    33 
  -50   -11 
    6     6 
    6   -18 
   12     0 
  -20    16 
   32    11 
  -16    35 
  -32   -23 
   -8    13 
    6    18 
  -42    18 
   50    50 
   26    26 
  -26    34 
  -42    18 
   24    24 
   16   -32 
   28    40 
   36   -24 
  -32   -14 
    8   -22 
  -10    38 
   14   -58 
   28   -17 
   28   -29 
  -28    -7 
   12    -3 
   40   -41 
  -48     3 
   32   -52 
    0    12 
  -36    51 
   20    23 
  -30    -9 
   26   -37 
  -46   -25 
  -16    -7 
  -48   -39 
    2   -16 
  -14    40 
  -40     8 
  -40   -16 
  -14   -50 
   10    -2 
  -28    23 
  -44    55 
    0    18 
  -48   -54 
  -14   -59 
   10   -23 
  -20   -44 
  -44   -44 
    6   -12 
   -2   -20 
   -8    22 
    8   -10 
    6    -9 
  -26   -41 
  -24    18 
   56   -46 
  -34   -28 
  -18   -12 
   10    58 
  -22   -22 
  -12    24 
   20   -16 
   28   -26 
   28    46 
   12    12 
   36   -12 
   26   -40 
  -62   -32 
  -10    14 
