3 13
100
   -1    -1    -1 
    0     0     0 
    3     3     1 
    1     1     1 
   -1 4    -1 4    -1 4 
   32    32    48 
 -102 -71  -102 -71  -102 -71 
    1 0     1 0     1 0 
  385 -275   385 -275   385 -275 
   -1 2    -1 2    -1 2 
    3    -5    -3 

   -1     1     1 
   -1     1     1 
    1     1    -1 
    1     1    -1 

    0     0     2 
    0     0     0 
   -3     5     3 
    3    -1     1 
    1    -1    -1 
   -1    -1     1 
   -6    -6    -4 
   -3    -7     3 
   -1    -1     1 
   -8     8     6 
   10    -6     0 
   10    -6   -10 
   -2    -2     2 
    7    11    -9 
   -4   -12    -4 
   13     9    -9 
    4    12    -6 
   -7    -3   -13 
  -11    -3    -7 
  -12   -12     0 
   -3     9    -1 
    7    11    15 
    8     0    -4 
    8     8   -12 
   -2    -2   -20 
    6   -10     6 
   -9    -9   -19 
   15    -1     7 
   -9    15   -21 
    2   -22     4 
  -14     2     2 
    5     9     3 
  -22    -6   -14 
  -11    -3    -1 
  -11     1    -3 
    4    12     0 
   -4     4    10 
   14    14    10 
   -2   -10     6 
    7    -5    21 
  -15     9   -19 
   21     9   -21 
    2    18    12 
    1    13    -1 
   17     1    -5 
  -10    -2   -16 
  -23     5    13 
    7     7     9 
  -12    20    14 
    3    -5     9 
   19    -9    -5 
  -14   -22    -6 
    7    -9    13 
   17   -23   -17 
    4   -12    32 
   11   -21   -23 
    2     2    -2 
  -16     8     8 
   18    10     8 
    9    -7     7 
  -12    20    -2 
   30   -18    22 
  -24    -8   -26 
   -4    12    30 
  -32    16     4 
  -18     6    20 
   33   -23   -21 
   32     0   -14 
   28    20    20 
  -12    -4   -20 
  -18   -18   -24 
  -16    24     2 
   -6   -22    10 
   -6    26   -10 
   11   -29    15 
   -8    16   -20 
   30   -34    10 
  -24     0     2 
  -26     6     0 
    4    -4    12 
   33   -35    15 
  -36   -12    -4 
   24    -8    18 
  -30    10    10 
   -2    22   -16 
  -10   -26    -2 
  -10   -34    22 
    8    -8   -20 
  -35    -3    -5 
  -26     6   -10 
   24   -16    20 
  -21   -29    23 
    8   -32     8 
   31    -5   -35 
   16    24     0 
    5     9    13 
  -12    36   -22 
   18   -14   -20 
  -22   -14   -10 
   38   -34     4 
