4 2
100
   -1     1    -1     1 
    0  -128     0  -360 
    8     8     8     5 
    1     1     1     1 
   -3 4     1 0    -1 4     1 0 
   64  -128    32  -360 
  123 -116   123 -116   123 -116   123 -116 
    1 0     1 0     1 0     1 0 
  340 130   340 130   340 130   340 130 
   -1 2    -1 2    -1 2    -1 2 
   -1   -23    -5   -83 

   -1     1     1    -1 
    1    -1    -1    -1 
   -1    -1    -1    -1 
    1    -1     1     1 

    0     0     0     0 
   -1     1     1     1 
    0     0     0     3 
   -2    -2     0    -5 
    0    -4     2     0 
    0     0     0     0 
    0    -8     2    -6 
    4     8     0     7 
   -1     1    -1    -1 
   -2    -2    -6     4 
    2    -6     6     2 
    2    10    -8     2 
    6     2    10     6 
   -4    12    -8     5 
  -12    -4    -4    12 
   -6    -6     4     9 
    6     2     2    12 
   12     4    -8    -9 
   -4    12    -4   -13 
    8     8     2    -4 
    4    -8   -12     7 
   -4   -16     4    -7 
    4    16    -4    -8 
   12     4     0     0 
    0    12     6   -18 
  -10   -14   -16   -10 
    6    -2   -14    -9 
  -18   -14   -18    15 
   -2   -14     2     7 
    0    16   -18    -6 
    8   -16    -2     2 
    2    14    -8     5 
   -6    -2   -12    -6 
    6     6    -6    -3 
   22    -6   -16   -11 
   -8    -8    16    -8 
    0     8   -24     0 
    4     4     4    -2 
   -8     4   -22    10 
    6    14     8    15 
  -12    -4   -24    15 
    4   -12     4    19 
  -24    16   -18    -6 
  -12   -16    16    27 
   -2     2    26   -11 
   18    14    -6    -6 
    2    -6    -4    -7 
  -22    22    26    -1 
   16    20   -14    16 
   12    -4    20     9 
   18   -18     4    -9 
   -6    10   -22    -6 
  -16   -24   -16    17 
    8    24    12    -1 
    8     0    -4    -4 
  -16     0    24    29 
  -10    18     6   -10 
    2   -10   -26     8 
    6   -26    14   -18 
   26    26     6    29 
   -2    -2    22    -8 
  -22   -18    -2    14 
   -6    -2    18    24 
   -8    12    18   -20 
   12   -20    20    24 
    2   -18    18    14 
   14   -14    22   -19 
  -12    12   -12    12 
  -20    12    20    28 
    0   -24    24   -24 
   -8    24   -16    22 
  -10    26   -22    -4 
   34   -10   -22   -14 
  -22   -38    -4    26 
    4   -12    16   -35 
    4    -4    20    -8 
  -18   -26    10     6 
   38     6     2   -28 
  -10    34    -6   -10 
  -18    18   -10    12 
   30    26     8    -3 
  -22    34   -10    -4 
  -24    16   -24   -36 
    8    32   -40   -10 
  -24    28    -6    -6 
   12    12     4    30 
    6   -34    42    18 
  -18   -18    14    24 
  -10    10    -2   -31 
   34    22   -10    -2 
  -16     0     0   -16 
  -16    24    24    17 
    8    24    18    20 
   -4   -40    -8    29 
   28    -4     4    16 
  -12    28    12    15 
  -32    20    14    40 
  -12     4    20    30 
    2    10     2    14 
  -18    30    30    -6 
