2 0
200
   -1     1 
    0   -12 
    5     1 
    1     1 
    5 0     1 0 
   32   -12 
  -20 87  -164 23 
    1 0     1 0 
 -329 47   -47 -141 
   -1 2     0 1 
   -1   -12 

    1    -1 
   -1     1 
   -1     1 

   -2     2 
   -1     1 
   -2     2 
    4    -2 
    1    -1 
    2     0 
   -6     4 
    6    -6 
   -8     6 
   -1     9 
   -4    -2 
    5   -11 
    8    -6 
   -2    10 
   -5    -3 
    5     9 
    0     4 
    2    -8 
   -1    -7 
  -12    16 
    6    10 
  -12     2 
   10    10 
    3    -3 
    0    18 
  -11    -5 
   10     8 
  -15     7 
   11     9 
    8    -6 
    6     6 
   18    -6 
   -2    -2 
   -3     9 
   22     8 
    0    20 
   -8    16 
  -11    23 
  -10     4 
  -12   -12 
  -24     4 
   12    12 
  -18    20 
  -12     8 
   18   -14 
   11     5 
   -7   -27 
    2     8 
   19    17 
  -14   -10 
   -8     0 
   24     4 
   -3   -15 
   11    23 
  -22    18 
  -14     0 
  -32     4 
   13   -11 
   -2     6 
  -18    14 
  -13    -9 
    1    27 
  -26   -18 
   28    28 
    8   -20 
  -26    12 
   -2   -18 
   12   -20 
   11   -13 
   12     6 
  -32    10 
    4     2 
    2    26 
    6   -10 
   -3   -23 
   28    22 
    8   -10 
    3    -3 
    0    -6 
  -20     8 
  -19   -33 
   -4     0 
   15    -5 
   19   -33 
  -10     8 
  -11   -13 
   36    -6 
   34    20 
   18     2 
   -8   -38 
   24    -4 
  -32     0 
   -8    32 
   -7    17 
   -3   -23 
   -8     0 
   28   -20 
  -14   -38 
  -25    35 
  -20     8 
   -2    26 
   20   -20 
   -2   -14 
  -24    -2 
   21     3 
  -33   -15 
   42   -40 
   21    -7 
  -15    35 
   -8     0 
   16     2 
   39    15 
   -4   -18 
  -12    38 
  -39    -5 
   17    -1 
   18    -6 
   39     9 
  -10     4 
   46     6 
   -6    -4 
    5    33 
  -16   -26 
    4   -32 
  -16   -28 
   -9    23 
    1   -37 
  -18   -20 
  -34   -30 
   25   -15 
  -11    -3 
  -10   -24 
  -28   -10 
    6     0 
  -46    20 
   -2     4 
   28     0 
   18    30 
    6   -22 
  -21   -43 
    4   -22 
   18    10 
   -4    50 
  -26    14 
  -42    46 
  -20    -4 
  -16   -30 
   36    24 
   28    26 
  -11   -17 
   -6   -36 
  -52   -20 
   13   -19 
    4   -18 
  -16   -16 
   13   -19 
   -7    23 
  -11   -13 
   15    55 
  -14    42 
   -8    -4 
  -30    16 
  -13     3 
   41    53 
  -35     1 
  -37   -21 
  -47    13 
  -38    42 
   24   -20 
    9     3 
  -61     9 
  -49   -49 
   12    56 
  -40   -24 
   -7    39 
   28   -28 
    8   -56 
   -9   -49 
   -8   -20 
  -54   -30 
   46    10 
   61    -3 
   57   -15 
   20     0 
   31    -9 
   -6   -22 
   24   -38 
  -48     0 
   62    30 
    5   -43 
  -15     5 
  -36     0 
   18   -50 
   12    54 
  -31    39 
   15     3 
  -40    10 
   31   -63 
   30   -18 
  -44   -62 
