1 0
100
   -1 
    0 
    3 
    1 
   -5 4 
   24 
   31 -22 
    1 0 
  105 -35 
    2 1 
    2 

   -1 
   -1 
    1 

    0 
    0 
    0 
   -1 
    1 
   -1 
   -2 
   -6 
   -1 
    5 
    1 
    6 
   -2 
    2 
   -2 
   -4 
   -4 
   -4 
  -12 
    0 
    8 
    3 
    1 
   -6 
    6 
   15 
   -5 
   14 
  -18 
    0 
   16 
   -4 
   12 
   -6 
  -22 
  -17 
    5 
   -6 
   22 
  -15 
  -20 
    4 
  -27 
   -1 
   12 
  -20 
   16 
   16 
  -11 
  -13 
   24 
   -8 
   -5 
    1 
  -22 
  -18 
  -18 
  -26 
  -15 
  -15 
   13 
    6 
   -2 
   -4 
  -28 
   18 
    2 
   22 
   10 
   32 
  -24 
   -2 
   12 
  -20 
  -28 
  -20 
   15 
    3 
   31 
    7 
  -19 
  -15 
  -17 
   -3 
  -18 
  -30 
  -25 
   -9 
    8 
    8 
   16 
  -16 
  -14 
   22 
   15 
  -15 
   31 
    9 
   27 
  -41 
