1 0
100
    1 
   12 
    1 
    1 
    1 0 
   12 
 -166 55 
    1 0 
 -111 -111 
    0 1 
   12 

   -1 
    1 
    1 
    1 

    2 
    0 
    4 
   -1 
   -1 
    5 
    4 
   -8 
    7 
   10 
   -6 
   -1 
   -1 
    6 
    2 
    1 
    1 
  -13 
   13 
   11 
  -11 
   10 
   10 
   15 
  -11 
    8 
    4 
   -4 
   -8 
   -3 
   15 
   15 
  -21 
   22 
  -10 
   17 
  -13 
  -18 
  -10 
   -5 
  -12 
  -12 
  -12 
  -16 
   -6 
   14 
  -15 
  -15 
   28 
   12 
   -1 
   19 
   16 
   24 
   12 
  -12 
  -26 
  -22 
   18 
   -6 
   18 
   -3 
  -11 
   -8 
   -8 
   23 
  -17 
    0 
    8 
    8 
   16 
    6 
  -17 
   35 
  -11 
   11 
   14 
  -34 
  -18 
   -2 
    2 
  -26 
   -6 
    6 
  -19 
   -9 
    0 
   16 
   16 
  -12 
  -12 
  -16 
   32 
   -4 
  -28 
   12 
    4 
   28 
  -16 
   32 
