2 0
100
    1    -1 
   16     0 
    2     1 
    1     1 
    1 0    -1 4 
   16     4 
 -168 53     2 67 
   -1 0     1 0 
   63 -168   273 63 
    1 -1     3 -2 
   16    -1 

   -1    -1 
   -1    -1 
   -1     1 

    1     2 
    1     0 
    0     0 
    1     1 
    0     3 
    0     3 
    0    -2 
    4    -3 
   -2     8 
    2    -3 
    2    -4 
   -6    -2 
   -6    -2 
    4     9 
    8    -4 
   -2    10 
   14     3 
   -8   -16 
   -4    -4 
   -8   -14 
   12    -5 
    4   -10 
    0    -1 
  -16   -12 
   20     0 
    2   -16 
  -14    -2 
    1    -1 
  -14   -19 
  -12    22 
   -4   -12 
  -10   -18 
   -2    -1 
   22   -16 
  -10    -8 
    0    12 
   12   -10 
    0    22 
   16   -24 
  -10   -23 
   24    20 
  -12     6 
  -12     8 
   24   -10 
  -14    10 
    2   -20 
   14    26 
   22     0 
    8    -2 
    0    22 
  -10    22 
  -10     8 
   24   -18 
    0    -6 
   24    20 
  -12    -3 
  -26    22 
  -10    -3 
  -18   -14 
  -26    20 
   22    14 
  -18   -34 
   30   -18 
   32   -22 
  -24     4 
  -18    13 
   14     2 
   16     3 
  -24   -15 
   12     1 
   16    14 
  -22    -8 
  -10    31 
  -18    34 
  -24   -26 
   20    -8 
   26   -30 
  -38   -24 
   38    27 
    6   -21 
   -2     0 
   30    -8 
  -12    -8 
   16    20 
  -36    24 
   20    42 
   18     6 
    2   -14 
   -6   -10 
   10    22 
   32    -5 
   24    40 
    4    12 
  -40    -5 
   20    -8 
   24   -17 
  -24   -24 
   36   -36 
   14    -9 
   38   -12 
