2 0
100
    1     1 
   36   -36 
   18     6 
    1     1 
    1 0     1 0 
   36   -36 
  -39 -82   -39 -82 
    1 0     1 0 
  288 -324   288 -324 
    1 2     1 2 
    4    -4 

    1    -1 
   -1    -1 
   -1    -1 
    1     1 
   -1     1 

   -1     1 
    0     0 
    1     1 
    0     0 
    1    -1 
   -6     6 
    0     0 
    0     0 
    8     8 
    0     0 
    6    -6 
    2     2 
    2     2 
    8     8 
   -4    -4 
    6    -6 
    6    -6 
    8     8 
    2     2 
    0     0 
   12   -12 
  -16   -16 
    8     8 
    0     0 
   12   -12 
    2     2 
   14    14 
    6    -6 
   -6     6 
    8     8 
    2     2 
  -12    12 
    0     0 
   -6     6 
    0     0 
   20    20 
  -10   -10 
    2     2 
   -4    -4 
  -22   -22 
  -18    18 
   12   -12 
    6    -6 
   18   -18 
   -4    -4 
    2     2 
  -18    18 
  -18    18 
    8     8 
   -4    -4 
  -18    18 
  -12    12 
  -24    24 
   12   -12 
  -18    18 
  -24    24 
   26    26 
    8     8 
   -6     6 
  -24    24 
   14    14 
   24   -24 
  -18    18 
   20    20 
   20    20 
    8     8 
  -22   -22 
  -12    12 
   24   -24 
  -24    24 
    0     0 
    2     2 
   26    26 
  -10   -10 
   -4    -4 
    2     2 
   -6     6 
  -18    18 
  -18    18 
  -18    18 
  -10   -10 
    8     8 
   24   -24 
  -12    12 
   30   -30 
   36   -36 
   30   -30 
   18   -18 
  -40   -40 
    2     2 
    8     8 
  -40   -40 
   38    38 
   38    38 
   30   -30 
  -12    12 
    2     2 
  -40   -40 
  -10   -10 
   14    14 
