1 0
1000
    1 
  -12 
   12 
    2 
    1 0 
  -12 
    7 2 
    1 0 
  -16 16 
   -1 2 
   -2 

    1 
   -1 

    0 
    0 
   -4 
    2 
    0 
    4 
    0 
    8 
    2 
    6 
   -2 
    6 
   -2 
   -4 
    8 
  -10 
   -2 
    4 
    8 
  -12 
    4 
  -12 
   -4 
    8 
   -4 
  -10 
   14 
   -6 
   -6 
  -16 
   16 
   -6 
   -6 
  -10 
   14 
    8 
    0 
   16 
   -4 
  -14 
   12 
  -16 
   12 
  -12 
   26 
   -6 
    6 
   -2 
   -8 
    4 
   -6 
  -22 
  -24 
  -24 
   -4 
   -4 
   -2 
  -10 
   26 
  -22 
  -14 
   22 
   30 
  -32 
  -28 
   26 
   -6 
    8 
   12 
   -8 
    0 
    2 
   30 
   22 
  -12 
  -32 
    6 
   30 
  -22 
   10 
  -34 
  -26 
   32 
  -16 
    4 
   16 
    2 
   18 
   18 
   18 
  -36 
   20 
    8 
  -16 
  -20 
  -40 
   16 
  -20 
   -2 
   22 
   28 
  -16 
   22 
  -18 
    2 
   34 
   24 
   28 
   36 
    4 
  -34 
  -26 
  -30 
    2 
   28 
  -20 
   -6 
  -38 
   38 
  -18 
   24 
  -28 
   34 
  -14 
   24 
  -20 
  -10 
   -2 
  -50 
    6 
   12 
    0 
   24 
  -32 
  -40 
   -8 
   22 
  -18 
   18 
   50 
  -10 
   30 
  -28 
   36 
  -32 
  -12 
   -4 
   36 
   14 
    6 
   -8 
   36 
   52 
  -48 
   56 
   -8 
  -52 
   28 
   52 
  -24 
  -22 
  -22 
   18 
   40 
  -16 
   18 
    2 
  -60 
   28 
   10 
  -54 
   20 
    0 
   12 
   44 
   10 
   -6 
  -60 
   48 
    6 
   -2 
   40 
   24 
  -18 
    6 
  -16 
    0 
   22 
   -2 
   10 
  -22 
  -64 
  -60 
   60 
  -32 
    4 
  -24 
   26 
  -38 
   30 
  -10 
   46 
    6 
  -48 
  -36 
   66 
  -62 
   42 
  -22 
  -16 
   24 
  -52 
    4 
  -44 
   20 
   -2 
    6 
  -18 
   38 
   66 
  -46 
   56 
   -8 
  -66 
   22 
   24 
   72 
   12 
   56 
  -58 
   46 
   20 
  -20 
   10 
   58 
  -50 
  -42 
    8 
   12 
    8 
  -44 
  -10 
   14 
   16 
   20 
  -12 
  -36 
   62 
   38 
   68 
  -12 
   36 
   24 
   30 
  -10 
   16 
  -16 
   48 
   60 
  -14 
    6 
  -18 
  -20 
  -56 
    6 
  -34 
   -4 
  -32 
  -64 
  -32 
   48 
   36 
   62 
  -26 
  -62 
   34 
  -20 
  -20 
  -16 
    0 
  -46 
  -30 
  -10 
   30 
  -10 
  -18 
   18 
  -78 
   14 
  -10 
  -18 
   54 
  -12 
   60 
   64 
  -36 
   20 
   32 
   34 
   18 
  -32 
   68 
   32 
    8 
  -26 
  -82 
  -50 
  -10 
   18 
   34 
  -44 
   24 
  -12 
   36 
  -28 
   28 
   18 
   18 
  -54 
   74 
   52 
  -20 
  -46 
   50 
    4 
    8 
   72 
   24 
   50 
  -18 
  -58 
  -26 
   14 
   38 
   30 
   28 
    8 
  -74 
   94 
   30 
   22 
  -30 
  -30 
  -52 
  -20 
  -66 
   38 
   20 
   24 
  -16 
   52 
  -22 
  -54 
    6 
   78 
  -74 
  -66 
  -14 
    2 
   -8 
   48 
  -82 
    6 
   -8 
  -72 
  -68 
   24 
  -62 
  -94 
  -56 
  -48 
  -30 
    2 
  -60 
   40 
   36 
  -20 
   30 
  -42 
  -26 
   -2 
   48 
   48 
   82 
   18 
  -44 
   20 
  -78 
   50 
  -12 
   28 
  -84 
    8 
   10 
  -22 
  -36 
  -56 
   16 
   -8 
   74 
   74 
   48 
  -12 
   22 
   78 
  -78 
    2 
  -76 
   -4 
   46 
   38 
  -54 
   74 
  -42 
  -18 
   60 
   24 
  -12 
   -8 
   -6 
  -86 
   20 
   44 
   62 
  -58 
  -12 
  -36 
   48 
  -20 
   26 
   42 
  -52 
  -96 
   76 
   88 
    2 
   98 
   -2 
  -10 
  -36 
  -40 
   -6 
   -6 
  -90 
  -34 
  -84 
  -92 
   74 
  -22 
  -76 
   40 
   64 
  -84 
   26 
  -38 
   30 
   54 
  -98 
   70 
   82 
  -46 
  -32 
   52 
  -32 
  -72 
  -60 
   40 
   38 
   94 
   66 
    2 
   64 
  -24 
   90 
   -6 
   64 
  -16 
   12 
  -48 
  -86 
   74 
   56 
   76 
  -66 
   54 
  -34 
  -74 
  108 
   -8 
  110 
   38 
  -46 
   56 
  -80 
   26 
   74 
   -8 
  -60 
   78 
  -90 
  -72 
  -28 
   54 
   62 
   10 
  -22 
   56 
   80 
  -58 
   30 
  -12 
   36 
  -10 
   -2 
  -98 
  -10 
   80 
   84 
  -14 
  -30 
   24 
   64 
   82 
   94 
  -74 
   20 
   32 
   26 
   90 
   28 
  108 
 -108 
   96 
  -28 
  -20 
  -86 
   -6 
  -48 
    8 
 -108 
   48 
  -22 
  -86 
  -40 
   52 
   78 
   22 
  -30 
   34 
   32 
   84 
   16 
  -24 
  114 
  -14 
  -90 
   78 
  -96 
  -36 
   60 
  -72 
   18 
   18 
  -80 
   -4 
   16 
   32 
   48 
   48 
   80 
   20 
   82 
   50 
   88 
  104 
   98 
   34 
   52 
  -24 
  102 
  -18 
  124 
   96 
  -26 
  -34 
   48 
  -32 
  -20 
  108 
  -54 
   42 
  -66 
    6 
   80 
  116 
 -120 
   48 
   78 
  -10 
  -90 
   46 
   84 
  -52 
   84 
   -4 
   10 
  -54 
  102 
  -18 
   80 
  104 
   36 
  -64 
   44 
    0 
   66 
   82 
  -20 
 -120 
  -82 
   54 
  -72 
   52 
   10 
   42 
    2 
  -62 
   36 
   36 
 -110 
    2 
   48 
   44 
  122 
  -38 
  -10 
   62 
 -108 
  -68 
  -74 
   94 
   -4 
 -124 
  -82 
   86 
  -78 
   50 
  -24 
   56 
   46 
  -58 
   66 
  -30 
  112 
    0 
   60 
  -20 
   94 
  102 
   64 
  -72 
  -30 
   98 
 -104 
   64 
  -54 
  -22 
 -130 
    6 
   28 
   68 
   80 
   68 
   86 
   62 
   44 
  -48 
   44 
  -44 
   36 
 -112 
 -134 
   58 
  104 
   40 
   94 
    6 
  -14 
   50 
  -60 
  -52 
   58 
  122 
 -114 
  -42 
  -90 
  -18 
  -94 
   66 
  120 
  104 
   44 
 -100 
  -94 
   24 
   12 
   36 
  -60 
  110 
  -58 
   20 
   80 
   90 
  122 
   96 
  -52 
  -60 
  -36 
   56 
   76 
   44 
  -44 
  -68 
  108 
   60 
   24 
 -118 
  -86 
    6 
   78 
  -50 
  134 
  -80 
   -8 
  -24 
 -144 
  -24 
 -108 
  -74 
  -98 
   58 
 -102 
  -42 
   62 
  -86 
   26 
  -42 
  110 
   -2 
  -10 
   20 
   40 
   56 
   80 
  -12 
  -20 
   12 
   68 
  -98 
   22 
 -148 
  -60 
  138 
   74 
  126 
   70 
  -48 
   84 
   82 
  114 
  100 
   76 
 -128 
 -116 
  108 
   32 
  132 
  -60 
   78 
  -90 
  112 
    4 
   66 
   34 
  116 
  -48 
   14 
  150 
   90 
   -6 
 -114 
   54 
  -72 
   72 
 -114 
   22 
  -80 
  -72 
 -104 
  -36 
  -92 
  -88 
   58 
 -134 
  -58 
   30 
 -108 
   92 
  -34 
   86 
  -72 
 -128 
    8 
   84 
  -86 
  106 
   58 
 -102 
  -80 
  -24 
   58 
   26 
 -112 
   16 
    4 
   96 
  -42 
  -66 
   40 
 -148 
   -6 
   26 
  136 
  148 
  -26 
   62 
 -104 
 -132 
   42 
   -6 
 -140 
    8 
   50 
  146 
 -116 
  128 
 -118 
  138 
   -2 
   54 
  -16 
    4 
  -82 
 -122 
   -4 
  -80 
 -122 
  -82 
  -54 
   42 
  -76 
 -140 
 -126 
 -126 
   14 
 -138 
  -40 
  -72 
  -68 
  -56 
  -12 
   68 
   72 
 -132 
  -82 
  102 
   66 
  114 
 -142 
  -46 
   74 
   90 
  150 
  126 
 -160 
  104 
  136 
  164 
  -94 
   44 
  -48 
   -8 
 -120 
   38 
   30 
  -20 
 -156 
   20 
  -76 
  140 
  -84 
  -74 
  -50 
   58 
  -38 
   -4 
  -60 
 -136 
   20 
  -62 
  -46 
    8 
   48 
  -34 
  102 
  -14 
  -14 
  -48 
  120 
   84 
   -4 
  -46 
   82 
   66 
   34 
  -44 
 -124 
   60 
 -120 
  -64 
   60 
   96 
 -112 
   54 
   46 
   70 
  -50 
  -48 
  124 
   70 
  110 
 -128 
  -24 
  -30 
  -94 
  -62 
 -158 
  -46 
   34 
  -80 
 -164 
   46 
   22 
  -96 
  -96 
    8 
 -100 
  -30 
    2 
   54 
   78 
  152 
  156 
 -118 
 -150 
  -72 
  -88 
  -18 
  -90 
   76 
  112 
  -48 
   -8 
  -98 
 -170 
  -94 
  -62 
 -102 
  -38 
   52 
  -60 
   -4 
  136 
  130 
   66 
  102 
   78 
    2 
   66 
   76 
  -28 
   10 
   42 
   78 
  -90 
 -116 
  -20 
  -44 
  -80 
 -152 
