1 4
100
    1 
  696 
    2 
    1 
    1 0 
  696 
  -25 -26 
    1 0 
   51 -51 
    0 1 
  696 

    1 
    1 
   -1 

    1 
   -1 
    2 
   -1 
   -2 
    2 
   -6 
    2 
    2 
    6 
   10 
   10 
   -2 
    0 
   -8 
    6 
  -10 
   -4 
   -4 
    2 
    2 
   10 
  -14 
   -6 
    6 
    6 
   10 
    6 
    6 
   12 
  -20 
   -2 
   14 
   14 
  -10 
    4 
  -12 
   18 
   14 
   10 
   20 
   12 
   20 
   12 
   22 
   22 
  -14 
  -10 
  -14 
  -10 
   10 
   18 
  -20 
  -28 
   24 
   16 
    6 
  -22 
   26 
   -6 
    1 
    6 
  -14 
   24 
  -16 
   22 
   30 
   30 
   10 
   32 
   24 
   26 
   10 
  -22 
    2 
   -2 
   -6 
   26 
   -2 
   22 
   -6 
   -6 
  -38 
    2 
  -16 
    0 
  -30 
   34 
   22 
  -10 
    0 
  -32 
   22 
  -26 
  -12 
   44 
  -30 
   22 
  -30 
   38 
