5 0
200
   -1    -1    -1     1     1 
    0     0     0    64   -32 
    9    11     8     8     8 
    1     1     1     1     1 
    3 0     3 0     3 0     1 0     1 0 
   60     4   128    64   -32 
   -3 28    59 -44    -3 28    -3 28    -3 28 
    1 0    -2 1     1 0     1 0     1 0 
 -110 22  -110 22  -110 22  -110 22  -110 22 
   -1 2     3 0    -1 2    -1 2    -1 2 
  -10     1    15     9    -5 
    0     0    -2    -2    -1 
    0     0     0     0     0 

    1     1     1     1    -1 
    1    -1    -1    -1     1 
   -1     1     1    -1    -1 
   -1    -1    -1    -1    -1 

   -1    -1    -1    -1     1 
   -1     1     1     1    -1 
   -1    -3     0     0     0 
    1     1    -2     6     2 
    1    -1    -1     1     1 
    0     0     0     0     0 
   -3     1    -8     8     0 
   -6    -2    -8     8     0 
   -4    -8    10     2     6 
    3     1    -2     6    -6 
    3    -7     2    -6     6 
   -4     8     2    -6     2 
   -1    11     2    -6     2 
   -1    -7    -4    -4    12 
    8    -8     4     4   -12 
   12    -8   -14    -6     2 
   -6    10   -14    -6     2 
   -4     8    -4     4    12 
    2     2    -4     4    12 
  -12   -12     0     0    -4 
    9    -3     0     0    -4 
   -4    -8    16     0     0 
    2     2   -16     0     0 
   -3     3   -12    -4   -12 
   12     0    12     4    12 
  -16   -16     2   -14   -10 
  -16    -8    -2    14    10 
   12   -16     2    -6   -10 
   -6     2     2    -6   -10 
    2    18     0    -8    -4 
   14    -6     0     8     4 
  -18   -14    -2   -18    22 
    6    -2    -2   -18    22 
  -24     0     6   -10   -14 
    6    -6    -6    10    14 
   17   -13   -16    -8     4 
    8    16    16     8    -4 
   -1     7     4   -12   -12 
    5   -11     4   -12   -12 
  -19    -3   -18     6   -22 
  -15    17    20   -12    12 
  -12    -4    20   -12    12 
  -18    10    -8    -8    12 
    3   -17    -8    -8    12 
  -13    13   -14   -14    -2 
  -10   -22    14    14     2 
   18   -26    10    18     6 
   15   -19   -10   -18    -6 
  -16   -16    -4   -28     4 
   -4    16     4    28    -4 
    9   -17    22   -26   -10 
  -12     8   -22    26    10 
  -12    20   -16    24    -4 
   -6    22    16   -24     4 
   -3     7    16    16   -16 
  -24   -16   -16   -16    16 
    8     8   -22    10    14 
    8   -20    22   -10   -14 
  -18     2   -10     6   -10 
   24     4    10    -6    10 
    2    10   -26   -26   -34 
  -24   -32    -2    -2    30 
  -21   -17    -2    -2    30 
   26    26   -28    -4    12 
  -28    -4   -28    -4    12 
    2   -22    14   -18    34 
   -1   -23   -14    18   -34 
   18     2   -28     4   -20 
  -24    -8    28    -4    20 
  -15   -13    32    24    20 
  -27     7   -32   -24   -20 
   20   -12    -6    34   -34 
  -22   -10   -10    -2   -30 
   23    13    10     2    30 
  -37   -21    12    28   -28 
   17   -15    12    28   -28 
  -15    13   -26   -10   -10 
  -18   -26   -26   -10   -10 
  -30    -6   -30    10   -18 
   12    36   -30    10   -18 
   38    22   -14    26    34 
   20   -20   -14    26    34 
    3   -15   -24    16   -36 
   -9    -3    24   -16    36 
   39    39    12   -20    12 
  -27   -27    12   -20    12 
   36     8   -10     6    30 
  -30    26   -10     6    30 
    2   -10   -22    10     6 
   38    22    22   -10    -6 
   -4   -28     8    24    -4 
  -22    26     8    24    -4 
  -13    23     8    -8    -8 
   -4    32     8    -8    -8 
    3    37    28    12   -28 
    0    32   -28   -12    28 
   14    18    12   -44   -20 
   26     6    12   -44   -20 
  -10    18    18    10   -34 
   -1    45   -18   -10    34 
    8    32   -28    12   -28 
   17   -17    28   -12    28 
   33     3   -18   -42    34 
  -27   -33    18    42   -34 
   30    42    -6   -22   -10 
   36     0     6    22    10 
   20   -20     4    12     4 
    8    20    -4   -12    -4 
   12    36     0    16   -28 
  -21    -9     0    16   -28 
  -34    26    38    -2    42 
   26    22   -38     2   -42 
  -27   -19    14    38    18 
    3    11    14    38    18 
    8   -36    48    32   -28 
  -28    12    48    32   -28 
  -18    -2   -26    46    18 
    6   -50   -26    46    18 
   36     0   -18    30   -18 
   -9   -45   -18    30   -18 
   36    16    28    -4    12 
  -21     5   -28     4   -12 
   35   -43    14    14     6 
   -4   -20   -14   -14    -6 
  -39     1    28   -20     4 
  -45    19    28   -20     4 
   36   -48    18     2   -34 
   -6    -6   -18    -2    34 
   44    16   -26   -10    14 
  -46    10   -26   -10    14 
  -34   -34    20   -36     4 
  -25   -47   -20    36    -4 
  -54    10    -8    16    36 
    6    38     8   -16   -36 
  -13    23    32    16     0 
    2    26    32    16     0 
  -43    41   -10   -26    30 
   38   -22   -10   -26    30 
   15     9    -6    26    38 
  -12   -48     6   -26   -38 
  -30   -18     6    22    18 
  -24    48    -6   -22   -18 
  -52    56    32     0   -20 
  -28    -4    32     0   -20 
  -36   -24   -12    20    12 
  -48   -48    12   -20   -12 
  -36   -16   -40   -24   -52 
   33   -43   -40   -24   -52 
   38    22    46    14     2 
   26   -22   -46   -14    -2 
  -13    51    36   -28   -52 
   47    -9    36   -28   -52 
  -58    14   -28    12    -4 
   20   -40   -28    12    -4 
   48    24    48   -32    32 
  -24    24    48   -32    32 
    8   -32   -32    16     8 
    5   -25    32   -16    -8 
   30    26    -4    52    12 
   30   -10    -4    52    12 
  -42    14   -22    42    34 
   -9   -23    22   -42   -34 
   26   -10   -10   -10    46 
    5    -1   -16    40     4 
  -16   -32    16   -40    -4 
   21   -51    18    18     2 
   42   -54    18    18     2 
  -34   -38    40   -24    52 
   47   -53    40   -24    52 
    2    22    46   -18   -14 
   -7    23   -46    18    14 
  -30    42   -36   -44   -20 
  -45   -27    36    44    20 
  -18   -22     8    -8   -48 
  -12    40    -8     8    48 
  -64    28   -38    -6   -22 
  -19   -13    38     6    22 
  -37   -43    44   -52    52 
   50    58   -44    52   -52 
   48    60   -30   -54   -38 
    9   -51   -30   -54   -38 
  -10    18   -48    32   -56 
   47    27   -48    32   -56 
   62   -26   -26   -10    54 
  -19    25   -26   -10    54 
  -33    35    32     0   -40 
   36    56    32     0   -40 
   62    10    -2   -58   -62 
    2    62     2    58    62 
  -46   -50    22   -10   -50 
   62    14   -22    10    50 
   51    21   -60   -20   -36 
   -6   -30    60    20    36 
  -40   -12   -36    20   -20 
  -34    -6   -36    20   -20 
   33   -49   -28     4   -28 
   24    16    28    -4    28 
  -13    45   -30    18    -2 
   14     6    30   -18     2 
    8    12    42   -46   -30 
