4 0
200
    1    -1    -1     1 
    8     0     0     8 
    8     6     6     4 
    1     1     1     1 
    1 0    -5 4    -5 4     1 0 
    8     8    16     8 
    7 -30     7 -30     7 -30     7 -30 
    1 0     1 0     1 0     1 0 
  112 -16   112 -16   112 -16   112 -16 
   -1 2    -1 2    -1 2    -1 2 
    1    -3    -1     1 

    1     1    -1     1 
   -1    -1     1     1 
    1    -1    -1    -1 

    0     0     0     0 
    0     0     0     0 
    0     2     2     4 
   -2    -4    -4     2 
   -1     1     1     1 
    0    -2    -2     4 
    8     0     8     0 
    4    -4    -4    -4 
    2     2    -6    10 
   -6    -6     2    -6 
   -2    10    -6     6 
   -2     0    -8     2 
    2    -2     6    -6 
    4    -4     4     4 
    4    -4    -4     4 
   -2    -4   -12    -6 
   10    -2     6   -14 
   16    -2    -2     4 
    4    -4    12    12 
    0    12   -12    -8 
   -8   -14     2    12 
    0   -12    12     8 
   -8   -16    -8    -8 
   -4    -4    12   -12 
    0   -10     6     4 
   -2    14   -18   -18 
    6    -4     4   -14 
  -14     6    -2    18 
   -6    18    -6   -14 
    4    -4   -20    -4 
   12    16   -16   -20 
   18    -6    -6   -14 
   10     6     6     2 
   22    20   -20     2 
    6   -22    -6   -10 
    0   -16    -8     8 
   -8     0     8     8 
   12    16   -16    12 
   20     8   -16    -4 
   14    -8     8    -6 
   -4    24     0   -12 
   20   -16   -16     4 
    0   -12    12    24 
  -16   -18   -18    12 
   14    -4    -4     2 
  -22    18    10     2 
  -10     6    22     6 
   18    -2     6    -6 
   20   -20    12    12 
    0   -14     2   -20 
   -6     6     6   -22 
  -14   -10   -26    10 
   12     0   -16   -20 
   12   -24     8    12 
    0   -22    10   -12 
   24    26    -6    12 
  -18    10    10    -2 
   22    32    24    -6 
   10   -10   -10    10 
  -14    14   -18   -22 
   10   -26   -10     2 
   30    -2   -34   -18 
  -18   -18    30    14 
  -20   -20    12    12 
  -16    26   -22    -4 
   34   -10   -18   -30 
   14     0    16    26 
   12   -28    20   -12 
  -36   -12    12   -20 
   24    16    24     8 
   24   -24    16     8 
   10   -10    14    10 
  -14   -30    10    34 
   22    34   -14   -18 
   36     0    24   -36 
   20   -20   -36   -20 
    6   -30   -30    14 
   -2    -6    10   -18 
  -38   -22     2    18 
   34    -2     6   -14 
   -6   -22   -14    10 
   22    -8   -16    10 
    8   -16   -24    -8 
   24     8   -32     0 
  -20    40   -16     4 
  -12     4    20   -36 
  -38   -22    10   -22 
  -30    30    14   -22 
   -2    24   -40    10 
  -22   -18    22    10 
  -32     6    22    -4 
   -8     8    16    40 
  -16    32   -40    16 
   -4    44    -4   -28 
   12   -32   -40   -28 
   36    20    20   -36 
    4   -20    28    20 
   24    34     2    20 
   30    -2    30   -18 
   26    10     2    42 
  -16   -26    22     4 
  -28     8   -40    20 
   18    -2     6    10 
  -18    18    18   -42 
    6    -4   -36    10 
   -6   -26   -18    42 
   12     0     0    -4 
  -24    10    10   -28 
  -32    12    36   -24 
   40   -14    34    12 
   26   -46    26    10 
  -26    34    18    30 
  -34    12    28   -30 
   22   -16   -32   -14 
   16    -8    16     0 
  -24    -2   -18   -12 
  -42     0   -32    34 
   -2   -44   -12    34 
  -18    14    30   -18 
   46   -30   -14     6 
    4    36   -28    44 
   -4   -40     0    20 
   34   -14   -14    34 
  -14    -2   -18    -6 
    4    48   -16     4 
   12     4    12    -4 
  -18    50     2    -2 
  -18    16   -24   -30 
  -18   -38    10    -2 
   22     6    22   -10 
  -32    42    10    -4 
  -44   -12     4   -20 
  -44   -36    28   -36 
   44    40    24    28 
  -32   -16    -8     8 
   20   -32   -48   -12 
   22    46   -18    38 
  -26    -6   -22    22 
  -10   -36    -4    -6 
  -30     2    26    26 
  -10    20   -52   -30 
  -42     6    22   -10 
    8    20    12    48 
  -32   -54   -38    52 
   28    28    12   -28 
  -28    12   -12    52 
  -16    32    40    32 
    8    54   -10   -12 
  -26    44     4    18 
   22    30    14    22 
  -44    -8    40     4 
    4     0    -8   -20 
   40    -2    30    44 
  -52   -12   -44    28 
   36   -40    -8    52 
    8    16    24    48 
   -8     2     2    12 
  -40    34    34    -4 
  -48    46   -18   -12 
  -12    12    12    52 
  -22    14    14    34 
   26   -22   -22    -6 
   26   -42   -26   -46 
  -32    16    -8    16 
    8    32    24    24 
   34    42   -22    50 
  -46    38     6     2 
   16    12     4   -40 
  -56   -14   -14    44 
  -46    22   -34    34 
  -26    48    16   -46 
  -48    26    42    44 
   36   -24    24    36 
   40    12    20     0 
    0   -52   -28    24 
   58    34    50   -22 
   10   -42   -10    26 
   44   -48     8     4 
  -12   -12   -44   -12 
  -42    12   -12    50 
   -6    34    42    -6 
   12   -20   -20    20 
  -16   -24   -32   -56 
   46    54    38    14 
   38   -30     2    46 
   16   -16    56    48 
   12   -12    36   -12 
   50    22   -18    42 
   30    58    26   -26 
   10    46   -50    26 
   58   -34    14   -62 
  -60   -28    36   -52 
   -8    -6   -22    36 
    8   -30    34   -44 
   12   -20    44   -28 
  -52     4    44    60 
  -12   -60    36   -60 
  -34    32     0   -22 
   10   -38   -30    18 
  -34   -12    44    26 
