6 0
100
    1    -1     1    -1    -1     1 
  -32     0   -56     0     0   -56 
   16    15    14    12    11     7 
    1     2     1     1     2     2 
    1 0     3 0     1 0     3 0     3 0     1 0 
  -32     8   -56    16    24   -56 
   75 0   -37 0    75 0   -37 0    75 0    75 0 
    0 1     1 0     0 1     1 0     0 1     0 1 
  112 -112  -112 0   112 -112  -112 0   112 -112   112 -112 
    3 0     3 0     3 0     3 0     3 0     3 0 
   -6    -2    -6    -4     2   -12 

    1     1     1     1    -1     1 
    1    -1     1    -1    -1     1 
   -1    -1    -1    -1     1    -1 

    0     0     0     0     0     0 
    0     0     0     0     0     0 
    0     0     0     0     0     0 
   -6    -5    -4    -2    -1     3 
    4    -3    -6     0    -1     1 
   -4     3     6     0    -5    -1 
    0    -7     4     8    -3    -3 
    0     7    -4    -8     5     3 
    6     9     2    -6     3     9 
   -6    -2     6    -2    10     6 
   -6    -2     6    -2    -6     6 
    2    -3    -2     6     7     5 
    2    -3    -2     6     3     5 
   -4    -4    10     8     4    -4 
    4     4   -10    -8    -4     4 
    6    -1    -2   -10   -13    -9 
    6    -1    -2   -10    -9    -9 
    4     9    -4    12    -9   -11 
   -4    -9     4   -12     3    11 
   -8     0   -12     0    -8    16 
    8     0    12     0    -8   -16 
  -16    -1     4     8   -15    11 
   16     1    -4    -8     9   -11 
  -12     9     4   -12   -11    -3 
   12    -9    -4    12     1     3 
   10     5    10   -10    11   -11 
   10     5    10   -10    -1   -11 
    2   -18     4     6     6   -10 
    2   -18     4     6     6   -10 
   -8     8    -8     8     8    -8 
    8    -8     8    -8     8     8 
    6   -11     4    -2    -5    -3 
    6   -11     4    -2     3    -3 
    6   -17    -6    -2     3    15 
    6   -17    -6    -2   -17    15 
    0     5    -8   -16     7   -15 
    0    -5     8    16    -1    15 
   12   -13    -2   -16   -23    -9 
  -12    13     2    16   -19     9 
   22   -10    -6    26    -6    22 
    4    13   -20     4   -13     1 
   -4   -13    20    -4    15    -1 
   16    11     4     8     5   -17 
  -16   -11    -4    -8    -3    17 
  -14     3    16   -18    -9    -5 
  -14     3    16   -18    15    -5 
    6    -6    18   -18   -14    18 
    6    -6    18   -18     2    18 
   12    -4    12    20   -20    12 
  -12     4   -12   -20     4   -12 
   22   -11    -8   -26    11    13 
   22   -11    -8   -26     3    13 
   -8   -20     4    16    12     4 
    8    20    -4   -16   -20    -4 
   24    -9    -4     0    -9     3 
  -24     9     4     0    -9    -3 
   22   -17    14    22    -1     7 
   22   -17    14    22    11     7 
    6    -6    32     6    -2    18 
    6    -6    32     6    -2    18 
   -2     9    32    30    -9    25 
   30     3   -22     6     3    27 
   30     3   -22     6   -33    27 
    4   -29    14    -8   -23     7 
   -4    29   -14     8   -11    -7 
   -2    10    14   -14    -2   -14 
   -2    10    14   -14   -34   -14 
  -12   -15   -10    24    11    -3 
   12    15    10   -24    23     3 
    0    21    -8     0     9   -15 
    0   -21     8     0   -15    15 
   26   -37   -20   -34    23   -13 
  -26    11    26   -34    11    19 
  -26    11    26   -34    31    19 
   -4    24    -2     0   -24   -16 
    4   -24     2     0    16    16 
    2    29    30   -10    23   -19 
    2    29    30   -10   -21   -19 
  -18   -27    18   -30    -1    -3 
  -18   -27    18   -30   -25    -3 
  -26    34   -18    22   -38    10 
  -26    34   -18    22    10    10 
   -8     3    36     0    -9   -41 
    8    -3   -36     0    -9    41 
  -36    31   -36     4   -31    27 
   36   -31    36    -4    21   -27 
   34   -26    -2   -14    14    -2 
   34   -26    -2   -14   -18    -2 
  -38   -17   -24    22   -29   -17 
  -38   -17   -24    22   -13   -17 
   16    16    16    16     8    16 
  -16   -16   -16   -16    -8   -16 
  -16     7    36    -8    -5   -13 
   16    -7   -36     8    35    13 
   12    24   -28    36     8     0 
  -12   -24    28   -36   -16     0 
   -4   -35   -28     4    -7    -7 
    4    35    28    -4    13     7 
   14   -41    10    22   -13   -25 
   14   -41    10    22    23   -25 
