2 21
25
    1     1 
    0     0 
    5     4 
    1     1 
    3 0     3 0 
    8     8 
   36 -72    36 -72 
    1 0     1 0 
  251 0   251 0 
   -1 2    -1 2 
    4     4 

   -1    -1 

   -2    -1 
   -1    -2 
   -3    -3 
   -2    -2 
   -6     0 
    0    -6 
   -3     0 
    0    -3 
   -1    -1 
    6     0 
    0     6 
    0   -12 
  -12     0 
    4    -2 
   -2     4 
   -4    10 
   10    -4 
   -7    -4 
   -4    -7 
  -10   -14 
  -14   -10 
   15     0 
    0    15 
   -2   -16 
  -16    -2 
