3 2
200
   -1     1     1 
    0  -480  -288 
   10     8     6 
    1     1     1 
  -11 4     1 0     1 0 
  672  -480  -288 
   93 -16   -27 -6   -27 -6 
   -1 -1     1 0     1 0 
  -70 -50    50 -60    50 -60 
   -1 2    -1 2    -1 2 
   -6   -84   -36 
    0     0     0 
    0     0     0 

    1    -1    -1 
   -1    -1    -1 
   -1     1     1 
    1    -1    -1 

   -1     1     1 
    1     1     1 
   -2     0     2 
    0    -4     4 
    0     4    -4 
   -3     4     1 
    5     6     1 
    0    -4    -8 
    1    -1    -1 
   -3     0     7 
   -6     6     2 
   -2     0    -6 
   -1     6     9 
    6    -6    10 
   -9    -4     1 
    0     0   -12 
    4    -2     0 
  -11     8    -3 
   -1     1     1 
    3    -8     5 
   10    -6     6 
    4    10    12 
    0    14     4 
  -12    -4     0 
    2    -6    -6 
   -5   -16     1 
    9    18     5 
   -3    -6     7 
  -10    -2    -6 
  -10     0    18 
  -16    22    -8 
    6     6   -14 
   -5    12    -9 
  -14   -14   -18 
   11   -12   -15 
  -11    -8    13 
   12    12   -16 
    4    -8    20 
    6     6    -2 
  -23    22    -9 
    2   -12     2 
    0    14   -24 
    4   -14    16 
  -20   -18     4 
   22   -18    -2 
   10    14   -14 
   -3     2    13 
   15    -6    25 
   13   -14     7 
  -12    20    -4 
  -21    -4    -1 
   -4   -14    20 
  -24    12   -24 
   -6     0   -26 
  -31   -16     3 
  -16    16    24 
  -18    26    -6 
   -3     6    13 
   -7   -18   -15 
   28    -6   -12 
   -1   -18    15 
  -25   -18    33 
   -6   -12   -22 
    4   -26    20 
  -12     4   -20 
    5    -2    -9 
  -18    -2     6 
    0    12   -32 
   12    24   -12 
  -10   -36     2 
    7    16    -9 
   11    18    13 
    8    14   -32 
   14   -24   -10 
    2   -20   -22 
  -29   -10   -31 
    9    18   -11 
   36    18    24 
   10   -14   -18 
    0    28    20 
  -10   -20    26 
   26   -10   -34 
  -24   -24   -24 
  -16    -4    16 
   25    16   -31 
  -24   -32    24 
    0    30   -12 
    0    10   -20 
    5   -14     7 
    6    18   -30 
   40   -20   -40 
    4    28    20 
   32     8    36 
  -14   -12    22 
  -33   -24   -21 
   20    14   -12 
  -25   -10   -43 
   -6   -20     6 
   24    30     8 
  -34   -10    -6 
   17    24    17 
   20   -16    40 
   14    -6   -38 
  -39    34     9 
  -36   -44    36 
    0   -24    24 
   16    40   -24 
  -22   -12   -10 
   24    24   -16 
   33    20   -41 
   21    -6    27 
   22    16    -2 
   -8   -38    16 
  -12    10     0 
  -11   -32   -29 
   39    -8    33 
  -19    -2   -21 
  -18   -32   -34 
   32   -18    12 
  -18    16    10 
    6   -40     6 
   -8    20     8 
   20    26   -44 
  -14    16     2 
   15    20     9 
  -14   -42   -14 
   36    30    16 
   22   -30    -6 
  -42   -20   -30 
    8    38    52 
  -53    28   -25 
   14   -44    10 
   -6   -24   -18 
  -39    -6    37 
  -13     8    35 
  -34   -20   -38 
   -7    -2    -7 
   46    38    26 
  -30     6   -42 
   24    40   -48 
  -23    10    37 
  -10    18    -6 
   40     8   -28 
   -5   -40    17 
  -23   -28   -33 
   27   -48    35 
   34     0    -6 
  -19    12    31 
   -7   -46   -23 
   10   -38    58 
   31    28    49 
  -22   -38   -18 
   50    46   -10 
  -46    32    34 
   52   -32    24 
  -29   -16    27 
  -19    20    51 
   32   -20    32 
   -9    52   -25 
   33    28   -25 
   -4   -22     0 
   28     2    36 
   27   -34    35 
   34   -20    22 
    5   -50    25 
  -30   -16    26 
   45    -4    17 
  -14    -2    50 
   34   -50    30 
   10   -60   -46 
  -44    20    24 
   18   -20   -34 
   -6   -48    42 
   30     6     6 
  -25   -16    17 
   50     4     2 
  -50   -26    -6 
  -10    -4   -54 
  -17    18    37 
  -32   -26    40 
  -26    -8     2 
  -36    -6   -44 
    8    32    -8 
  -34    54    14 
   57    46    25 
    6    12    42 
    0    44    56 
  -30   -62    14 
  -26    26   -42 
   20     6   -20 
  -27    14     5 
   36     4   -36 
    9    12    57 
  -39   -16    29 
  -14    40    50 
  -24   -38    64 
   36   -36   -12 
    6    22    18 
   21   -54    51 
  -13   -34    11 
