4 4
100
    1    -1     1     1 
  130     0     8    -6 
    5     2     2     1 
   13     1     1     1 
    1 0    -1 4     1 0     1 0 
  130     4     8    -6 
  -63 11    37 8   -63 11   -63 11 
   -1 0     1 0    -1 0    -1 0 
   42 -63   126 -21    42 -63    42 -63 
    1 -1     3 -1     1 -1     1 -1 
  130     1     8    -6 

   -1    -1    -1     1 
   -1    -1    -1     1 
   -1     1    -1    -1 

    0     0     0     0 
   -2     1     1     2 
    0     0     0     0 
    1    -1     1     1 
    2     4    -4     2 
   -2    -2     4     2 
    0     2     0     4 
    0     0     0     8 
    6    -4     6     2 
   -4    -6     2     8 
   -4    -2     2    -8 
   -3    -8    -6     7 
   -3     8    -6     3 
    5    -8    -4    -7 
   -5     8     4   -11 
   12    -6     6    -4 
   12    14     6     0 
    5     4    -4    15 
   -5   -16     4     3 
   -6   -10     0    -2 
    6    -8     0    -6 
    1     4    16     3 
   -1    -8   -16   -13 
   -8     6     4     8 
    8    12    -4     4 
   -9    12    18     1 
   -9    -4    18    -3 
   10   -14   -14    -2 
   10    -6   -14    -6 
  -15    -4     0     9 
   15     0     0    17 
   12     6     6   -12 
   12   -18     6    20 
  -12     2     6     8 
  -12   -18     6     0 
   16    20    -8     0 
  -16   -12     8     8 
   -4     4    -4    12 
    4   -16     4     4 
   25    -8    22    19 
   -2    -4     4   -10 
    2    -2    -4    -6 
  -10    16     8    -2 
   10     6    -8    -6 
   11     2     2     7 
   11    22     2     7 
   16   -26    22   -12 
   16    18    22    24 
    4   -28     4   -12 
   -4   -20    -4     4 
   -6    18     6   -14 
   -6    -6     6    22 
   -6   -24   -24   -22 
    6    -6    24    -6 
    4     2    16   -24 
   -4   -16   -16    24 
   13    -2    22    13 
   13    18    22   -31 
    4    10    22   -12 
    4    -6    22   -16 
   34   -20    -2    14 
   24   -30   -18    16 
   24     6   -18    -8 
   25   -12     4   -33 
  -25    28    -4    -5 
  -13   -20    14   -23 
  -13    28    14    17 
  -32    -4    28    36 
   32    14   -28     8 
   20   -10    32   -12 
  -20   -24   -32   -36 
  -37   -14   -22     7 
   23   -26   -10     7 
   23     6   -10     3 
    3   -28    12   -17 
   -3    -4   -12    27 
    6   -34    -6   -18 
    6    34    -6    -6 
   36    14    30    24 
   36    -2    30   -36 
   -7    -6    38     9 
   -7     6    38   -35 
  -18    26   -24    34 
   18   -24    24   -10 
  -12   -20   -36    -8 
   12   -18    36    12 
  -18    14   -30    -6 
  -18   -10   -30     6 
  -11   -10    10    17 
  -11    38    10    33 
   17    -8   -16    19 
  -17    -4    16   -13 
   31   -20    -8   -25 
  -31    28     8    23 
   28    12   -20    36 
  -28   -30    20   -20 
   37    16     4     5 
  -37    40    -4   -23 
  -19   -10   -34    -7 
  -19    10   -34   -11 
