1 0
100
    1 
   30 
    5 
    1 
    1 0 
   30 
  -17 24 
    1 0 
  -80 -10 
   -1 2 
    9 

   -1 
    1 
   -1 
   -1 

    0 
   -1 
    3 
    4 
   -2 
    3 
   -3 
   -2 
    1 
    4 
   -4 
    1 
   -8 
    4 
   -4 
    9 
   -6 
    5 
    6 
    3 
    3 
   -8 
    3 
    2 
   19 
    0 
    4 
   17 
    6 
   16 
   -4 
    4 
   12 
   12 
   -3 
   -5 
   -8 
  -19 
   20 
  -11 
  -12 
   11 
   24 
   10 
   24 
   17 
    2 
   17 
   20 
   -3 
    1 
   11 
    0 
  -16 
    6 
    6 
    4 
   14 
  -15 
  -30 
   -2 
  -24 
   -9 
    2 
   -8 
   31 
   17 
   16 
   -9 
   -4 
   -6 
   23 
  -16 
  -17 
    4 
   14 
   -7 
   -7 
  -27 
   -8 
   -2 
   23 
  -28 
    0 
   22 
   11 
    6 
   15 
  -22 
    2 
  -35 
  -26 
   22 
   20 
    7 
    0 
  -24 
  -11 
  -17 
  -29 
