1 0
100
    1 
  -96 
    8 
    1 
    1 0 
  -96 
   13 28 
    1 0 
 -126 54 
   -1 2 
  -15 

   -1 
   -1 
    1 
   -1 

    1 
    1 
    0 
    0 
    4 
    0 
    8 
    1 
    6 
   -6 
   10 
    2 
  -10 
   -8 
    4 
  -10 
   -6 
  -12 
   -8 
   16 
   -8 
   -8 
    8 
    8 
   12 
    2 
    6 
  -14 
   18 
   -8 
   -8 
    6 
   14 
  -14 
  -10 
    8 
    0 
   16 
    8 
   14 
  -20 
    4 
  -16 
   -8 
  -26 
   22 
   -2 
   14 
   -8 
   -8 
   22 
    6 
    8 
   -8 
    0 
    0 
   10 
    2 
  -10 
  -10 
  -14 
   18 
  -14 
  -20 
  -20 
   30 
   30 
  -32 
   24 
   32 
  -24 
  -10 
    6 
  -14 
    4 
  -24 
   30 
   -6 
    2 
   -6 
  -22 
  -10 
   24 
    0 
  -40 
    0 
   14 
   30 
    6 
  -18 
    0 
    0 
   24 
   40 
   24 
    0 
  -16 
    8 
   10 
    2 
