2 7
100
    1     1 
    0  -800 
    4     2 
    1     1 
    3 4     1 0 
 3200  -800 
  -38 -13     0 45 
    1 0    -1 0 
   89 -89   -89 0 
   -1 2     1 -1 
  400  -800 

   -1    -1 

   -1     1 
   -1     1 
   -4     2 
   -5    -2 
   -2    -4 
   -2    -4 
    7     2 
    7     2 
   -9    -6 
    0    -6 
    0    -6 
   -2    10 
   -2    10 
   -7     2 
   -7     2 
   -3    -6 
   -3    -6 
   12    12 
   12    12 
  -10     4 
  -10     4 
   -6   -12 
   -6   -12 
  -10    -8 
  -10    -8 
  -19     2 
  -19     2 
    2   -14 
    2   -14 
    3     6 
    3     6 
  -22    10 
  -22    10 
    4     2 
    4     2 
   -8    22 
   -8    22 
   25    22 
   25    22 
  -22   -22 
   14     4 
   14     4 
   15     6 
   15     6 
  -14   -14 
  -14   -14 
    8    10 
    8    10 
  -12    18 
  -12    18 
  -26    26 
  -26    26 
    5    10 
    5    10 
  -16    16 
  -16    16 
  -29    -2 
  -29    -2 
  -30    -6 
  -30    -6 
  -25     2 
   17    -2 
   17    -2 
   10    28 
   10    28 
    8     2 
    8     2 
   -2   -16 
   -2   -16 
    0    18 
    0    18 
  -13   -34 
  -37    14 
  -37    14 
   17   -22 
   17   -22 
   12   -30 
   12   -30 
  -18   -18 
  -18   -18 
    0   -30 
    0   -30 
   27    18 
   27    18 
  -14    -4 
  -14    -4 
   -9    18 
   -9    18 
   -2   -38 
   -2   -38 
  -20     4 
  -20     4 
   20    20 
   20    20 
  -25   -14 
  -25   -14 
  -28   -34 
  -28   -34 
  -18    -6 
  -18    -6 
