2 4
200
   -1    -1 
    0     0 
    8     8 
    1     2 
    3 0     3 0 
    4     8 
   55 18    11 -32 
    1 0     1 0 
 -128 128    32 -96 
   -1 2     3 0 
   -1    -2 
    0     0 
   -1    -1 

    1    -1 
    1    -1 

    0     0 
    0     0 
    0     0 
    0     0 
    0     0 
    0     0 
    0     0 
    0     0 
   -8     8 
    4    -4 
  -10   -10 
    2     2 
   12   -12 
    0     0 
    0     0 
  -14   -14 
   -4     4 
    0     0 
    0     0 
    0     0 
    0     0 
    0     0 
    0     0 
    0     0 
    0     0 
  -20    20 
   -6    -6 
  -16    16 
   16   -16 
    0     0 
    0     0 
   22    22 
  -22   -22 
   14    14 
   20   -20 
    0     0 
    0     0 
    0     0 
    0     0 
   24   -24 
    0     0 
    0     0 
    0     0 
    0     0 
  -24    24 
  -24    24 
    2     2 
   28   -28 
    0     0 
    0     0 
  -26   -26 
  -26   -26 
    0     0 
    0     0 
    0     0 
    0     0 
  -28    28 
  -18   -18 
  -10   -10 
  -10   -10 
   30    30 
   28   -28 
  -22   -22 
    0     0 
    0     0 
  -32    32 
   32   -32 
    0     0 
    0     0 
    0     0 
    0     0 
    0     0 
   36   -36 
   14    14 
    0     0 
    0     0 
   34    34 
  -20    20 
  -40    40 
  -40    40 
  -28    28 
   30    30 
    0     0 
    0     0 
    0     0 
    0     0 
   14    14 
  -14   -14 
    8    -8 
    8    -8 
    0     0 
    0     0 
    0     0 
    0     0 
    0     0 
    0     0 
    0     0 
    0     0 
  -42   -42 
   20   -20 
    0     0 
    0     0 
   28   -28 
  -38   -38 
  -40    40 
  -40    40 
    0     0 
    0     0 
    0     0 
    0     0 
   36   -36 
  -34   -34 
   32   -32 
  -32    32 
    0     0 
    0     0 
    8    -8 
    8    -8 
  -44    44 
  -26   -26 
    0     0 
    0     0 
   46    46 
  -46   -46 
    0     0 
    0     0 
   52   -52 
  -10   -10 
   44   -44 
  -30   -30 
    0     0 
    0     0 
    0     0 
    0     0 
    0     0 
    0     0 
  -18   -18 
   52   -52 
   56   -56 
   56   -56 
  -50   -50 
  -28    28 
    0     0 
    0     0 
    0     0 
    0     0 
    0     0 
    0     0 
   58    58 
   12   -12 
    0     0 
    0     0 
    0     0 
    0     0 
    0     0 
    0     0 
    0     0 
    0     0 
    0     0 
    0     0 
   26    26 
  -26   -26 
   62    62 
    0     0 
    0     0 
  -62   -62 
   62    62 
    0     0 
    0     0 
  -56    56 
  -56    56 
    0     0 
    0     0 
    0     0 
    0     0 
   -6    -6 
   -6    -6 
    0     0 
    0     0 
   62    62 
   20   -20 
    0     0 
    0     0 
   -4     4 
   66    66 
    0     0 
    0     0 
  -52    52 
   42    42 
   54    54 
  -54   -54 
    0     0 
    0     0 
    0     0 
    0     0 
    0     0 
    0     0 
   48   -48 
  -48    48 
   54    54 
