8 0
100
    1     1    -1    -1    -1     1    -1     1 
  -10    20     0     0     0     6     0    12 
   10    10    10    10     6     6     6     6 
    1     2     2     1     2     1     1     2 
    1 0     1 0     3 0     5 0     3 0     1 0     3 0     1 0 
  -10    20     8    16    16     6     8    12 
   -9 -46    -9 -46    43 0    -9 -46    -9 -46    -9 -46    -9 -46    -9 -46 
    1 0     1 0     0 1     1 0     1 0     1 0     1 0     1 0 
  192 -64   192 -64    64 -64   192 -64   192 -64   192 -64   192 -64   192 -64 
   -1 2    -1 2     3 0    -1 2    -1 2    -1 2    -1 2    -1 2 
   -2     4     2    -1     2     2     1     2 

    1     1     1    -1    -1     1     1     1 
   -1    -1     1    -1    -1    -1     1    -1 

    0     0     0     0     0     0     0     0 
    0     0     0     0     0     0     0     0 
   -2    -2    -2    -2     2     2     2     2 
   -2    -2     2     2    -2    -2     2     2 
    2     6     2     6    -6    -2    -6    -2 
    0     4     0    -4    -4     0     4     0 
    4    -4    -4     4     4    -4    -4     4 
    8     0    -8     0     0    -8     0     8 
   -2     6     2    -6     6    -2    -6     2 
   10     2   -10    -2     2    10    -2   -10 
   -2    -2    -2    -2    -2    -2    -2    -2 
   10     2    10     2     2    10     2    10 
   -6    10     6   -10    10    -6   -10     6 
   -4     0     4     0     0     4     0    -4 
  -10    -6   -10    -6     6    10     6    10 
    6   -10     6   -10   -10     6   -10     6 
    2    10    -2   -10    10     2   -10    -2 
   -4     8     4    -8    -8     4     8    -4 
    2    -2     2    -2     2    -2     2    -2 
   -6    10    -6    10   -10     6   -10     6 
   -6    10    -6    10   -10     6   -10     6 
  -10    -2   -10    -2     2    10     2    10 
   10     2    10     2    -2   -10    -2   -10 
    6    10     6    10   -10    -6   -10    -6 
   12     0   -12     0     0   -12     0    12 
   10     2   -10    -2     2    10    -2   -10 
   14   -18    14   -18   -18    14   -18    14 
   -2     6     2    -6     6    -2    -6     2 
   14   -10   -14    10   -10    14    10   -14 
  -16     0    16     0     0    16     0   -16 
  -16     0    16     0     0    16     0   -16 
    6   -10     6   -10   -10     6   -10     6 
   -2   -18    -2   -18   -18    -2   -18    -2 
    2    10     2    10    10     2    10     2 
   18   -14   -18    14   -14    18    14   -18 
    8    16    -8   -16   -16    -8    16     8 
   20    -4   -20     4     4   -20    -4    20 
   -2    10    -2    10   -10     2   -10     2 
   24    20   -24   -20   -20   -24    20    24 
   22    -2   -22     2    -2    22     2   -22 
  -24     4    24    -4    -4    24     4   -24 
   -2    10    -2    10   -10     2   -10     2 
  -22   -14   -22   -14    14    22    14    22 
  -18     6   -18     6    -6    18    -6    18 
   14    14   -14   -14    14    14   -14   -14 
  -10   -10    10    10   -10   -10    10    10 
   10    18    10    18    18    10    18    10 
   10    10   -10   -10    10    10   -10   -10 
   10   -26    10   -26    26   -10    26   -10 
   20    16   -20   -16   -16   -20    16    20 
   22     6    22     6     6    22     6    22 
   -6    -6    -6    -6    -6    -6    -6    -6 
  -12   -12    12    12    12    12   -12   -12 
   20   -12   -20    12    12   -20   -12    20 
  -26     6   -26     6    -6    26    -6    26 
    6     6     6     6    -6    -6    -6    -6 
  -22   -30    22    30   -30   -22    30    22 
   22   -10    22   -10   -10    22   -10    22 
   -6    -6    -6    -6    -6    -6    -6    -6 
   22     6    22     6     6    22     6    22 
   14   -18    14   -18   -18    14   -18    14 
   -6    10     6   -10    10    -6   -10     6 
  -14    10   -14    10    10   -14    10   -14 
   18   -10    18   -10    10   -18    10   -18 
   16    20   -16   -20   -20   -16    20    16 
    6    -2    -6     2    -2     6     2    -6 
   -2    22     2   -22    22    -2   -22     2 
   -2    18    -2    18   -18     2   -18     2 
   12     0   -12     0     0   -12     0    12 
    8     0    -8     0     0    -8     0     8 
   -4    20     4   -20   -20     4    20    -4 
   22   -10   -22    10   -10    22    10   -22 
   26   -14   -26    14   -14    26    14   -26 
   22   -10    22   -10   -10    22   -10    22 
  -32    20    32   -20   -20    32    20   -32 
   18   -10    18   -10    10   -18    10   -18 
   26     2    26     2     2    26     2    26 
  -14    18    14   -18    18   -14   -18    14 
   30   -34   -30    34   -34    30    34   -30 
  -26   -26    26    26   -26   -26    26    26 
   10    26   -10   -26    26    10   -26   -10 
    2    26     2    26    26     2    26     2 
    0    16     0   -16   -16     0    16     0 
    8    24    -8   -24   -24    -8    24     8 
   24   -36   -24    36    36   -24   -36    24 
  -38    30   -38    30   -30    38   -30    38 
  -14    18   -14    18    18   -14    18   -14 
    6    22     6    22    22     6    22     6 
  -42    30    42   -30    30   -42   -30    42 
    6   -18    -6    18   -18     6    18    -6 
   34    26    34    26   -26   -34   -26   -34 
  -18   -10   -18   -10    10    18    10    18 
   32    40   -32   -40   -40   -32    40    32 
    4   -20    -4    20    20    -4   -20     4 
  -12   -24    12    24    24    12   -24   -12 
  -26    26   -26    26   -26    26   -26    26 
   22    18    22    18   -18   -22   -18   -22 
    8   -12    -8    12    12    -8   -12     8 
  -22   -14   -22   -14   -14   -22   -14   -22 
   18   -14   -18    14   -14    18    14   -18 
