4 0
100
   -1    -1    -1     1 
    0     0     0   -64 
   16     7    12     8 
    1     1     1     1 
    3 0     3 0    -1 4     1 0 
   64     4    32   -64 
   75 -56    33 14    23 18    75 -56 
    0 1     1 0     1 0     0 1 
  -56 -112    98 42   140 -28   -56 -112 
    3 0     3 0     3 -2     3 0 
   -6    -1     1   -11 

    1     1    -1    -1 
    1     1    -1    -1 
   -1    -1    -1    -1 
   -1    -1    -1     1 

   -1    -1     1     1 
    0     0     0     0 
    0     0     0     0 
   -6     3    -2     2 
   -4     2     0     4 
    1     1     1    -1 
    0    -6    -8     8 
    0     0     6     4 
   -2    -8    -8     6 
   10    -5     0    -6 
   -6    -3    -6     6 
    2    -7    -6    -2 
   10     4    -2   -10 
   12     0   -12    -4 
    4   -11     6     8 
    6     9     6    -2 
  -10     2     2   -10 
   -4    -4   -10    16 
   -4     2   -16   -12 
    8     5    12     0 
    0    -6     2    12 
   -8    10   -14   -12 
    0     0     8    -8 
  -12     6     4     4 
   -4   -19     4    12 
  -14    -8    -2    -2 
    2   -16    -4     2 
  -14   -14   -14   -14 
   18   -18    14     2 
    8   -10     4     8 
    0     6    12     8 
   -2    22    10    -6 
  -18    -6    10    10 
  -10    14     2   -10 
  -10    -4   -14    22 
  -16   -19   -14   -20 
   16   -11    -8     0 
  -20     1   -14    24 
    4     4   -16    20 
  -10   -19   -10   -14 
   20    23   -16   -20 
   -4   -13    20   -12 
    0     0   -12    -8 
   16    -2   -24     0 
    2     2     6    18 
   18    18     2   -14 
  -26    10    18     6 
    6   -27    18     6 
  -20     4   -12   -20 
  -12   -27    16    -4 
  -18     6     6    18 
    6    27     0   -10 
    0   -24    12    -8 
  -24    12   -12    -8 
   -8    16    28   -16 
   -8     7     0   -24 
  -10   -10   -10   -18 
   22    22    10   -10 
  -18     6    -6    -6 
    6    -6     4   -18 
   22    16    30    26 
   -2   -11    -6    -2 
   -2   -14     2    -2 
  -20    10     8   -12 
   12    -6   -36    -4 
  -18   -33    10     2 
    6     0   -12   -10 
  -12   -12    18    16 
   28    10    28   -12 
  -16   -25    16    -8 
   16    37   -30    -4 
   -6    -6   -10    -6 
    6    21    22   -10 
  -26     7   -18    14 
   -4    29   -16   -20 
  -12   -12     2    32 
   -6    12   -24   -30 
  -30     9    -8   -14 
    6     0   -12     6 
  -10   -28    16    30 
    6    -6    -2    30 
   38   -19    -6   -10 
  -24     0     0   -16 
   -8   -23    10   -12 
   12    21   -40    36 
    4   -11    12    36 
   18   -12     6    26 
  -14    34     6    10 
   10    16    26   -22 
   26    -1   -14   -22 
  -40   -10   -38    20 
  -16    29    12    24 
   16    34     4    16 
   16    40   -30    -4 
  -12   -30    30    24 
    4   -17    12   -28 
  -20    22   -16     4 
  -36    36    14    16 
  -18    -6   -18   -10 
   14   -34     2    -2 
