1 0
200
    1 
  -40 
    4 
    1 
    1 0 
  -40 
  -62 37 
    1 0 
  -75 -25 
    0 1 
  -40 
    0 
    0 

   -1 
    1 
    1 

   -1 
    1 
   -1 
    2 
    0 
    4 
    4 
    0 
    0 
   10 
    6 
   -2 
    6 
    8 
  -12 
   10 
    6 
   -4 
   -4 
    0 
   -4 
   -4 
    0 
   12 
  -12 
  -14 
  -10 
   18 
   -6 
  -20 
    0 
   -6 
   10 
   22 
  -18 
    0 
   -8 
   20 
    8 
   14 
   12 
  -20 
    4 
  -16 
  -22 
   26 
    2 
   -2 
  -12 
   12 
   -6 
   10 
    0 
  -16 
  -24 
  -16 
   -2 
   10 
  -22 
   10 
  -14 
  -18 
   -6 
    8 
   -4 
   18 
    2 
  -12 
  -16 
    0 
   32 
    2 
   22 
    2 
   20 
  -32 
   30 
   18 
    6 
    6 
   30 
    6 
    0 
    8 
   -4 
  -36 
  -30 
   34 
  -22 
   10 
   -8 
  -16 
  -20 
   32 
    4 
  -12 
  -28 
    4 
   30 
  -10 
    8 
   28 
    6 
  -38 
  -26 
    6 
   40 
  -20 
   -8 
   36 
  -10 
  -26 
  -22 
   26 
   28 
  -40 
  -42 
  -26 
   46 
  -34 
    0 
   28 
   26 
   42 
  -28 
    4 
   34 
    6 
  -30 
  -10 
    4 
  -32 
    8 
  -36 
   24 
   40 
   54 
   38 
  -22 
   26 
   54 
  -50 
  -16 
   56 
  -36 
  -36 
    0 
   24 
  -50 
   -2 
   44 
   36 
   12 
  -28 
  -32 
   -8 
    8 
  -36 
   24 
  -12 
    6 
   -2 
   50 
  -40 
  -20 
   58 
  -22 
  -40 
  -44 
   34 
    2 
   12 
   36 
    0 
   28 
    2 
   18 
   28 
   20 
   54 
    2 
   36 
  -56 
   38 
  -26 
  -16 
  -60 
    6 
  -30 
  -14 
   42 
   12 
   20 
  -52 
   12 
   -4 
   28 
  -66 
    6 
   54 
