5 4
100
   -1     1    -1     1     1 
    0  -198     0   -64   -16 
    8    11     8     8     4 
    1     1     1     1     1 
    1 4     1 0    -1 4     1 0     1 0 
   48  -198    16   -64   -16 
  103 -46   -37 4   103 -46   -37 4   -37 4 
   -1 -1     1 0    -1 -1     1 0     1 0 
 -120 -20    20 -70  -120 -20    20 -70    20 -70 
   -1 2    -1 2    -1 2    -1 2    -1 2 
   -1   -25    -1   -10    -2 

    1     1     1     1    -1 
    1    -1    -1    -1    -1 
    1     1    -1    -1    -1 
    1     1     1    -1     1 

    0     0     0     0     0 
   -1     1     1     1     1 
    0    -3     0     0     4 
    2     5     0     2    -4 
    0     0    -2     4     2 
   -1    -1     1     1     1 
    0     6    -2     8     6 
    4     7     0     8     8 
   -1    -1    -1     1    -1 
   -2     4    -6    -2    -6 
   -2    -2    -6     6    -6 
   -2    -2     8   -10     8 
   -6    -6   -10    -2     2 
   -4     5    -8    12     8 
  -12    12    -4    -4     4 
    6    -9    -4     6    -4 
   -6   -12    -2    -2   -14 
   12    -9    -8     4    -8 
    4    13     4   -12     8 
   -8     4    -2    -8    -6 
    4     7   -12    -8     4 
   -4    -7     4   -16     4 
    4    -8    -4    16    12 
  -12     0     0    -4   -12 
    0    18    -6   -12    -6 
   10    10    16    14   -20 
    6    -9   -14    -2    18 
  -18    15   -18   -14    14 
   -2     7     2   -14     2 
    0     6    18   -16     2 
   -8    -2     2    16    -6 
   -2    -5     8   -14   -16 
    6     6    12     2    12 
    6    -3    -6     6    -6 
  -22    11    16     6   -20 
   -8    -8    16    -8     0 
    0     0   -24     8     0 
    4    -2     4     4   -20 
    8   -10    22    -4    14 
   -6   -15    -8   -14    -4 
   12   -15    24     4     0 
    4    19     4   -12   -12 
   24     6    18   -16    22 
  -12    27    16   -16    24 
   -2   -11    26     2   -14 
  -18     6     6   -14    18 
   -2     7     4     6   -12 
  -22    -1    26    22    18 
  -16   -16    14   -20    -6 
  -12    -9   -20     4    28 
  -18     9    -4    18    20 
   -6    -6   -22    10    18 
   16   -17    16    24    -8 
   -8     1   -12   -24    -4 
   -8     4     4     0    -8 
   16   -29   -24     0    28 
   10    10    -6   -18   -10 
    2     8   -26   -10   -10 
   -6    18   -14    26   -22 
   26    29     6    26     6 
    2     8   -22     2    18 
  -22    14    -2   -18   -18 
   -6    24    18    -2   -22 
    8    20   -18   -12    10 
   12    24    20   -20    -4 
   -2   -14   -18    18     2 
   14   -19    22   -14   -18 
  -12    12   -12    12   -28 
  -20    28    20    12   -12 
    0   -24    24   -24    24 
   -8    22   -16    24     0 
  -10    -4   -22    26    10 
   34   -14   -22   -10    10 
   22   -26     4    38    -4 
   -4    35   -16    12     0 
    4    -8    20    -4     4 
  -18     6    10   -26    26 
   38   -28     2     6   -30 
  -10   -10    -6    34    -6 
  -18    12   -10    18   -10 
  -30     3    -8   -26    28 
   22     4    10   -34    10 
  -24   -36   -24    16   -16 
    8   -10   -40    32     8 
   24     6     6   -28     6 
   12    30     4    12     4 
   -6   -18   -42    34    14 
   18   -24   -14    18   -14 
  -10   -31    -2    10   -10 
  -34     2    10   -22    14 
  -16   -16     0     0     0 
   16   -17   -24   -24    20 
   -8   -20   -18   -24    22 
   -4    29    -8   -40    16 
   28    16     4    -4     4 
  -12    15    12    28   -20 
   32   -40   -14   -20    14 
  -12    30    20     4    -4 
   -2   -14    -2   -10    -2 
  -18    -6    30    30   -26 
