2 0
200
    1    -1 
  -66     0 
   11    10 
    1     1 
    1 0    -1 4 
  -66    56 
  -37 -28   -37 -28 
    0 1     1 0 
 -140 56  -112 -84 
    3 0     3 0 
  -10     2 

   -1    -1 
   -1    -1 
    1    -1 
   -1    -1 

    1     1 
    0     0 
    0     0 
   -1     0 
    3     0 
    6    -2 
    1     1 
    8    -8 
   -9    -8 
    0    -6 
   -2     4 
    8     6 
    2   -10 
   -3     0 
   -4     4 
   10     8 
   -6   -10 
   -2     2 
    9    12 
    2     2 
  -13    -4 
   12   -10 
    0    -2 
   -8    12 
   15   -12 
   -6   -18 
   13   -12 
    1    20 
  -10    -6 
   16   -16 
  -16     4 
    5    -6 
   18     2 
  -18    -2 
  -16     6 
   13    -8 
  -14     0 
   -8    -4 
    6    -6 
   16     2 
   20    -6 
  -22     4 
  -11    24 
  -16   -16 
   -6    -2 
   -4    26 
  -18     2 
   17    -6 
    6    20 
  -16    -6 
   -8    18 
   16   -22 
  -15   -16 
   -2   -16 
    0    -6 
   24   -14 
    6   -26 
   -3   -20 
  -30    10 
    9    -6 
    2    10 
  -12    -6 
   10   -24 
    1    12 
  -19    -8 
  -22    14 
    7    32 
  -12     8 
   12    -4 
   19     0 
   24     8 
   28    -6 
    4   -18 
   24   -34 
  -22    34 
   -9    -4 
   -3    -4 
   15    10 
  -25    16 
   10    30 
  -15    34 
   -7   -12 
  -30    -8 
  -22    40 
   31   -28 
   -1     4 
  -22   -22 
  -22    22 
   14   -10 
  -26    16 
    6   -18 
   13    16 
   29   -12 
  -18     8 
   11   -36 
  -25    24 
   14     4 
  -22     2 
   29    44 
   -8    14 
  -33     8 
  -20    20 
    2    42 
   44   -18 
   14    -6 
   38   -12 
   -6    12 
    9    20 
   21   -24 
  -18   -42 
  -31    -2 
  -21     8 
   43    -8 
   12    18 
  -22     2 
    8   -10 
   30   -38 
   45    12 
   41   -26 
    6    30 
   42    -4 
    5    28 
  -26   -18 
    4   -22 
   -4   -36 
   -3   -44 
   20    -6 
   36    22 
  -14    14 
  -14    10 
   22   -34 
   -4   -36 
   11    36 
    7     0 
  -32   -32 
   -9    -8 
    9    36 
    7    -6 
   12    18 
  -10    -2 
  -45   -24 
    2   -18 
  -40    16 
  -18    10 
   18    28 
  -33   -24 
  -24     0 
   -4     6 
  -50    20 
  -18    22 
   14   -12 
   42     6 
    3    32 
    4    -4 
  -52    20 
    7   -36 
   -8   -10 
   50   -10 
  -15     8 
  -36   -20 
    6    38 
   -8    26 
   28    30 
   18   -48 
   23    28 
   16    42 
    7   -38 
  -14   -38 
    5   -12 
   22    38 
   35    48 
   45     0 
  -54    12 
  -13   -40 
  -16    24 
   28   -34 
  -29    50 
    1   -16 
   32   -12 
   -6   -18 
  -63   -38 
  -64    -8 
  -13    52 
  -26    10 
   14   -38 
  -36   -24 
  -28   -24 
  -16    10 
    3     8 
   10    22 
    8    10 
   35     4 
   33   -24 
  -41   -56 
   42    12 
  -18    58 
  -45    12 
   40    30 
   53    44 
    2   -64 
