9 0
100
   -1     1    -1     1    -1     1     1    -1     1 
    0   -12     0   -32     0    16   -16     0   -16 
   12    12    12     8     8     8     8     8     4 
    1     1     1     1     1     2     2     1     1 
   -1 4     1 0    -1 4     1 0    -7 4     1 0     1 0    -1 4     1 0 
   16   -12    64   -32    32    16   -16    16   -16 
    7 34     7 34     7 34     7 34     7 34     7 34     7 34     7 34     7 34 
    1 0     1 0     1 0     1 0     1 0     1 0     1 0     1 0     1 0 
 -144 48  -144 48  -144 48  -144 48  -144 48  -144 48  -144 48  -144 48  -144 48 
   -1 2    -1 2    -1 2    -1 2    -1 2    -1 2    -1 2    -1 2    -1 2 
   -1    -2    -1    -1    -1     2    -2    -1    -1 

   -1    -1    -1    -1     1    -1     1     1     1 
   -1     1     1     1     1     1    -1    -1     1 
    1     1    -1     1     1     1     1    -1    -1 

    0     0     0     0     0     0     0     0     0 
    0     0     0     0     0     0     0     0     0 
   -4    -4    -4     0     0     0     0     0     4 
   -1    -1     1    -1    -1    -1    -1     1     1 
   -4     2    -4    -4     0     2     4    -4     4 
    0     6     4    -4     0     2    -4     0    -4 
    4    -2    -4     0     4    -6     8     0    -4 
    4    -6     4     0    -4     6     8    -8     4 
    6     2     2     6   -10    -6     6     2     2 
    2     6    -2     2     2   -10    -6     6     6 
    6    -6    -6    -2    -2    10     6    -6     2 
  -10    10    -2     6     6    -6     6    -2    -2 
    2     6     2    -6    -6     6    -6    10     2 
   -4    12     4     4     4     4    -4     4    12 
   -8    -8    12     4     4     4     4    -8     4 
   -2     2    -6   -10     6     2    -2    -6     2 
   -6     6    -2    10    -6    -2     2     6     6 
   12     8   -12    -4     4     8     4    -4    -4 
    0    -4    -4    -4     4     8    -4     8   -12 
    8    -6     0    -8    12    10     8     8     0 
    0    -2     0     8   -12   -10     8    16     0 
   -4    -8    12    -8   -16     4    -8    -8     4 
    4    -8    -4     8    16    -4    -8     0   -12 
   12   -18   -12    -4    -8    14   -12   -12    12 
  -16     2    12    -4    -8    14    12    -8   -12 
   10     2    18   -14   -14    10     2    -6     2 
   14     6    -2    14    14   -10    -2    -2   -18 
   -2     6     2    14    -2    14   -18   -14     2 
  -18   -18     2    14    -2    14   -18     2     2 
    8   -12    -8   -16     8    -4     8     8     0 
    8    -4     0    16    -8     4     8     0     8 
   -6     2     2    10   -22    10    -6     2   -14 
   -6     2   -14    10   -22    10    -6    18     2 
  -18    10    -6   -10     6     2    14    -6    18 
   -6    -2   -18    10    -6    -2   -14   -10     6 
   -8     8    16     8     8     8    16     8    -8 
    0     0     8    -8    -8    -8    16     8   -16 
   -8    20   -20    12   -12    24    12   -16   -12 
    4     0   -12    12   -12    24   -12     4   -20 
  -10     6     2   -10   -10   -10    22     2     2 
  -24    14    -4   -12    24    -6   -12   -24   -12 
   12    18   -12   -12    24    -6    12   -20    -4 
   -8    14     8     0    12     6     0    -8     8 
    8    18    -8     0   -12    -6     0   -24    -8 
   14   -14   -22    -2    14    10    -2    26    10 
  -18    18    10    -2    14    10    -2    -6   -22 
  -18    18   -22     6     6    -6   -18   -22    18 
   10    -2   -18    -6    -6     6    18   -10    22 
    8     0   -20    28   -20     4   -20   -16   -28 
    4    12   -28    28   -20     4    20   -28   -20 
   -6    -6    26    10    -6   -14    10    10    26 
   -6     2    26    10    -6   -14    10   -22    26 
   20    -6   -12    24    20   -18    16   -16   -12 
   -4   -10    12   -24   -20    18    16     0    12 
  -24     6     8    -8   -12   -26    -8     0    24 
    0    18   -24     8    12    26    -8     8    -8 
    2     6     2   -22    10   -10    26   -22    18 
  -26   -22   -18    22   -10    10   -26   -18    -2 
  -22    -6    -6    -6   -22    -6    26   -22    -6 
   10     2    -6    -6   -22    -6    26    10    -6 
   34    -2   -14    34    18    -2   -30   -14   -14 
  -14   -34   -10   -30    18   -18    -6   -18    30 
  -10    -6   -30    30   -18    18     6   -14    10 
  -32     8    20    20     4    -4    20   -24    28 
    4   -20    28    20     4    -4   -20   -28    20 
   -2   -18    18    14   -18    14   -18     2   -14 
   -2    -2   -14    14   -18    14   -18     2    18 
   12    30    20    12   -24   -18   -12   -12    28 
  -32     2    28    12   -24   -18    12    24    20 
  -12    10   -36    16    28    22    24    16    -4 
    4    30     4   -16   -28   -22    24    -8    36 
  -10     6    10    22    22   -26    22    10    10 
    2    34    -6   -22    10    26    10   -14    26 
  -10   -26   -26    22   -10   -26   -10    22     6 
  -28    28   -28    36   -12   -36   -20    28    12 
  -16    24    12    36   -12   -36    20   -16   -28 
   -2    26     2     6   -26    18    -2    34    -6 
   26   -10     6    -6    26   -18     2    14    -2 
  -34    22   -14   -18   -18    30    30    18   -30 
   30    38   -30   -18   -18    30    30     2   -14 
    2    22     2    -6    -6     6    10    26   -14 
  -10    26    14     6     6    -6   -10    30    -2 
   12     2   -20    40   -12    -2   -32    16    -4 
   36   -18     4   -40    12     2   -32   -16    20 
    0     6    -4    12    32    18   -20   -24   -12 
   12     2   -12    12    32    18    20    36    -4 
    2    -6    -6   -30   -14    -6   -14   -22    10 
  -30   -30    10   -30   -14    -6   -14    -6    -6 
  -10    38     2    22   -10    22    22    34    34 
   22   -10    34    22   -10    22    22     2     2 
  -28     8   -36     8    16    -4     8    16     4 
   -4    -8    -4    -8   -16     4     8    24    36 
    8   -16    16    -8     8    16    32    40   -40 
   32    24    40     8    -8   -16    32   -40   -16 
   -8     6   -12    12     0    -6    12    -8   -36 
  -12   -30   -36    12     0    -6   -12    20   -12 
  -32    -8    20    12   -36    36    12    32   -20 
  -36    20   -20    12   -36    36   -12    20    20 
   14    34    22    -2    30    34   -18    38     6 
  -22    30    -6     2   -30   -34    18   -14   -22 
