1 0
100
    1 
 3680 
   16 
    1 
    1 0 
 3680 
  261 0 
    0 1 
   46 -46 
    3 0 
  460 
    1 
    0 

   -1 
   -1 
   -1 

    1 
   -6 
   -2 
   -2 
   -2 
   -2 
    1 
    1 
    6 
    2 
    2 
   -4 
   -4 
    0 
    0 
    2 
   12 
   12 
  -10 
    0 
    0 
    6 
    6 
   14 
   14 
   -6 
   -6 
   -8 
   -8 
  -10 
  -10 
  -18 
   16 
   16 
   12 
   12 
   -4 
   -4 
   -8 
   -8 
   12 
   12 
   -8 
   -8 
   16 
   16 
  -22 
   -6 
   -6 
  -24 
  -24 
   26 
   26 
   -4 
   -4 
  -20 
  -20 
  -16 
  -16 
   -6 
   -6 
   22 
   22 
   22 
   22 
  -16 
  -16 
  -14 
  -14 
  -14 
  -14 
  -14 
  -14 
    4 
    4 
  -16 
  -16 
    2 
    2 
   26 
   26 
  -12 
  -12 
    0 
    0 
   14 
   14 
  -18 
  -18 
   28 
   28 
  -12 
  -12 
    8 
    8 
   14 
   14 
  -10 
  -10 
   18 
