1 3
100
    1 
    0 
    8 
    1 
    3 0 
  192 
  346 0 
    0 1 
   61 -61 
    3 0 
  -24 

   -1 

   -3 
   -2 
    4 
    4 
   -4 
   -4 
   -9 
   -9 
   -1 
   -6 
   -6 
    8 
    8 
    4 
    4 
  -13 
    9 
    9 
   -7 
   -8 
   -8 
  -11 
  -11 
    4 
    4 
   -4 
   -4 
    4 
    4 
   -2 
   -2 
    3 
    6 
    6 
  -16 
  -16 
   19 
   19 
   11 
   11 
   -4 
   -4 
   18 
   18 
  -12 
  -12 
  -25 
   10 
   10 
    8 
    8 
   -8 
   -8 
    6 
    6 
    4 
    4 
   23 
   23 
   21 
   21 
   -3 
   -3 
  -22 
  -22 
  -16 
  -16 
  -18 
  -18 
   10 
   10 
    6 
    6 
   18 
   18 
  -19 
  -19 
  -30 
  -30 
  -24 
  -24 
   12 
   12 
  -14 
  -14 
    8 
    8 
    4 
    4 
    8 
    8 
    6 
    6 
    0 
    0 
  -35 
  -35 
  -20 
  -20 
  -18 
