1 7
100
   -1 
    0 
    8 
    1 
    3 0 
    8 
   91 0 
    0 1 
   16 -16 
    3 0 
    2 
    0 
    0 

   -1 
   -1 

    0 
    2 
    2 
    1 
    0 
    4 
   -6 
   -4 
    2 
   -2 
    6 
  -10 
   10 
    6 
    2 
   -6 
   10 
   -6 
    4 
    0 
   -6 
   -2 
   10 
    6 
   14 
   -6 
   -2 
  -14 
    6 
   10 
    8 
   -6 
   -2 
    6 
  -14 
   -8 
   -2 
   14 
   12 
   16 
  -14 
  -14 
  -18 
   16 
  -12 
  -18 
    6 
  -18 
    6 
  -22 
  -18 
  -14 
   -6 
  -14 
    0 
   10 
   28 
   -2 
   14 
    8 
   22 
  -22 
  -10 
  -30 
    6 
   16 
    4 
  -10 
  -18 
   10 
  -10 
    2 
  -20 
  -10 
   14 
   14 
   10 
  -10 
  -18 
  -18 
   -2 
  -12 
  -16 
   18 
    6 
   -2 
  -38 
   24 
   22 
  -22 
    6 
   16 
  -18 
  -26 
  -28 
   -6 
   18 
   22 
  -22 
   10 
