1 0
100
    1 
   32 
    4 
    1 
    1 0 
   32 
  179 168 
    0 -1 
 -357 21 
    2 0 
   16 

   -1 
   -1 
   -1 

    1 
    1 
    1 
    2 
    2 
   -2 
    8 
   -4 
   -2 
    2 
    2 
   -2 
  -10 
    6 
   -6 
    1 
    6 
   -6 
    4 
   -4 
    0 
    2 
   -6 
   -6 
    6 
  -14 
   -6 
   14 
    2 
   -4 
    0 
   -6 
  -12 
    4 
   18 
   -6 
   -6 
   -6 
   20 
  -12 
   18 
   -6 
   12 
    8 
  -10 
    6 
    6 
   -6 
   -6 
   18 
   10 
   14 
   22 
   -2 
   14 
   16 
   20 
  -14 
  -26 
   26 
   26 
  -14 
   18 
  -14 
   26 
  -12 
    4 
   10 
  -14 
  -22 
   26 
   14 
   22 
   -6 
   10 
   26 
  -18 
  -10 
  -18 
   18 
  -14 
    0 
   -8 
  -10 
  -10 
   10 
    2 
  -10 
  -18 
   10 
  -22 
   16 
   36 
  -10 
  -10 
   14 
  -26 
   -6 
   10 
   18 
