1 0
100
   -1 
    0 
   11 
    1 
   -1 1 
 5832 
   87 20 
    1 0 
  260 60 
    3 0 
 -972 
    0 
    0 

    1 
    1 
    1 

    0 
   -1 
    0 
    0 
   -4 
   -1 
    6 
   -6 
   -1 
    5 
   -3 
    2 
    6 
   -6 
    6 
   -9 
    3 
    9 
    4 
    0 
   -8 
   -8 
   -4 
    6 
  -14 
    1 
    5 
    0 
  -12 
   -6 
   18 
   14 
    8 
   -8 
    7 
   17 
   -9 
   11 
  -11 
    3 
   -8 
   20 
    8 
  -16 
   -2 
   10 
   22 
  -10 
  -22 
    7 
  -25 
  -16 
    4 
    1 
   19 
  -19 
  -17 
   14 
    2 
    8 
  -24 
   -7 
  -11 
    0 
   -8 
   12 
   28 
  -17 
   23 
  -22 
   -2 
   16 
    8 
   28 
  -24 
  -16 
   12 
    8 
    0 
   21 
   17 
  -15 
   19 
  -26 
  -10 
   10 
   14 
   12 
  -12 
   -3 
   13 
   35 
  -11 
    1 
   23 
  -33 
   11 
  -24 
    4 
  -21 
