2 5
100
   -1    -1 
    0     0 
    8     8 
    1     1 
    3 1     3 1 
114588 12732 
    0 -157     0 110 
    5 0     3 0 
 -534 0   623 0 
    1 -1     1 -1 
 3183 -15915 

    1    -1 
    1    -1 

   -3    -3 
   -5    -2 
    3     6 
    3     6 
   -5    -2 
   -5    -2 
    7     2 
    7     2 
   -9    -6 
    0    -6 
    0    -6 
   -2    10 
   -2    10 
  -12    12 
  -12    12 
    2   -10 
    4   -10 
    4   -10 
   12    12 
  -10     4 
  -10     4 
    7    10 
    7    10 
   12    -6 
   12    -6 
   -1     1 
   -1     1 
   -9    -6 
   -9    -6 
  -10    -8 
  -10    -8 
  -18    -6 
    3     6 
    3     6 
   16     8 
   16     8 
    4     2 
    4     2 
   -8    22 
   -8    22 
   -2   -14 
   -2   -14 
   25    22 
   25    22 
  -12     0 
  -12     0 
  -22   -22 
   -1    22 
   -1    22 
   22   -14 
   22   -14 
  -14   -14 
  -14   -14 
    2    20 
    2    20 
  -12    18 
  -12    18 
  -16   -16 
  -16   -16 
   24     0 
   24     0 
   10   -14 
   10   -14 
   21    18 
   21    18 
  -16    16 
  -16    16 
  -13   -14 
  -13   -14 
  -29    -2 
  -29    -2 
   10     4 
   10     4 
  -18    -6 
  -18    -6 
   -2   -32 
   -2   -32 
   17    -2 
   17    -2 
   -8   -14 
   -8   -14 
    0    18 
    0    18 
   12   -30 
   12   -30 
    4   -14 
    4   -14 
   15     6 
   15     6 
    0   -30 
    0   -30 
   27    18 
   27    18 
  -11    10 
  -11    10 
   -9    18 
   -9    18 
   -2   -38 
   -2   -38 
  -30    18 
