[2,1,1]   0  1 
[4,0,2]   0  2 
[5,2,1]   0  1 
[5,3,1]   0  1 
[8,2,2]   0  3 
[9,0,3]   0  1 
[10,3,1]   0  3 
[10,7,1]   0  3 
[13,5,1]   0  1 
[13,8,1]   0  1 
[16,0,4]   0  4 
[17,4,1]   0  1 
[17,13,1]   0  1 
[18,3,3]   0  3 
[20,4,2]   0  5 
[20,6,2]   0  5 
[25,0,5]   0  3 
[25,7,1]   0  2 
[25,18,1]   0  2 
[26,5,1]   0  3 
[26,21,1]   0  3 
[29,12,1]   0  1 
[29,17,1]   0  1 
[32,4,4]   0  5 
[34,13,1]   0  3 
[34,21,1]   0  3 
[36,0,6]   0  5 
[37,6,1]   0  1 
[37,31,1]   0  1 
[40,6,2]   0  7 
[40,14,2]   0  7 
[41,9,1]   0  1 
[41,32,1]   0  1 
[45,6,3]   0  3 
[45,9,3]   0  3 
[49,0,7]   0  1 
[50,5,5]   0  7 
[50,7,1]   0  5 
[50,43,1]   0  5 
[52,10,2]   0  5 
[52,16,2]   0  5 
[53,23,1]   0  1 
[53,30,1]   0  1 
[58,17,1]   0  3 
[58,41,1]   0  3 
[61,11,1]   0  1 
[61,50,1]   0  1 
[64,0,8]   0  6 
[65,8,1]   0  3 
[65,18,1]   1  3 
[65,47,1]   1  3 
[65,57,1]   0  3 
[68,8,2]   0  5 
[68,26,2]   0  5 
[72,6,6]   1  7 
[73,27,1]   0  1 
[73,46,1]   0  1 
[74,31,1]   0  3 
[74,43,1]   0  3 
[80,8,4]   0  9 
[80,12,4]   0  9 
[81,0,9]   0  3 
[82,9,1]   0  3 
[82,73,1]   0  3 
[85,13,1]   0  3 
[85,38,1]   0  3 
[85,47,1]   0  3 
[85,72,1]   0  3 
[89,34,1]   0  1 
[89,55,1]   0  1 
[90,9,3]   0  7 
[90,21,3]   0  7 
[97,22,1]   0  1 
[97,75,1]   0  1 
[98,7,7]   1  3 
[100,0,10]   1 11 
[100,14,2]   0  8 
[100,36,2]   0  8 
[101,10,1]   0  1 
[101,91,1]   0  1 
[104,10,2]   0  7 
[104,42,2]   0  7 
[106,23,1]   1  3 
[106,83,1]   1  3 
[109,33,1]   0  1 
[109,76,1]   0  1 
[113,15,1]   0  1 
[113,98,1]   0  1 
[116,24,2]   0  5 
[116,34,2]   0  5 
[117,15,3]   0  3 
[117,24,3]   0  3 
[121,0,11]   1  1 
[122,11,1]   0  3 
[122,111,1]   0  3 
[125,10,5]   0  5 
[125,15,5]   0  5 
[125,57,1]   0  3 
[125,68,1]   0  3 
[128,8,8]   0  7 
[130,47,1]   2  7 
[130,57,1]   1  7 
[130,73,1]   1  7 
[130,83,1]   2  7 
[136,26,2]   0  7 
[136,42,2]   0  7 
[137,37,1]   0  1 
[137,100,1]   0  1 
[144,0,12]   2  9 
[145,12,1]   0  3 
[145,17,1]   0  3 
[145,128,1]   0  3 
[145,133,1]   0  3 
[146,27,1]   0  3 
[146,119,1]   0  3 
[148,12,2]   0  5 
[148,62,2]   0  5 
[149,44,1]   0  1 
[149,105,1]   0  1 
[153,12,3]   0  3 
[153,39,3]   0  3 
[157,28,1]   0  1 
[157,129,1]   0  1 
[160,12,4]   1 11 
[160,28,4]   1 11 
[162,9,9]   0  7 
[164,18,2]   1  5 
[164,64,2]   1  5 
[169,0,13]   0  3 
[169,70,1]   0  4 
[169,99,1]   0  4 
[170,13,1]   0  7 
[170,47,1]   0  7 
[170,123,1]   0  7 
[170,157,1]   0  7 
[173,80,1]   0  1 
[173,93,1]   0  1 
[178,55,1]   0  3 
[178,123,1]   0  3 
[180,12,6]   0 11 
[180,18,6]   0 11 
[181,19,1]   0  1 
[181,162,1]   0  1 
[185,43,1]   0  3 
[185,68,1]   0  3 
[185,117,1]   0  3 
[185,142,1]   0  3 
[193,81,1]   0  1 
[193,112,1]   0  1 
[194,75,1]   2  3 
[194,119,1]   2  3 
[196,0,14]   2  5 
[197,14,1]   0  1 
[197,183,1]   0  1 
[200,10,10]   3 15 
[200,14,2]   0 11 
[200,86,2]   0 11 
[202,91,1]   0  3 
[202,111,1]   0  3 
[205,32,1]   0  3 
[205,73,1]   0  3 
[205,132,1]   0  3 
[205,173,1]   0  3 
[208,20,4]   0  9 
[208,32,4]   0  9 
[212,46,2]   2  5 
[212,60,2]   2  5 
[218,33,1]   0  3 
[218,185,1]   0  3 
[221,21,1]   0  3 
[221,47,1]   0  3 
[221,174,1]   0  3 
[221,200,1]   0  3 
[225,0,15]   1  7 
[225,21,3]   0  5 
[225,54,3]   0  5 
[226,15,1]   0  3 
[226,211,1]   0  3 
[229,107,1]   0  1 
[229,122,1]   0  1 
[232,34,2]   0  7 
[232,82,2]   0  7 
[233,89,1]   1  1 
[233,144,1]   1  1 
[234,15,3]   0  7 
[234,63,3]   0  7 
[241,64,1]   0  1 
[241,177,1]   0  1 
[242,11,11]   2  3 
[244,22,2]   0  5 
[244,100,2]   0  5 
[245,14,7]   0  3 
[245,21,7]   0  3 
[250,15,5]   0 11 
[250,35,5]   0 11 
[250,57,1]   0  7 
[250,193,1]   0  7 
[256,0,16]   0  9 
[257,16,1]   1  1 
[257,241,1]   1  1 
[260,16,2]   2 11 
[260,36,2]   3 11 
[260,94,2]   3 11 
[260,114,2]   2 11 
[261,36,3]   0  3 
[261,51,3]   0  3 
[265,23,1]   0  3 
[265,83,1]   1  3 
[265,182,1]   1  3 
[265,242,1]   0  3 
[269,82,1]   0  1 
[269,187,1]   0  1 
[272,16,4]   1  9 
[272,52,4]   1  9 
[274,37,1]   0  3 
[274,237,1]   0  3 
[277,60,1]   1  1 
[277,217,1]   1  1 
[281,53,1]   0  1 
[281,228,1]   0  1 
[288,12,12]   3 11 
[289,0,17]   1  3 
[289,38,1]   0  5 
[289,251,1]   0  5 
[290,17,1]   1  7 
[290,133,1]   0  7 
[290,157,1]   0  7 
[290,273,1]   1  7 
[292,54,2]   0  5 
[292,92,2]   0  5 
[293,138,1]   0  1 
[293,155,1]   0  1 
[296,62,2]   0  7 
[296,86,2]   0  7 
[298,105,1]   0  3 
[298,193,1]   0  3 
[305,72,1]   0  3 
[305,133,1]   0  3 
[305,172,1]   0  3 
[305,233,1]   0  3 
[306,39,3]   0  7 
[306,63,3]   0  7 
[313,25,1]   0  1 
[313,288,1]   0  1 
[314,129,1]   1  3 
[314,185,1]   1  3 
[317,114,1]   0  1 
[317,203,1]   0  1 
[320,16,8]   2 13 
[320,24,8]   2 13 
[324,0,18]   1 11 
[325,25,5]   2  7 
[325,40,5]   2  7 
[325,18,1]   2  5 
[325,57,1]   1  5 
[325,268,1]   1  5 
[325,307,1]   2  5 
[328,18,2]   2  7 
[328,146,2]   2  7 
[333,18,3]   0  3 
[333,93,3]   0  3 
[337,148,1]   0  1 
[337,189,1]   0  1 
[338,13,13]   2  7 
[338,99,1]   0  9 
[338,239,1]   0  9 
[340,26,2]   1 11 
[340,76,2]   0 11 
[340,94,2]   0 11 
[340,144,2]   1 11 
[346,93,1]   0  3 
[346,253,1]   0  3 
[349,136,1]   0  1 
[349,213,1]   0  1 
[353,42,1]   0  1 
[353,311,1]   0  1 
[356,68,2]   0  5 
[356,110,2]   0  5 
[360,18,6]   2 15 
[360,42,6]   2 15 
[361,0,19]   1  1 
[362,19,1]   1  3 
[362,343,1]   1  3 
[365,27,1]   0  3 
[365,173,1]   0  3 
[365,192,1]   0  3 
[365,338,1]   0  3 
[369,27,3]   0  3 
[369,96,3]   0  3 
[370,43,1]   0  7 
[370,117,1]   0  7 
[370,253,1]   0  7 
[370,327,1]   0  7 
[373,104,1]   0  1 
[373,269,1]   0  1 
[377,70,1]   3  3 
[377,99,1]   0  3 
[377,278,1]   0  3 
[377,307,1]   3  3 
[386,81,1]   0  3 
[386,305,1]   0  3 
[388,44,2]   4  5 
[388,150,2]   4  5 
[389,115,1]   0  1 
[389,274,1]   0  1 
[392,14,14]   5  7 
[394,183,1]   0  3 
[394,211,1]   0  3 
[397,63,1]   0  1 
[397,334,1]   0  1 
[400,0,20]   5 19 
[400,28,4]   0 15 
[400,72,4]   0 15 
[401,20,1]   0  1 
[401,381,1]   0  1 
[404,20,2]   0  5 
[404,182,2]   0  5 
[405,18,9]   0  7 
[405,27,9]   0  7 
[409,143,1]   0  1 
[409,266,1]   0  1 
[410,73,1]   2  7 
[410,173,1]   1  7 
[410,237,1]   1  7 
[410,337,1]   2  7 
[416,20,4]   0 11 
[416,84,4]   0 11 
[421,29,1]   0  1 
[421,392,1]   0  1 
[424,46,2]   3  7 
[424,166,2]   3  7 
[425,20,5]   0  7 
[425,65,5]   0  7 
[425,132,1]   0  5 
[425,157,1]   1  5 
[425,268,1]   1  5 
[425,293,1]   0  5 
[433,179,1]   0  1 
[433,254,1]   0  1 
[436,66,2]   0  5 
[436,152,2]   0  5 
[441,0,21]   1  3 
[442,21,1]   0  7 
[442,47,1]   1  7 
[442,395,1]   1  7 
[442,421,1]   0  7 
[445,123,1]   0  3 
[445,212,1]   0  3 
[445,233,1]   0  3 
[445,322,1]   0  3 
[449,67,1]   0  1 
[449,382,1]   0  1 
[450,15,15]   3 15 
[450,21,3]   1 11 
[450,129,3]   1 11 
[452,30,2]   0  5 
[452,196,2]   0  5 
[457,109,1]   0  1 
[457,348,1]   0  1 
[458,107,1]   0  3 
[458,351,1]   0  3 
[461,48,1]   0  1 
[461,413,1]   0  1 
[464,48,4]   0  9 
[464,68,4]   0  9 
[466,89,1]   2  3 
[466,377,1]   2  3 
[468,30,6]   0 11 
[468,48,6]   0 11 
[477,69,3]   0  3 
[477,90,3]   0  3 
[481,31,1]   0  3 
[481,216,1]   0  3 
[481,265,1]   0  3 
[481,450,1]   0  3 
[482,177,1]   0  3 
[482,305,1]   0  3 
[484,0,22]   4  5 
[485,22,1]   0  3 
[485,172,1]   2  3 
[485,313,1]   2  3 
[485,463,1]   0  3 
[488,22,2]   0  7 
[488,222,2]   0  7 
[490,21,7]   2  7 
[490,49,7]   2  7 
[493,157,1]   0  3 
[493,191,1]   0  3 
[493,302,1]   0  3 
[493,336,1]   0  3 
[500,20,10]   2 17 
[500,30,10]   2 17 
[500,114,2]   0 11 
[500,136,2]   0 11 
[505,192,1]   1  3 
[505,212,1]   0  3 
[505,293,1]   0  3 
[505,313,1]   1  3 
[509,208,1]   1  1 
[509,301,1]   1  1 
[512,16,16]   2 11 
[514,241,1]   2  3 
[514,273,1]   2  3 
[520,94,2]   4 15 
[520,114,2]   4 15 
[520,146,2]   4 15 
[520,166,2]   4 15 
[521,235,1]   0  1 
[521,286,1]   0  1 
[522,51,3]   0  7 
[522,123,3]   0  7 
[529,0,23]   2  1 
[530,23,1]   3  7 
[530,83,1]   6  7 
[530,447,1]   6  7 
[530,507,1]   3  7 
[533,73,1]   0  3 
[533,255,1]   1  3 
[533,278,1]   1  3 
[533,460,1]   0  3 
[538,187,1]   2  3 
[538,351,1]   2  3 
[541,52,1]   0  1 
[541,489,1]   0  1 
[544,52,4]   2 11 
[544,84,4]   2 11 
[545,33,1]   0  3 
[545,142,1]   0  3 
[545,403,1]   0  3 
[545,512,1]   0  3 
[548,74,2]   0  5 
[548,200,2]   0  5 
[549,33,3]   0  3 
[549,150,3]   0  3 
[554,217,1]   2  3 
[554,337,1]   2  3 
[557,118,1]   0  1 
[557,439,1]   0  1 
[562,53,1]   0  3 
[562,509,1]   0  3 
[565,98,1]   1  3 
[565,128,1]   1  3 
[565,437,1]   1  3 
[565,467,1]   1  3 
[569,86,1]   0  1 
[569,483,1]   0  1 
[576,0,24]   5 13 
[577,24,1]   0  1 
[577,553,1]   0  1 
[578,17,17]   3  7 
[578,251,1]   0 11 
[578,327,1]   0 11 
[580,24,2]   0 11 
[580,34,2]   2 11 
[580,256,2]   2 11 
[580,266,2]   0 11 
[584,54,2]   0  7 
[584,238,2]   0  7 
[585,24,3]   0  7 
[585,54,3]   3  7 
[585,141,3]   3  7 
[585,171,3]   0  7 
[586,155,1]   0  3 
[586,431,1]   0  3 
[592,24,4]   0  9 
[592,124,4]   0  9 
[593,77,1]   0  1 
[593,516,1]   0  1 
[596,88,2]   0  5 
[596,210,2]   0  5 
[601,125,1]   0  1 
[601,476,1]   0  1 
[605,22,11]   2  3 
[605,33,11]   2  3 
[610,133,1]   1  7 
[610,233,1]   0  7 
[610,377,1]   0  7 
[610,477,1]   1  7 
[612,24,6]   1 11 
[612,78,6]   1 11 
[613,35,1]   0  1 
[613,578,1]   0  1 
[617,194,1]   0  1 
[617,423,1]   0  1 
[625,0,25]   0 11 
[625,35,5]   0  7 
[625,90,5]   0  7 
[625,182,1]   0  8 
[625,443,1]   0  8 
[626,25,1]   0  3 
[626,601,1]   0  3 
[628,56,2]   2  5 
[628,258,2]   2  5 
[629,191,1]   0  3 
[629,302,1]   1  3 
[629,327,1]   1  3 
[629,438,1]   0  3 
[634,203,1]   0  3 
[634,431,1]   0  3 
[637,35,7]   0  3 
[637,56,7]   0  3 
[640,24,8]   4 15 
[640,56,8]   4 15 
[641,154,1]   0  1 
[641,487,1]   0  1 
[648,18,18]   5 15 
[650,25,5]   7 15 
[650,105,5]   7 15 
[650,57,1]   4 11 
[650,307,1]   4 11 
[650,343,1]   4 11 
[650,593,1]   4 11 
[653,149,1]   0  1 
[653,504,1]   0  1 
[656,36,4]   4  9 
[656,128,4]   4  9 
[657,81,3]   1  3 
[657,138,3]   1  3 
[661,106,1]   0  1 
[661,555,1]   0  1 
[666,93,3]   0  7 
[666,129,3]   0  7 
[673,58,1]   0  1 
[673,615,1]   0  1 
[674,189,1]   1  3 
[674,485,1]   1  3 
[676,0,26]   5 11 
[676,140,2]   0 14 
[676,198,2]   0 14 
[677,26,1]   0  1 
[677,651,1]   0  1 
[680,26,2]   4 15 
[680,94,2]   0 15 
[680,246,2]   0 15 
[680,314,2]   4 15 
[685,37,1]   0  3 
[685,237,1]   0  3 
[685,448,1]   0  3 
[685,648,1]   0  3 
[689,83,1]   0  3 
[689,242,1]   0  3 
[689,447,1]   0  3 
[689,606,1]   0  3 
[692,160,2]   0  5 
[692,186,2]   0  5 
[697,132,1]   0  3 
[697,319,1]   0  3 
[697,378,1]   0  3 
[697,565,1]   0  3 
[698,213,1]   0  3 
[698,485,1]   0  3 
[701,135,1]   0  1 
[701,566,1]   0  1 
[706,311,1]   0  3 
[706,395,1]   0  3 
[709,96,1]   2  1 
[709,613,1]   2  1 
[712,110,2]   0  7 
[712,246,2]   0  7 
[720,24,12]   5 19 
[720,36,12]   5 19 
[722,19,19]   4  3 
[724,38,2]   2  5 
[724,324,2]   2  5 
[725,60,5]   2  7 
[725,85,5]   2  7 
[725,157,1]   1  5 
[725,307,1]   2  5 
[725,418,1]   2  5 
[725,568,1]   1  5 
[729,0,27]   1  5 
[730,27,1]   1  7 
[730,173,1]   0  7 
[730,557,1]   0  7 
[730,703,1]   1  7 
[733,353,1]   0  1 
[733,380,1]   0  1 
[738,27,3]   0  7 
[738,219,3]   0  7 
[740,86,2]   0 11 
[740,136,2]   1 11 
[740,234,2]   1 11 
[740,284,2]   0 11 
[745,193,1]   0  3 
[745,342,1]   0  3 
[745,403,1]   0  3 
[745,552,1]   0  3 
[746,269,1]   1  3 
[746,477,1]   1  3 
[754,99,1]   0  7 
[754,307,1]   6  7 
[754,447,1]   6  7 
[754,655,1]   0  7 
[757,87,1]   1  1 
[757,670,1]   1  1 
[761,39,1]   0  1 
[761,722,1]   0  1 
[765,39,3]   1  7 
[765,114,3]   0  7 
[765,141,3]   0  7 
[765,216,3]   1  7 
[769,62,1]   0  1 
[769,707,1]   0  1 
[772,162,2]   1  5 
[772,224,2]   1  5 
[773,317,1]   0  1 
[773,456,1]   0  1 
[776,150,2]   6  7 
[776,238,2]   6  7 
[778,115,1]   0  3 
[778,663,1]   0  3 
[784,0,28]   8  9 
[785,28,1]   1  3 
[785,342,1]   2  3 
[785,443,1]   2  3 
[785,757,1]   1  3 
[788,28,2]   0  5 
[788,366,2]   0  5 
[793,255,1]   0  3 
[793,294,1]   1  3 
[793,499,1]   1  3 
[793,538,1]   0  3 
[794,63,1]   0  3 
[794,731,1]   0  3 
[797,215,1]   0  1 
[797,582,1]   0  1 
[800,20,20]  11 23 
[800,28,4]   3 19 
[800,172,4]   3 19 
[801,102,3]   0  3 
[801,165,3]   0  3 
[802,381,1]   0  3 
[802,421,1]   0  3 
[808,182,2]   0  7 
[808,222,2]   0  7 
[809,318,1]   0  1 
[809,491,1]   0  1 
[810,27,9]   0 15 
[810,63,9]   0 15 
[818,143,1]   0  3 
[818,675,1]   0  3 
[820,64,2]   4 11 
[820,146,2]   6 11 
[820,264,2]   6 11 
[820,346,2]   4 11 
[821,295,1]   0  1 
[821,526,1]   0  1 
[829,246,1]   0  1 
[829,583,1]   0  1 
[832,40,8]   0 13 
[832,64,8]   0 13 
[833,28,7]   3  3 
[833,91,7]   3  3 
[841,0,29]   2  3 
[841,41,1]   1  8 
[841,800,1]   1  8 
[842,29,1]   0  3 
[842,813,1]   0  3 
[845,26,13]   2  7 
[845,39,13]   2  7 
[845,268,1]   0  9 
[845,408,1]   2  9 
[845,437,1]   2  9 
[845,577,1]   0  9 
[848,92,4]   5  9 
[848,120,4]   5  9 
[850,65,5]   1 15 
[850,105,5]   1 15 
[850,157,1]   3 11 
[850,293,1]   0 11 
[850,557,1]   0 11 
[850,693,1]   3 11 
[853,333,1]   1  1 
[853,520,1]   1  1 
[857,207,1]   0  1 
[857,650,1]   0  1 
[865,93,1]   0  3 
[865,253,1]   0  3 
[865,612,1]   0  3 
[865,772,1]   0  3 
[866,179,1]   1  3 
[866,687,1]   1  3 
[872,66,2]   0  7 
[872,370,2]   0  7 
[873,66,3]   0  3 
[873,225,3]   0  3 
[877,151,1]   0  1 
[877,726,1]   0  1 
[881,387,1]   0  1 
[881,494,1]   0  1 
[882,21,21]   7  7 
[884,42,2]   0 11 
[884,94,2]   2 11 
[884,348,2]   2 11 
[884,400,2]   0 11 
[890,123,1]   0  7 
[890,233,1]   0  7 
[890,657,1]   0  7 
[890,767,1]   0  7 
[898,67,1]   0  3 
[898,831,1]   0  3 
[900,0,30]   7 23 
[900,42,6]   3 17 
[900,108,6]   3 17 
[901,30,1]   0  3 
[901,242,1]   0  3 
[901,659,1]   0  3 
[901,871,1]   0  3 
[904,30,2]   1  7 
[904,422,2]   1  7 
[905,162,1]   0  3 
[905,343,1]   0  3 
[905,562,1]   0  3 
[905,743,1]   0  3 
[909,30,3]   0  3 
[909,273,3]   0  3 
[914,109,1]   0  3 
[914,805,1]   0  3 
[916,214,2]   0  5 
[916,244,2]   0  5 
[922,413,1]   0  3 
[922,509,1]   0  3 
[925,30,5]   1  7 
[925,155,5]   1  7 
[925,43,1]   3  5 
[925,68,1]   0  5 
[925,857,1]   0  5 
[925,882,1]   3  5 
[928,68,4]   0 11 
[928,164,4]   0 11 
[929,324,1]   0  1 
[929,605,1]   0  1 
[932,178,2]   3  5 
[932,288,2]   3  5 
[936,30,6]   2 15 
[936,126,6]   2 15 
[937,196,1]   0  1 
[937,741,1]   0  1 
[941,97,1]   0  1 
[941,844,1]   0  1 
[949,265,1]   0  3 
[949,411,1]   0  3 
[949,538,1]   0  3 
[949,684,1]   0  3 
[953,442,1]   2  1 
[953,511,1]   2  1 
[954,69,3]   2  7 
[954,249,3]   2  7 
[961,0,31]   2  1 
[962,31,1]   1  7 
[962,265,1]   2  7 
[962,697,1]   2  7 
[962,931,1]   1  7 
[964,128,2]   0  5 
[964,354,2]   0  5 
[965,112,1]   0  3 
[965,467,1]   2  3 
[965,498,1]   2  3 
[965,853,1]   0  3 
[968,22,22]   9  7 
[970,313,1]   8  7 
[970,463,1]   5  7 
[970,507,1]   5  7 
[970,657,1]   8  7 
[976,44,4]   0  9 
[976,200,4]   0  9 
[977,252,1]   0  1 
[977,725,1]   0  1 
[980,28,14]   4 11 
[980,42,14]   4 11 
[981,99,3]   0  3 
[981,228,3]   0  3 
[985,183,1]   1  3 
[985,408,1]   0  3 
[985,577,1]   0  3 
[985,802,1]   1  3 
[986,157,1]   0  7 
[986,191,1]   1  7 
[986,795,1]   1  7 
[986,829,1]   0  7 
[997,161,1]   0  1 
[997,836,1]   0  1 
[1000,30,10]   6 23 
[1000,70,10]   6 23 
[1000,114,2]   0 15 
[1000,386,2]   0 15 
[1009,469,1]   0  1 
[1009,540,1]   0  1 
[1010,293,1]   1  7 
[1010,313,1]   3  7 
[1010,697,1]   3  7 
[1010,717,1]   1  7 
[1013,45,1]   0  1 
[1013,968,1]   0  1 
[1017,45,3]   0  3 
[1017,294,3]   0  3 
[1018,301,1]   3  3 
[1018,717,1]   3  3 
[1021,374,1]   0  1 
[1021,647,1]   0  1 
[1024,0,32]   6 15 
[1025,45,5]   0  7 
[1025,160,5]   0  7 
[1025,32,1]   2  5 
[1025,132,1]   0  5 
[1025,893,1]   0  5 
[1025,993,1]   2  5 
[1028,32,2]   3  5 
[1028,482,2]   3  5 
[1033,355,1]   0  1 
[1033,678,1]   0  1 
[1037,72,1]   0  3 
[1037,438,1]   0  3 
[1037,599,1]   0  3 
[1037,965,1]   0  3 
[1040,32,4]   8 19 
[1040,72,4]   6 19 
[1040,188,4]   6 19 
[1040,228,4]   8 19 
[1042,235,1]   2  3 
[1042,807,1]   2  3 
[1044,72,6]   0 11 
[1044,102,6]   0 11 
[1049,426,1]   1  1 
[1049,623,1]   1  1 
[1053,45,9]   0  7 
[1053,72,9]   0  7 
[1058,23,23]   5  3 
[1060,46,2]   6 11 
[1060,166,2]  11 11 
[1060,364,2]  11 11 
[1060,484,2]   6 11 
[1061,103,1]   0  1 
[1061,958,1]   0  1 
[1066,73,1]   3  7 
[1066,255,1]   3  7 
[1066,811,1]   3  7 
[1066,993,1]   3  7 
[1069,249,1]   0  1 
[1069,820,1]   0  1 
[1073,191,1]   1  3 
[1073,302,1]   0  3 
[1073,771,1]   0  3 
[1073,882,1]   1  3 
[1076,164,2]   5  5 
[1076,374,2]   5  5 
[1082,489,1]   0  3 
[1082,593,1]   0  3 
[1088,32,8]   3 13 
[1088,104,8]   3 13 
[1089,0,33]   3  3 
[1090,33,1]   1  7 
[1090,403,1]   0  7 
[1090,687,1]   0  7 
[1090,1057,1]   1  7 
[1093,530,1]   0  1 
[1093,563,1]   0  1 
[1096,74,2]   0  7 
[1096,474,2]   0  7 
[1097,341,1]   0  1 
[1097,756,1]   0  1 
[1098,33,3]   0  7 
[1098,333,3]   0  7 
[1105,47,1]   2  7 
[1105,242,1]   3  7 
[1105,268,1]   0  7 
[1105,463,1]   1  7 
[1105,642,1]   1  7 
[1105,837,1]   0  7 
[1105,863,1]   3  7 
[1105,1058,1]   2  7 
[1108,120,2]   4  5 
[1108,434,2]   4  5 
[1109,354,1]   0  1 
[1109,755,1]   0  1 
[1114,439,1]   0  3 
[1114,675,1]   0  3 
[1117,214,1]   0  1 
[1117,903,1]   0  1 
[1124,106,2]   0  5 
[1124,456,2]   0  5 
[1125,30,15]   2 11 
[1125,45,15]   2 11 
[1125,171,3]   0  7 
[1125,204,3]   0  7 
[1129,168,1]   0  1 
[1129,961,1]   0  1 
[1130,437,1]   2  7 
[1130,467,1]   4  7 
[1130,663,1]   4  7 
[1130,693,1]   2  7 
[1138,483,1]   0  3 
[1138,655,1]   0  3 
[1145,107,1]   0  3 
[1145,122,1]   1  3 
[1145,1023,1]   1  3 
[1145,1038,1]   0  3 
[1152,24,24]   9 15 
[1153,140,1]   1  1 
[1153,1013,1]   1  1 
[1154,553,1]   0  3 
[1154,601,1]   0  3 
[1156,0,34]   7 11 
[1156,76,2]   0 17 
[1156,502,2]   0 17 
[1157,34,1]   0  3 
[1157,411,1]   0  3 
[1157,746,1]   0  3 
[1157,1123,1]   0  3 
[1160,34,2]   5 15 
[1160,266,2]   0 15 
[1160,314,2]   0 15 
[1160,546,2]   5 15 
[1165,322,1]   3  3 
[1165,377,1]   2  3 
[1165,788,1]   2  3 
[1165,843,1]   3  3 
[1168,108,4]   0  9 
[1168,184,4]   0  9 
[1170,141,3]   6 15 
[1170,171,3]   2 15 
[1170,219,3]   2 15 
[1170,249,3]   6 15 
[1172,276,2]   0  5 
[1172,310,2]   0  5 
[1181,243,1]   0  1 
[1181,938,1]   0  1 
[1184,124,4]   0 11 
[1184,172,4]   0 11 
[1186,77,1]   1  3 
[1186,1109,1]   1  3 
[1189,278,1]   0  3 
[1189,360,1]   0  3 
[1189,829,1]   0  3 
[1189,911,1]   0  3 
[1192,210,2]   0  7 
[1192,386,2]   0  7 
[1193,186,1]   0  1 
[1193,1007,1]   0  1 
[1201,49,1]   0  1 
[1201,1152,1]   0  1 
[1202,125,1]   0  3 
[1202,1077,1]   0  3 
[1205,177,1]   0  3 
[1205,418,1]   0  3 
[1205,787,1]   0  3 
[1205,1028,1]   0  3 
[1210,33,11]   4  7 
[1210,77,11]   4  7 
[1213,495,1]   0  1 
[1213,718,1]   0  1 
[1217,78,1]   0  1 
[1217,1139,1]   0  1 
[1220,144,2]   0 11 
[1220,266,2]   2 11 
[1220,344,2]   2 11 
[1220,466,2]   0 11 
[1224,78,6]   4 15 
[1224,126,6]   4 15 
[1225,0,35]   3  7 
[1225,49,7]   0  5 
[1225,126,7]   0  5 
[1226,35,1]   1  3 
[1226,1191,1]   1  3 
[1229,597,1]   0  1 
[1229,632,1]   0  1 
[1233,111,3]   0  3 
[1233,300,3]   0  3 
[1234,423,1]   0  3 
[1234,811,1]   0  3 
[1237,546,1]   0  1 
[1237,691,1]   0  1 
[1241,319,1]   0  3 
[1241,557,1]   0  3 
[1241,684,1]   0  3 
[1241,922,1]   0  3 
[1249,585,1]   0  1 
[1249,664,1]   0  1 
[1250,25,25]   2 23 
[1250,35,5]   0 15 
[1250,215,5]   0 15 
[1250,443,1]   0 17 
[1250,807,1]   0 17 
[1252,50,2]   0  5 
[1252,576,2]   0  5 
[1256,258,2]   3  7 
[1256,370,2]   3  7 
[1258,191,1]   0  7 
[1258,327,1]   3  7 
[1258,931,1]   3  7 
[1258,1067,1]   0  7 
[1261,216,1]   0  3 
[1261,463,1]   0  3 
[1261,798,1]   0  3 
[1261,1045,1]   0  3 
[1268,228,2]   0  5 
[1268,406,2]   0  5 
[1274,35,7]   2  7 
[1274,147,7]   2  7 
[1277,113,1]   0  1 
[1277,1164,1]   0  1 
[1280,32,16]   8 19 
[1280,48,16]   8 19 
[1282,487,1]   0  3 
[1282,795,1]   0  3 
[1285,273,1]   2  3 
[1285,498,1]   2  3 
[1285,787,1]   2  3 
[1285,1012,1]   2  3 
[1289,479,1]   0  1 
[1289,810,1]   0  1 
[1296,0,36]   9 21 
[1297,36,1]   0  1 
[1297,1261,1]   0  1 
[1300,50,10]  15 23 
[1300,80,10]  15 23 
[1300,36,2]   7 17 
[1300,114,2]   7 17 
[1300,536,2]   7 17 
[1300,614,2]   7 17 
[1301,51,1]   0  1 
[1301,1250,1]   0  1 
[1305,36,3]   0  7 
[1305,51,3]   0  7 
[1305,384,3]   0  7 
[1305,399,3]   0  7 
[1306,149,1]   0  3 
[1306,1157,1]   0  3 
[1312,36,4]   8 11 
[1312,292,4]   8 11 
[1313,515,1]   0  3 
[1313,616,1]   0  3 
[1313,697,1]   0  3 
[1313,798,1]   0  3 
[1314,81,3]   2  7 
[1314,357,3]   2  7 
[1321,257,1]   2  1 
[1321,1064,1]   2  1 
[1322,555,1]   0  3 
[1322,767,1]   0  3 
[1325,115,5]   2  7 
[1325,150,5]   2  7 
[1325,182,1]   2  5 
[1325,507,1]   0  5 
[1325,818,1]   0  5 
[1325,1143,1]   2  5 
[1332,36,6]   2 11 
[1332,186,6]   2 11 
[1341,132,3]   1  3 
[1341,315,3]   1  3 
[1345,82,1]   0  3 
[1345,187,1]   0  3 
[1345,1158,1]   0  3 
[1345,1263,1]   0  3 
[1346,615,1]   1  3 
[1346,731,1]   1  3 
[1348,296,2]   2  5 
[1348,378,2]   2  5 
[1352,26,26]  11 15 
[1352,198,2]   1 19 
[1352,478,2]   1 19 
[1354,651,1]   1  3 
[1354,703,1]   1  3 
[1360,52,4]   9 19 
[1360,152,4]   2 19 
[1360,188,4]   2 19 
[1360,288,4]   9 19 
[1361,614,1]   0  1 
[1361,747,1]   0  1 
[1369,0,37]   2  3 
[1369,117,1]   0 10 
[1369,1252,1]   0 10 
[1370,37,1]   1  7 
[1370,237,1]   1  7 
[1370,1133,1]   1  7 
[1370,1333,1]   1  7 
[1373,668,1]   1  1 
[1373,705,1]   1  1 
[1377,36,9]   0  7 
[1377,117,9]   0  7 
[1378,83,1]   4  7 
[1378,447,1]   2  7 
[1378,931,1]   2  7 
[1378,1295,1]   4  7 
[1381,366,1]   0  1 
[1381,1015,1]   0  1 
[1384,186,2]   0  7 
[1384,506,2]   0  7 
[1385,217,1]   2  3 
[1385,337,1]   2  3 
[1385,1048,1]   2  3 
[1385,1168,1]   2  3 
[1394,319,1]   0  7 
[1394,565,1]   0  7 
[1394,829,1]   0  7 
[1394,1075,1]   0  7 
[1396,272,2]   0  5 
[1396,426,2]   0  5 
[1402,135,1]   0  3 
[1402,1267,1]   0  3 
[1405,53,1]   0  3 
[1405,228,1]   0  3 
[1405,1177,1]   0  3 
[1405,1352,1]   0  3 
[1409,452,1]   0  1 
[1409,957,1]   0  1 
[1412,84,2]   1  5 
[1412,622,2]   1  5 
[1413,84,3]   0  3 
[1413,387,3]   0  3 
[1417,294,1]   0  3 
[1417,512,1]   1  3 
[1417,905,1]   1  3 
[1417,1123,1]   0  3 
[1418,613,1]   4  3 
[1418,805,1]   4  3 
[1421,84,7]   0  3 
[1421,119,7]   0  3 
[1424,136,4]   0  9 
[1424,220,4]   0  9 
[1429,620,1]   0  1 
[1429,809,1]   0  1 
[1433,542,1]   0  1 
[1433,891,1]   0  1 
[1440,36,12]  10 23 
[1440,84,12]  10 23 
[1444,0,38]   8  5 
[1445,34,17]   5  7 
[1445,51,17]   5  7 
[1445,38,1]   0 11 
[1445,327,1]   0 11 
[1445,1118,1]   0 11 
[1445,1407,1]   0 11 
[1448,38,2]   3  7 
[1448,686,2]   3  7 
[1450,85,5]   7 15 
[1450,205,5]   7 15 
[1450,157,1]   5 11 
[1450,307,1]   6 11 
[1450,1143,1]   6 11 
[1450,1293,1]   5 11 
[1453,497,1]   0  1 
[1453,956,1]   0  1 
[1458,27,27]   8 11 
[1460,54,2]   2 11 
[1460,346,2]   0 11 
[1460,384,2]   0 11 
[1460,676,2]   2 11 
[1465,138,1]   2  3 
[1465,448,1]   1  3 
[1465,1017,1]   1  3 
[1465,1327,1]   2  3 
[1466,353,1]   1  3 
[1466,1113,1]   1  3 
[1469,437,1]   0  3 
[1469,580,1]   0  3 
[1469,889,1]   0  3 
[1469,1032,1]   0  3 
[1476,54,6]   2 11 
[1476,192,6]   2 11 
[1480,86,2]   0 15 
[1480,234,2]   2 15 
[1480,506,2]   2 15 
[1480,654,2]   0 15 
[1481,465,1]   0  1 
[1481,1016,1]   0  1 
[1489,225,1]   0  1 
[1489,1264,1]   0  1 
[1490,193,1]   0  7 
[1490,403,1]   0  7 
[1490,1087,1]   0  7 
[1490,1297,1]   0  7 
[1492,208,2]   2  5 
[1492,538,2]   2  5 
[1493,432,1]   1  1 
[1493,1061,1]   1  1 
[1508,140,2]  10 11 
[1508,198,2]   0 11 
[1508,556,2]   0 11 
[1508,614,2]  10 11 
[1513,55,1]   0  3 
[1513,123,1]   0  3 
[1513,1390,1]   0  3 
[1513,1458,1]   0  3 
[1514,87,1]   3  3 
[1514,1427,1]   3  3 
[1517,401,1]   0  3 
[1517,524,1]   0  3 
[1517,993,1]   0  3 
[1517,1116,1]   0  3 
[1521,0,39]   5  7 
[1521,210,3]   0  9 
[1521,297,3]   0  9 
[1522,39,1]   0  3 
[1522,1483,1]   0  3 
[1525,55,5]   0  7 
[1525,250,5]   0  7 
[1525,682,1]   1  5 
[1525,743,1]   0  5 
[1525,782,1]   0  5 
[1525,843,1]   1  5 
[1530,39,3]   2 15 
[1530,141,3]   1 15 
[1530,369,3]   1 15 
[1530,471,3]   2 15 
[1537,394,1]   2  3 
[1537,447,1]   0  3 
[1537,1090,1]   0  3 
[1537,1143,1]   2  3 
[1538,707,1]   0  3 
[1538,831,1]   0  3 
[1544,162,2]   2  7 
[1544,610,2]   2  7 
[1546,317,1]   0  3 
[1546,1229,1]   0  3 
[1549,88,1]   2  1 
[1549,1461,1]   2  1 
[1552,88,4]   8  9 
[1552,300,4]   8  9 
[1553,339,1]   0  1 
[1553,1214,1]   0  1 
[1556,230,2]   0  5 
[1556,548,2]   0  5 
[1557,240,3]   0  3 
[1557,279,3]   0  3 
[1565,288,1]   0  3 
[1565,338,1]   0  3 
[1565,1227,1]   0  3 
[1565,1277,1]   0  3 
[1568,28,28]  11 11 
[1570,443,1]   8  7 
[1570,757,1]   5  7 
[1570,813,1]   5  7 
[1570,1127,1]   8  7 
[1573,55,11]   2  3 
[1573,88,11]   2  3 
[1576,366,2]   0  7 
[1576,422,2]   0  7 
[1585,203,1]   0  3 
[1585,748,1]   0  3 
[1585,837,1]   0  3 
[1585,1382,1]   0  3 
[1586,255,1]   0  7 
[1586,499,1]   2  7 
[1586,1087,1]   2  7 
[1586,1331,1]   0  7 
[1588,126,2]   0  5 
[1588,668,2]   0  5 
[1594,215,1]   0  3 
[1594,1379,1]   0  3 
[1597,610,1]   0  1 
[1597,987,1]   0  1 
[1600,0,40]  19 27 
[1600,56,8]   6 25 
[1600,144,8]   6 25 
[1601,40,1]   0  1 
[1601,1561,1]   0  1 
[1602,165,3]   3  7 
[1602,369,3]   3  7 
[1604,40,2]   0  5 
[1604,762,2]   0  5 
[1609,523,1]   0  1 
[1609,1086,1]   0  1 
[1613,127,1]   0  1 
[1613,1486,1]   0  1 
[1616,40,4]   0  9 
[1616,364,4]   0  9 
[1618,491,1]   0  3 
[1618,1127,1]   0  3 
[1620,36,18]   2 23 
[1620,54,18]   2 23 
[1621,166,1]   0  1 
[1621,1455,1]   0  1 
[1625,40,5]   6 11 
[1625,90,5]   5 11 
[1625,235,5]   5 11 
[1625,285,5]   6 11 
[1625,57,1]   4  7 
[1625,307,1]   3  7 
[1625,1318,1]   3  7 
[1625,1568,1]   4  7 
[1629,57,3]   0  3 
[1629,486,3]   0  3 
[1636,286,2]   1  5 
[1636,532,2]   1  5 
[1637,316,1]   0  1 
[1637,1321,1]   0  1 
[1640,146,2]  11 15 
[1640,346,2]   8 15 
[1640,474,2]   8 15 
