1 0
100
   -1 
    0 
   28 
    1 
   11 0 
   24 
   77 -16 
    0 1 
  -48 -32 
    5 0 
    3 

   -1 
   -1 
    1 
    1 

    1 
    0 
   -1 
    2 
    2 
   -1 
   -6 
   -4 
   -2 
   -6 
   -4 
    0 
   -2 
   -4 
   12 
   -6 
    8 
   -2 
  -14 
    6 
  -16 
   -4 
    0 
   16 
   -8 
   14 
   -2 
  -18 
   -4 
  -18 
    8 
    8 
  -16 
   12 
    0 
   18 
   -6 
    2 
  -14 
    8 
   18 
   -6 
    0 
   12 
  -24 
  -18 
  -12 
  -28 
    8 
   -8 
   24 
    0 
   -4 
   24 
   -2 
   14 
   10 
  -24 
   30 
   -8 
   24 
   28 
   16 
   12 
   12 
   12 
   -8 
   12 
  -12 
   -2 
    8 
  -18 
  -30 
  -26 
   36 
    0 
    0 
  -38 
   10 
   14 
  -30 
    0 
    0 
    0 
    0 
   22 
   -6 
  -36 
    4 
  -18 
  -12 
   -8 
   16 
   10 
  -10 
   18 
   12 
  -10 
   14 
  -30 
