1 9
100
   -1 
  168 
   28 
    1 
    1 0 
  168 
  -16 -7 
    3 0 
  -39 3 
    2 -1 
    7 
    0 
    0 

   -1 
   -1 
   -1 
   -1 

    1 
    1 
    1 
    0 
    1 
    0 
   -6 
   -2 
   -2 
   -6 
   -6 
    8 
   10 
  -10 
   -4 
  -12 
    2 
   -6 
    0 
    0 
   -8 
    8 
  -12 
   12 
   -2 
   -6 
   14 
   -2 
    6 
    2 
   -8 
    0 
  -14 
    4 
  -12 
   -6 
   -2 
   14 
  -18 
  -14 
  -14 
  -18 
    0 
   16 
   22 
    2 
    0 
   16 
  -22 
    2 
   20 
   28 
    8 
    0 
    6 
  -14 
  -16 
   -8 
  -14 
   10 
  -20 
   -4 
   -4 
    4 
  -12 
  -20 
  -14 
  -30 
  -36 
   -4 
   22 
  -14 
   22 
   20 
   -4 
   24 
  -24 
  -18 
    6 
   30 
   18 
   24 
   16 
   32 
   -8 
  -26 
   22 
   16 
   32 
  -24 
   16 
   28 
  -36 
  -22 
  -42 
   12 
   28 
    2 
  -10 
   30 
