3 0
100
   -1    -1     1 
  100   396   144 
   25    18    24 
    1     1     1 
    1 0     1 0     1 0 
  100   396   144 
  605 0   605 0   605 0 
    0 1     0 1     0 1 
  252 -252   252 -252   252 -252 
    5 0     5 0     5 0 
    2    11     1 
    0     0     0 
    0     0     0 

    1     1    -1 
   -1    -1    -1 
   -1    -1     1 
    1     1    -1 

   -1    -1     1 
    0     0     0 
    0     0     0 
    0     0    -2 
   -1    -1     1 
   -5     2     2 
    2     2     6 
   -5     2     6 
    1     8     2 
    2     2    -4 
   -4    10     2 
  -12     2     0 
    2     2     6 
   -5   -12     6 
  -10   -10     0 
    1    -6    -6 
    0   -14   -10 
    0     0    -4 
    9   -12     0 
   12   -16     0 
   13    -8    -4 
    4   -10     8 
   14     0    12 
    7     0    12 
    6     6     6 
    6    -8     6 
   -7    14     8 
   14     0   -16 
  -10     4    -6 
  -17   -10     6 
    4     4    -4 
   16     2    -4 
   10   -18     2 
  -10     4    12 
  -11    -4     0 
   -8   -22   -18 
   11    18    12 
  -13    -6    14 
   -7   -14    14 
    9     2   -10 
  -12     2    -6 
   12    12   -12 
  -24     4     6 
  -12     2    18 
   12    -2    18 
    3    10    -6 
   -5     2     6 
  -22    -8     6 
  -14    14    26 
  -14   -14    26 
   15   -20    12 
   12   -16     0 
    9   -12    24 
  -18    10   -24 
   15    22     0 
    3   -18   -30 
   -4    24     8 
    8     8     2 
   30   -12   -28 
   33   -16   -10 
    7    28    -4 
   16     2   -28 
   -2    12    -4 
   19   -16   -16 
   -8    20    20 
   -8    34   -28 
   28   -14   -22 
   10   -18    14 
    6     6   -36 
    0    28    -6 
   28   -14   -18 
  -19   -12     6 
  -18   -18    26 
    8   -20     2 
   -4    -4   -16 
   28     0     0 
  -31   -24   -12 
  -24   -38   -34 
   12    26     2 
  -24    18   -18 
   12    12   -24 
   -2    -2   -36 
  -37    12   -24 
   41    -8   -16 
  -28     0    20 
    4   -24   -28 
  -14    28   -16 
  -10    32    18 
   10   -32   -18 
    9    16    32 
    6    20    38 
   36   -20    12 
   24    -4   -12 
  -14     0    12 
   14   -42   -42 
   13     6   -10 
  -32    24   -16 
  -32   -18     2 
  -30    -2    14 
   -3   -10     2 
