2 0
100
   -1     1 
  132    64 
   22    32 
    1     1 
    1 0     1 0 
  132    64 
 -115 0  -115 0 
    0 1     0 1 
  -48 48   -48 48 
    5 0     5 0 
    5     4 
    0     0 
    0     0 

    1    -1 
    1    -1 
   -1     1 
   -1    -1 

   -1     1 
    0     0 
    1    -1 
    1     1 
   -2     0 
   -2    -4 
   -4    -6 
    0     2 
    4    -6 
    2     2 
   -2     2 
    8     4 
   10     6 
  -10    -6 
    0    -4 
    0     4 
  -14    -6 
    6    10 
    6     0 
   -6    -8 
    8     8 
    8     4 
    4    -4 
    0    12 
   -4    -6 
    0    10 
  -10     2 
   -2     2 
    6     2 
   -6    -2 
    8    -8 
   -8    -4 
   -4    -6 
  -12    12 
    0    20 
  -22   -18 
   10    10 
  -10     6 
   -2    14 
   16    -6 
  -26    -2 
   22    26 
  -18    12 
   26   -12 
    2   -22 
   -2     6 
    6   -28 
   -6   -20 
    0    18 
   24   -14 
  -12    -4 
   -8   -20 
   -8    12 
    0   -12 
  -10    -6 
  -10    22 
  -14    32 
  -22    20 
  -18    -6 
    2   -14 
   -4    28 
   24   -28 
    0    28 
  -12    20 
    0    20 
   -4   -20 
    4    34 
   -4   -14 
  -24    12 
  -16    12 
   -4    34 
   16    18 
    8    18 
  -24    -4 
  -16   -20 
   -8   -16 
   16    16 
  -30    -2 
  -14    38 
  -14    18 
   26   -38 
   24    20 
   16     4 
   24    32 
    0    20 
   10    -6 
    2   -38 
  -26    20 
  -22    36 
   42    -8 
   10   -28 
  -40    20 
   20    28 
   30    18 
  -10    -6 
  -44    20 
  -20    36 
   10   -14 
  -38    46 
  -30    14 
