2 0
100
    1     1 
   48    56 
   24    28 
    1     1 
    1 0     1 0 
   48    56 
  -13 4   -13 4 
    1 0     1 0 
  -75 -1   -75 -1 
    2 1     2 1 
    1     3 
    0     0 
    0     0 

    1    -1 
    1     1 
    1     1 
   -1     1 

   -1    -1 
   -1     1 
   -1    -1 
    2     2 
    4     0 
   -1    -1 
    1    -1 
    6    -2 
    2    -2 
   -6     6 
   -8     8 
   12    -4 
   -4   -12 
    4     8 
    0     0 
   -2    10 
    0    -4 
  -10    -6 
    6     6 
    6    -6 
    4    -4 
    2   -14 
    4    -8 
    4    12 
   12    12 
  -10    10 
  -12    16 
   -4    12 
   12     4 
   10   -10 
  -20     4 
   10   -10 
   10   -18 
  -12    12 
   22    -2 
   18    10 
  -18    -6 
   10    10 
  -10    10 
  -24   -16 
  -14    18 
   14    18 
   -4   -12 
    0    16 
    6    22 
  -24   -20 
   -8     8 
    8     8 
   10    18 
   26   -18 
   12    28 
    6    10 
   26   -26 
   -8   -12 
  -10     2 
    6    14 
    4    20 
   24     0 
  -30   -26 
   14   -30 
   -4    12 
   20    20 
   -4    28 
   12    20 
    4   -28 
    4    -4 
   22    14 
   -8    28 
   32    24 
  -18    18 
   -2    18 
    6    26 
  -38   -26 
   22   -22 
   38    14 
  -12    20 
   24   -24 
   -2    22 
  -38   -22 
   22    -2 
  -10    10 
  -12   -16 
   12    28 
   20    20 
  -32   -36 
   12   -16 
   -4     8 
    8    40 
   24   -24 
    8     0 
  -32    32 
    2     2 
   28   -20 
  -28    20 
  -18   -18 
   28    20 
   32    -4 
  -14   -30 
    2   -42 
   18     2 
