1 0
100
    1 
   54 
   27 
    1 
    1 0 
   54 
 -907 0 
    0 1 
 -378 378 
    5 0 
    1 
    0 
    0 

    1 
   -1 
   -1 
   -1 

   -1 
    1 
    0 
   -2 
   -1 
    1 
   -3 
   -3 
   -1 
    2 
   -7 
    0 
    6 
    6 
   -9 
    0 
  -10 
   -1 
    6 
    3 
   -1 
   -1 
    6 
    6 
    6 
    0 
   17 
    8 
   -6 
  -15 
    5 
   -4 
   -4 
  -12 
  -12 
    0 
    3 
   -4 
  -13 
    8 
    6 
    3 
  -12 
   21 
   27 
  -18 
    0 
    6 
   -1 
    8 
   -6 
  -30 
   24 
   -9 
  -18 
   30 
    2 
   11 
    8 
  -28 
   14 
   -4 
  -25 
  -16 
    8 
  -28 
   14 
   14 
   18 
   -9 
   36 
   24 
    2 
   29 
  -25 
    0 
   -6 
   11 
  -16 
   18 
  -33 
  -15 
    0 
    8 
    8 
   -1 
   26 
    3 
    3 
   38 
    2 
   12 
   -6 
  -24 
   18 
   20 
  -34 
  -10 
  -25 
   29 
