4 0
100
   -1     1    -1    -1 
   44     0    40    60 
   22    32    20    30 
    1     1     1     1 
    1 0     0 0     1 0     1 0 
   44     0    40    60 
   77 0 -1075 0  -307 0  -307 0 
    0 1     1 1     0 2     0 2 
   32 -32  -768 384   -64 64   -64 64 
    5 0     5 0     5 0     5 0 
    2     1     4     4 
    0     0     0     0 
    0     0     0     0 

    1     1     1     1 
    1    -1     1     1 
    1     1     1     1 

   -1    -1    -1    -1 
    0     0     0     0 
   -2     0     0     2 
   -1    -1    -1    -1 
    0    -2     2     0 
   -4     0     0     4 
   -4    -4     4     4 
    4    -2     2    -4 
    4    -6     6    -4 
    6    -4     4    -6 
    2    -2    -2     2 
    8    -8    -8     8 
   14     0     0   -14 
   -6    10    10    -6 
    6     0     0    -6 
    4    -8    -8     4 
  -10    -2    -2   -10 
  -14     4    -4    14 
    8   -12    12    -8 
   12    12   -12   -12 
    4     0     0     4 
    4    -4    -4     4 
   -6   -10    10     6 
   -4   -12   -12    -4 
   -8    10   -10     8 
    0    -4     4     0 
  -14   -18   -18   -14 
  -18     2     2   -18 
  -14    10    10   -14 
  -10    -4     4    10 
    4    -8    -8     4 
    0    -4    -4     0 
    8   -12    12    -8 
   12   -12   -12    12 
   -6     6    -6     6 
    2    -6    -6     2 
   14    14   -14   -14 
  -10   -18   -18   -10 
    2    14   -14    -2 
   -4   -20    20     4 
    6    10    10     6 
  -14   -18    18    14 
  -24   -10    10    24 
   -8   -10    10     8 
   -2   -18   -18    -2 
   -6   -16    16     6 
  -20    18   -18    20 
   20     6    -6   -20 
   -4     4    -4     4 
   28     0     0   -28 
  -12    -4    -4   -12 
   10    18   -18   -10 
   12   -24   -24    12 
  -24   -16   -16   -24 
  -14    -6     6    14 
  -10   -18   -18   -10 
  -12    -2     2    12 
   12    -8     8   -12 
   26    12   -12   -26 
   -2    10    10    -2 
   28     8     8    28 
   -6    10   -10     6 
   12     8     8    12 
    2    22   -22    -2 
  -20    32    32   -20 
   18    26   -26   -18 
   32    12   -12   -32 
   32    -8     8   -32 
  -18    12   -12    18 
   28    12    12    28 
    0    -6     6     0 
  -24    28   -28    24 
   32   -26    26   -32 
  -20   -20   -20   -20 
  -22    -8     8    22 
  -12   -28   -28   -12 
  -12     0     0   -12 
  -30     2     2   -30 
  -10   -26    26    10 
  -18   -10   -10   -18 
    2    -2    -2     2 
    4   -24   -24     4 
  -28    16    16   -28 
   24   -16   -16    24 
   28   -32   -32    28 
   22   -26   -26    22 
  -26   -22   -22   -26 
   24   -42    42   -24 
    0    18   -18     0 
   32   -26    26   -32 
   12    12   -12   -12 
  -22   -30    30    22 
   12     4     4    12 
  -42     6     6   -42 
  -10   -38   -38   -10 
   36    -4    -4    36 
    6   -28    28    -6 
   42    -2    -2    42 
   -2   -34    34     2 
   34    26    26    34 
