2 2
100
    1    -1 
  120   112 
   30    28 
    1     1 
    1 0     1 0 
  120   112 
    245 0     245 0 
    0 1     0 1 
    102 -102     102 -102 
    5 0     5 0 
    6     8 

    1    -1 
    1    -1 
   -1    -1 
    1    -1 

   -1     1 
    0     0 
    1     1 
   -1    -2 
   -3    -1 
   -4    -5 
   -1     1 
   -3    -6 
   -4    -2 
   -1   -10 
    2     4 
   -1    13 
  -10    -1 
   11    -2 
   -4    -4 
    0    11 
   -7     7 
  -10    13 
    8    15 
    4    -6 
    6    -7 
  -13    -8 
  -13    -6 
   -9     9 
   -9    -8 
  -13    15 
   -6    16 
   16   -19 
   10    10 
  -12    -8 
    6    -3 
  -18   -14 
   20     1 
  -12    12 
   -7   -22 
   12     7 
   10   -15 
  -14    -6 
  -18    18 
   23   -10 
  -18     6 
  -15    16 
  -20     5 
  -18     0 
  -15     5 
   -6     2 
   19   -20 
    9     8 
  -26    -8 
    8    10 
    0     6 
  -28   -11 
   -6     8 
  -16     6 
    3   -24 
    4    17 
  -22    22 
   -8    16 
   21     8 
  -30    -6 
   14     6 
   19    25 
  -28   -26 
  -20    20 
   -4   -20 
   10    -4 
   13    -8 
  -20    15 
   -5     4 
  -12    -3 
   22   -27 
  -12    18 
   -2    -6 
   10   -28 
  -21    -8 
  -21    18 
  -11   -36 
  -34     7 
  -22   -31 
  -15   -31 
  -10   -23 
    0     0 
   11    23 
   -1    26 
    8     6 
   35     8 
  -17    12 
   16    -4 
   14   -13 
   -2   -36 
  -28   -14 
  -32   -12 
    3    27 
  -18   -22 
   -9   -13 
   43   -16 
   -3    16 
   20    28 
    0   -14 
    9   -28 
