1 0
100
    1 
  144 
   18 
    1 
    1 0 
  144 
 -163 0 
    0 1 
  -68 68 
    5 0 
    4 
    0 
    0 

   -1 
   -1 
   -1 
    1 

    0 
    0 
    1 
    1 
    2 
   -1 
    3 
   -1 
    8 
   -4 
   -1 
    3 
    9 
   -6 
    6 
    0 
  -10 
   -1 
    6 
    0 
   -1 
   -4 
    9 
    3 
    9 
   -3 
  -10 
    2 
   12 
    0 
    8 
    8 
   -4 
    9 
    0 
   -6 
   -6 
   -4 
    2 
   17 
   -3 
   24 
   24 
   12 
  -18 
   15 
   -9 
  -15 
   -4 
   26 
   -6 
   18 
    0 
   12 
   12 
    3 
   32 
   -4 
   26 
   17 
   11 
   26 
  -22 
  -22 
  -10 
  -28 
   14 
   -1 
   12 
    3 
    6 
   12 
    2 
  -25 
  -10 
    9 
   -9 
    2 
    2 
  -12 
   -3 
    3 
  -30 
   20 
  -25 
   35 
  -13 
   18 
    0 
  -16 
  -16 
    9 
  -12 
    3 
  -30 
   41 
  -31 
   20 
  -25 
   20 
