4 0
100
   -1     1    -1    -1 
    0   192     0     0 
   30    24    30    22 
    1     1     1     1 
    5 0     1 0     5 0     5 0 
   24   192    32    40 
    65 68     65 68     65 68     65 68 
    1 0     1 0     1 0     1 0 
    945 3     945 3     945 3     945 3 
    2 -1     2 -1     2 -1     2 -1 
    1     2     4     3 

    1     1     1     1 
    1    -1    -1     1 
    1     1    -1    -1 
    1     1     1    -1 

   -1    -1     0     1 
   -1    -1    -1    -1 
    0     0     0     0 
   -1    -1     1     1 
   -2     4    -4     2 
    0     0     5     0 
    4    -2     3     0 
   -1    -1    -1     1 
   -4     2    -4     4 
  -12     6     2    -4 
    2     2    -7     6 
   -4     8     3    -8 
    2     2     3     6 
  -12    -6    -6     4 
   12     0   -12     4 
    4     4    12    -4 
    0    -6    14   -12 
   -6     6    -1    -2 
    0     0     0     8 
  -14    -8     0     6 
    4    -8    -7   -12 
   -4     8   -10    12 
   18    12    -3    14 
   14    -4   -15   -10 
    2   -10    -9    -2 
    4    -2   -15   -16 
   -4    14     8    -8 
  -10    14    14   -14 
    6    -6     0    -2 
  -14    10    -6   -18 
   14     8     2   -10 
   16    -8    14    -8 
  -14    10     8   -10 
    6    12   -21    -2 
    8    -4     0   -16 
  -18     6    -6    -6 
   -2   -14   -12    -2 
   14    14    14    22 
   14    14   -22   -22 
  -14    10   -25    -6 
    6   -18   -15   -26 
   18    18     6    -6 
   24   -12    18    24 
    0   -12     0     0 
    6    -6    18   -10 
  -22   -22   -15     6 
    4    28    -3    20 
   -8     4    -9   -24 
   10    10     8    22 
   -2    10   -10   -10 
  -16    20   -12    -8 
   28   -20   -24    12 
  -16    32    24   -16 
    0     0    18    16 
   10    10     0    18 
   -6    30   -21   -30 
   14   -28    -4    10 
   32     8   -10   -20 
   12   -18    26    12 
  -22   -22   -13   -26 
   28     4     5    28 
   24   -12     2   -12 
   -2     4    20    30 
    8    20   -16   -12 
   18   -12   -10    10 
   16     4     8   -20 
   -2   -14     8   -14 
  -14   -14   -19    26 
  -12   -24     0     4 
   20    -4    27    16 
  -18   -18   -12    34 
   18    30     6    26 
    2     2     2    30 
  -12    36    23    28 
  -18    24     2     2 
    6     0   -21     6 
   -6   -24    21     2 
    2   -34     2    18 
   18     6   -22    -2 
  -18   -30    18   -30 
   12    30   -33    -4 
  -32    -8    -9    12 
    8    32   -24    32 
    6    24    -4   -18 
   -8    16   -25     0 
   18   -18   -19   -10 
    2    38    17   -10 
   16     4   -18    -8 
   12   -12     0    36 
  -12    12    20   -28 
  -28     8   -34    40 
  -14   -20   -15    30 
   14   -28   -24    22 
  -20   -26     9   -36 
   10   -14    18   -26 
  -44     4    17   -28 
   24     0     5    -8 
  -10   -46   -40   -26 
    2    14     5     2 
   10    -2    32   -38 
