1 0
100
    1 
   12 
   12 
    2 
    1 0 
   12 
 1291 0 
   -2 1 
 -176 -176 
    3 0 
    6 
    0 
    0 

    1 
   -1 

   -1 
    0 
    2 
   -2 
   -2 
   -4 
    1 
   -2 
    6 
    4 
   -4 
    8 
   -8 
   -8 
    0 
    2 
   -8 
  -12 
  -10 
   -6 
   -8 
  -16 
   12 
    2 
  -14 
  -14 
   -6 
    2 
  -10 
   12 
   -8 
   -4 
   -4 
   16 
  -12 
   24 
   16 
    0 
   -4 
   -2 
   18 
    8 
  -16 
   12 
   20 
   10 
  -14 
   22 
    6 
   16 
   16 
    6 
  -18 
  -14 
    6 
   30 
  -14 
   -4 
  -32 
   26 
  -14 
  -14 
   22 
   14 
   22 
  -14 
   24 
  -12 
    0 
   20 
  -24 
    4 
   18 
   22 
    2 
   -2 
  -18 
   22 
   16 
    8 
   -2 
  -18 
    8 
  -16 
   34 
   -2 
   12 
  -32 
  -24 
    0 
    8 
   -8 
   40 
   20 
   36 
  -12 
  -18 
   -2 
   -4 
  -12 
