5 4
100
    1    -1    -1     1    -1 
   72     0     0    48     0 
    9    15     6     6     9 
    1     1     1     1     1 
    1 0     3 0     7 0     1 0     3 0 
   72    12    24    48    24 
  507 0   507 0   507 0   507 0   507 0 
    0 1     0 1     0 1     0 1     0 1 
   76 -76    76 -76    76 -76    76 -76    76 -76 
    3 0     3 0     3 0     3 0     3 0 
    5     5     1     5     7 
    0     0     0     0     0 
    0     0     0     0     0 

   -1    -1    -1    -1    -1 
   -1     1     1    -1    -1 
   -1    -1    -1    -1     1 

    1     1     1     1     1 
    0     0     0     0     0 
   -1    -1     2     2     3 
   -3     3    -3     0     1 
    1    -5     4     4     1 
    6    -4    -1     0    -2 
   -2    -4    -1     4    -2 
    3    -1     2    -6    -5 
   -5    -1    -4    -2    -1 
   -6     0     0     6    -6 
    1     1     1     1    -1 
    6     0     9     6     6 
    2     8    -4     8    -6 
   -4     0    -3     2     4 
    2     4    -8     2    10 
    9    -5    -8    -6    13 
   -2     4     7     4    -2 
    8    -8    -2     8    -8 
   -6    10    10   -12    10 
   -6    10     4     0    10 
   10    -4    -7     4   -14 
    2     4     4    -4   -14 
    0    16    -5   -12     0 
   11    15   -18     2    -9 
   -3     3     6     0     5 
    7   -13     5   -14     7 
   -3     7   -14    18    -7 
   -3    15     9     6   -19 
    3     3    18    18     3 
   18    -4     2    12    18 
    0     0    18    18     0 
  -20   -12   -15    -8   -12 
   10     0     3    -8    -6 
   -8     4    13     4     8 
    2    16   -11    20    10 
   -8    12   -15    -8   -16 
  -24    20     5     0    16 
    6    -8    -2     6   -10 
   10     0   -15     4    10 
   10   -10   -10    -8    10 
   10   -10   -13   -26    10 
   20   -24   -12    20   -12 
   -2    -4    20   -20    22 
  -18   -20     4     0   -26 
  -20   -24     3    28     4 
   -5    11   -19    22   -13 
    5   -17    10    14    -7 
   -6     2     8   -12    26 
   14    18     3     2    14 
   16   -16    26   -32   -16 
   -2     4     1    -2   -18 
   -1    19    16   -10   -29 
    3   -21   -12   -30    11 
   -1   -33   -24    26    27 
  -11   -21   -15    16     9 
   -7   -21   -12     8     1 
   23     7    13   -10     3 
  -28   -16    11    -4   -20 
  -16     8    17    20     8 
  -10   -14   -17     2   -10 
  -10    -6    -3   -22   -26 
   10    -6    27   -26    -6 
    9     7   -11    30    25 
    9    -1    14   -12   -27 
  -33     3   -15   -18    27 
   -3    31    -8    12    29 
   -2   -16     2    10   -10 
  -20   -20   -14     4    12 
   -4   -32   -32   -28   -28 
    8     8    14    32   -16 
    4    24   -21    16   -28 
   16   -16    -7    -8   -16 
   21   -25     5    18   -19 
  -13   -13   -16    14    19 
    7   -33   -12    22     3 
   21    19    37   -12   -23 
   17    -9     9   -10   -15 
  -27    -9     9   -24   -15 
  -36    24    18    12   -12 
   12    24   -24    12   -12 
   33   -29    34     0   -31 
   35   -17   -41    14    -1 
   32     0   -33   -22    -8 
  -14   -20    -8    10   -22 
   39   -29    13   -30    11 
  -17    11    38    22   -13 
   24    -8   -38    24    -8 
  -24    40    10   -30   -40 
  -30   -32   -38    24   -30 
   10     0    -3   -14   -14 
   28   -16    38    -8    20 
   38    20   -40   -16    38 
  -30    36   -36   -42    18 
   34     4    -8   -20   -22 
   34    24    -9    16    -6 
  -22   -40     2    44   -14 
   25     3    -9   -14    25 
  -33    31    40    18     7 
  -28    -8    13    -4     4 
   30   -12   -12    30     6 
