2 2
100
   -1     1 
    0   132 
   11     6 
    1     1 
    17 0     1 0 
   80   132 
    -1173 0     -1173 0 
    0 1     0 1 
    -176 176     -176 176 
    3 0     3 0 
    3     9 

    1     1 
    1    -1 

    1     1 
    0     0 
   -3     0 
   -1    -2 
   -1     4 
   -1     1 
   -6    -4 
   -3     6 
    1    -4 
   -8    -4 
   -2     0 
   -6    -8 
    8    -2 
   -4     2 
   -4     8 
   -5    -2 
  -12    -4 
    8    10 
    2    -2 
  -10   -16 
  -16    -8 
    4     8 
   -6   -14 
  -15    -6 
   -3    -6 
   -3     2 
   13    -2 
    3   -10 
   15     6 
    6   -18 
  -14   -12 
   20     0 
  -14    20 
  -18    20 
   16   -18 
    8    16 
    2   -16 
   14    20 
   20     6 
    6    14 
   -2    12 
   -2   -28 
  -20     2 
  -10   -24 
   -6    20 
   11    -2 
  -19    -6 
   14   -28 
   18    12 
  -26    -4 
   16     4 
   15    18 
  -27   -14 
  -21   -10 
   -5    -2 
  -11    10 
   15    12 
   10   -22 
   26   -24 
   10     6 
   26    -6 
   22   -14 
  -17     6 
   -7   -14 
    5    -2 
  -25   -12 
  -10     4 
    2    30 
   20    -8 
  -18    -8 
   20    12 
   26   -16 
  -23     0 
  -17    18 
    9     4 
  -25    10 
   23   -10 
  -15   -10 
   18   -22 
    8   -10 
  -21    28 
   23   -28 
   20    28 
  -26    20 
   11   -16 
   41   -22 
   18    26 
  -32    12 
   30   -16 
  -18    24 
   22   -26 
   26   -20 
   38    36 
   24    30 
  -30    28 
  -34   -36 
  -35   -32 
  -43    -2 
   -6    24 
  -32    28 
