1 0
100
    1 
   48 
   12 
    1 
    1 0 
   48 
 1387 0 
    0 1 
  208 -208 
    3 0 
    3 
    0 
    0 

   -1 
    1 

    1 
    0 
    4 
    2 
   -2 
    4 
    2 
   -1 
    4 
    4 
    8 
   -2 
   -6 
   -2 
    8 
    2 
   12 
    4 
  -10 
    8 
   -4 
   -8 
    4 
  -14 
  -12 
  -14 
    6 
    0 
    6 
    6 
  -12 
   -4 
   16 
   24 
   -8 
   -8 
    0 
   24 
    6 
   -2 
  -16 
    8 
   22 
  -20 
    8 
   -2 
   -2 
  -22 
   22 
  -24 
   24 
   -6 
   18 
    2 
  -10 
  -14 
   20 
  -10 
  -28 
   14 
    2 
  -10 
   30 
   22 
    8 
   24 
   28 
  -16 
    8 
  -16 
   28 
  -24 
   -2 
   -6 
   14 
  -22 
   -8 
   26 
  -32 
    6 
   28 
   36 
   28 
   28 
   14 
  -12 
   32 
  -12 
   -4 
  -14 
   -2 
    4 
  -20 
  -14 
   40 
   34 
  -34 
   10 
  -14 
    4 
