1 0
100
    1 
   32 
    4 
    1 
    1 0 
   32 
    1467 0 
    0 1 
    220 -220 
    3 0 
    7 

   -1 
    1 
    1 

   -1 
    0 
   -1 
   -2 
    6 
   -4 
   -1 
   -6 
   -2 
   -4 
   -4 
    8 
    4 
    4 
    0 
   -6 
    0 
   -8 
   -2 
  -10 
   16 
    8 
   -4 
    6 
   14 
   10 
   14 
   -6 
    6 
  -12 
   16 
  -20 
   12 
    4 
   12 
   16 
  -16 
   20 
    0 
   26 
   10 
   16 
  -20 
    8 
    0 
  -10 
  -14 
   -2 
  -18 
    8 
   -4 
   10 
  -10 
   -6 
   -2 
    6 
   10 
  -20 
   12 
    6 
   14 
   18 
  -26 
    6 
   14 
  -14 
  -32 
  -20 
    0 
    4 
  -32 
   -4 
   -6 
    6 
    2 
  -26 
  -22 
   -2 
  -24 
    8 
   -2 
   22 
  -16 
  -16 
  -26 
  -26 
    4 
    4 
  -12 
    4 
  -40 
  -32 
  -16 
    4 
  -28 
  -20 
  -30 
   10 
   24 
   44 
