1 0
100
    1 
   36 
    9 
    1 
    1 0 
   36 
  -53 20 
    0 1 
   40 20 
    3 0 
    8 
    0 
    0 

   -1 
   -1 
   -1 
    1 

    0 
    0 
   -4 
    1 
   -1 
    3 
    1 
   -1 
    6 
    9 
   -9 
    8 
   -6 
    9 
  -14 
    9 
    4 
    6 
   16 
    9 
   -8 
  -14 
   14 
  -10 
    6 
    7 
   -7 
   -6 
    2 
   -5 
    6 
  -10 
   -5 
   10 
    7 
   21 
  -10 
   10 
    7 
    4 
   24 
   -4 
   -8 
   -3 
    3 
    2 
   -7 
  -18 
   20 
  -22 
  -27 
   20 
   11 
    8 
  -17 
    3 
  -10 
  -18 
   -8 
   22 
    1 
   -8 
   -9 
  -11 
   11 
    3 
  -16 
   -2 
    3 
   23 
  -15 
    1 
   -2 
   29 
    1 
  -16 
    0 
  -37 
   -8 
  -14 
   21 
   15 
   -2 
   21 
  -26 
   26 
   10 
   24 
  -25 
   40 
   36 
  -30 
   24 
   16 
  -40 
  -12 
   -3 
   14 
   31 
  -30 
