2 0
100
    1    -1 
   22    22 
   11    11 
    1     1 
    1 0     1 0 
   22    22 
   24 -7    24 -7 
    1 0     1 0 
   55 17    55 17 
    0 1     0 1 
    1     3 

    1    -1 
   -1    -1 

   -2     2 
    0     0 
   -3    -3 
   -2     2 
    0     0 
    1     1 
   -1    -1 
    0     0 
   -6     6 
   -3    -3 
   -2     2 
    3     3 
    2    -2 
   -8     8 
   -3    -3 
   -9    -9 
    5     5 
    6    -6 
   -2     2 
   -9    -9 
   -6    -6 
    0     0 
    8    -8 
    3     3 
   12   -12 
  -18    18 
   -9    -9 
   10   -10 
    0     0 
   -6     6 
   16   -16 
   -2     2 
   12   -12 
  -15   -15 
  -12   -12 
  -10    10 
  -20    20 
  -18    18 
  -13   -13 
  -12    12 
  -21   -21 
  -18    18 
   10   -10 
   18    18 
   -9    -9 
    4    -4 
   -6     6 
   -6     6 
  -12    12 
  -12   -12 
   -2     2 
   10   -10 
  -18   -18 
    6     6 
  -20    20 
   -3    -3 
  -21   -21 
   -6    -6 
   33    33 
   31    31 
   18   -18 
   27    27 
   14   -14 
   20    20 
   12    12 
   -8     8 
  -16    16 
   -3    -3 
  -33   -33 
  -27   -27 
    0     0 
    2    -2 
    0     0 
   -6     6 
  -18    18 
   30   -30 
   -3    -3 
  -21   -21 
   24   -24 
   -4     4 
  -22    22 
   12   -12 
   12   -12 
  -22    22 
   -3    -3 
   30   -30 
   24   -24 
  -12   -12 
  -10    10 
  -24   -24 
  -33   -33 
   15    15 
  -27   -27 
  -33   -33 
    0     0 
  -30   -30 
    4    -4 
  -30    30 
  -15   -15 
  -34   -34 
