2 0
100
    1    -1 
   60     0 
   15    15 
    1     1 
    1 0     3 0 
   60     4 
    6 -5  -101 -16 
    1 0     0 1 
   39 1   -86 38 
    0 1     3 0 
    2     3 
    0     0 
    0     0 

    1    -1 
   -1    -1 

   -1     1 
    0     0 
   -4     4 
   -3    -3 
   -3     3 
    0     0 
   -5    -5 
   -6    -6 
   -2    -2 
   -3     3 
    3     3 
   -4     4 
   12    12 
    0     0 
   11   -11 
    1    -1 
    0     0 
   -3     3 
   -1     1 
  -12   -12 
  -12    12 
   10    10 
   15    15 
    4    -4 
   -4    -4 
  -14   -14 
   -6    -6 
  -13    13 
    0     0 
    6    -6 
    2    -2 
   -4     4 
    6    -6 
   20   -20 
    1    -1 
   10   -10 
   -4     4 
   15    15 
  -18    18 
   15   -15 
  -24   -24 
   18   -18 
   -6    -6 
  -26    26 
  -18   -18 
   -5     5 
   -6     6 
   12   -12 
   24   -24 
    4     4 
   -6    -6 
   18    18 
   -6    -6 
  -18   -18 
  -15   -15 
  -28    28 
   18    18 
   -9    -9 
   -9     9 
    9    -9 
   12   -12 
  -22    22 
   -9    -9 
   12   -12 
  -12    12 
  -24   -24 
  -18   -18 
    3     3 
  -15   -15 
   -6     6 
    1     1 
   32   -32 
  -24   -24 
  -18    18 
   36   -36 
  -15    15 
  -20   -20 
  -24    24 
  -21   -21 
   -6    -6 
    0     0 
    6    -6 
    6    -6 
  -19    19 
  -18   -18 
    8     8 
   24    24 
  -30   -30 
    4    -4 
  -13    13 
   28   -28 
    1    -1 
  -25    25 
   40   -40 
   -5     5 
  -20    20 
   18    18 
    6    -6 
    2     2 
  -27   -27 
