4 0
100
    1     1     1     1 
   56    72   144   486 
   14     9     6     9 
    1     1     1     9 
    1 0     1 0     1 0     1 0 
   56    72   144   486 
   59 -32    59 -32    59 -32    59 -32 
    0 1     0 1     0 1     0 1 
  -74 -22   -74 -22   -74 -22   -74 -22 
    3 0     3 0     3 0     3 0 
    7    11    33    81 
    0     0     0     0 
    0     0     0     0 

    1     1    -1    -1 
   -1     1    -1    -1 
    1    -1    -1    -1 

   -1    -1     1     1 
    0     0     0     0 
   -1     0    -3     0 
    0    -1     0     3 
    3     3     1     1 
    0     0     0     0 
   -4     1     4     1 
    1    -6    -7     2 
    0     2     8     2 
   10     9    -2    -5 
   -2    -7     6     9 
   -2     6    -6     6 
   -1     6     3    -6 
   -8    12     0    12 
  -10     3    -6    -3 
    0    -1     0     9 
   -2    -6   -10    14 
    9   -13     7    13 
    8    -9     0    -3 
    6   -14     6     6 
   -2   -16    10    -8 
  -16    -2   -16   -10 
    3   -13    15    -9 
  -14    10     6    -6 
  -14     4     2    -4 
    8     6     8    14 
   10    -6    18    -6 
   13    13     3     3 
  -12     8     4    16 
  -11     4     7    16 
  -20   -14    12     6 
   -6     6     6   -18 
    4    14     4   -14 
   15    -4   -15    12 
   -6     5   -18     3 
   18    16     6    12 
   -3    18    -9    -6 
    7     7   -13   -13 
    4     8     4     4 
    4   -21     4   -11 
    1    16    17   -16 
   -2     4    10    -8 
    6    18     6    -6 
   22     2    -6     6 
   15    -4     3     0 
   -3   -15    -9     3 
    3    24    13     4 
  -19    22    -5    22 
   22   -20    10     4 
   13    26     5    14 
   18    -4    -6   -24 
   -3   -12    21   -24 
  -20    14   -12     6 
  -18    26     6    -6 
    7    21    -9    21 
   27     8    21     0 
   -1    -6    -9   -30 
    6   -13     6    27 
   10    11    22    13 
   17    11    31    13 
   -3    -4    -5   -20 
   14   -24    -6    12 
   21     7     9   -21 
   12    28     4   -20 
   16    -4    16   -20 
   10    14    18    -6 
   28    -6   -12    18 
    8    -3   -24     9 
   17     1    -3    -3 
   -7    24    19    28 
  -14    35    26    -1 
   13   -16    15   -24 
   24   -20     0    12 
   27   -16   -23     4 
    4    10     4   -14 
   19    15   -11    25 
   16    14     8     2 
  -22   -10    -2    -2 
   14   -13   -34   -25 
   -9    12    15     0 
   30   -14     6    30 
   22    20    10    -8 
  -13     6    25    10 
  -12    23    36   -27 
    5     0     9    36 
  -27    40    -7     8 
  -21   -10   -25    26 
  -25   -10    -9     6 
   20    12    36   -36 
  -36    -3   -12   -21 
    0   -28   -24    12 
  -42    21    -6   -33 
  -38   -21   -18     9 
   16    16    24    24 
   12    23    36    21 
    3   -12    -3   -36 
   -3   -30    21    18 
  -26   -26    10    10 
   -6   -18     2    38 
  -11     1    17   -43 
