2 7
100
   -1    -1 
   32     0 
    8    11 
    1     1 
    1 0     3 0 
   32     4 
  -53 0    27 0 
    0 1     1 0 
  -20 20    80 0 
    3 0     3 0 
    5     2 

   -1    -1 
   -1     1 
    1    -1 
    1     1 

    0     0 
    0     0 
   -1     1 
   -1    -1 
   -2    -2 
   -4     4 
    2    -1 
    2     5 
   -2     7 
    6    -8 
   -6    -3 
    6    -7 
   -4     0 
   -2   -12 
    0    -7 
    0    11 
   -6   -12 
   12     2 
  -14     5 
    2    -9 
    2     0 
    2     8 
   10    15 
  -14    -5 
    6   -18 
    0   -14 
    2     8 
    4    -4 
   10    -1 
  -14    -9 
    2   -18 
    2     0 
   14    -2 
  -22   -19 
  -14    -9 
   -2     3 
   10    15 
  -14   -22 
   10     0 
   16   -18 
    2   -10 
   -6    10 
   22   -14 
   10   -16 
  -24    12 
   12     0 
   18    22 
   18   -26 
   22    -4 
  -10   -28 
  -28    12 
   10     2 
   18    14 
    6   -24 
   10   -22 
   22     8 
   18     9 
   -6    29 
   12    16 
    6   -12 
    2     5 
  -18   -24 
   18    -6 
    8    12 
  -26   -22 
  -28    15 
   16    21 
   10   -10 
   -2    22 
  -14    25 
   34    21 
   -6     0 
  -18   -20 
   10   -18 
  -26   -32 
   -4    27 
  -20   -11 
   18     6 
  -30    22 
   20   -15 
  -20   -33 
   10    33 
   -2    -7 
   -2    11 
   38    25 
  -20   -15 
  -28    35 
   30   -12 
  -12    12 
   28     0 
    2    28 
    8    40 
  -32    24 
   20    30 
  -14   -20 
   18   -45 
   42   -29 
   34    14 
   -6   -34 
  -30   -46 
