2 0
100
   -1     1 
   24    48 
   12     6 
    1     1 
    1 0     1 0 
   24    48 
  -37 -28   -37 -28 
    0 1     0 1 
  -98 14   -98 14 
    3 0     3 0 
    3    11 

    1    -1 
   -1    -1 
   -1     1 
   -1     1 
   -1    -1 

   -1     1 
    0     0 
    0    -2 
    1    -1 
    1    -1 
    1     1 
   -2     4 
   -4     6 
   -4     0 
   -4     8 
    6   -10 
    6   -12 
    6     0 
    0    -2 
   12    -6 
  -12     4 
   14    14 
   -4   -14 
    0     0 
   -6    -6 
    2     0 
    2     6 
   18    -8 
    0    10 
   -4     0 
   14     8 
  -18     6 
  -12     2 
  -10    14 
   14    18 
  -12    18 
    6     2 
  -16    -2 
  -12     4 
   12   -16 
  -12    -6 
   24     0 
   14    14 
   20   -10 
  -16    16 
  -22    12 
  -10    10 
    6     2 
   12   -10 
  -12    -8 
   12    10 
    2   -14 
   20   -16 
   -4    20 
    2    16 
  -18    12 
  -12     6 
   -6    12 
    6    18 
  -18    -8 
   -6   -10 
    6    18 
   -6     6 
   20   -14 
   -4     4 
  -10   -22 
   30     8 
    6    12 
   -4    16 
  -28   -16 
   18     0 
  -30     0 
  -30   -28 
    6     2 
   26   -18 
  -10   -26 
  -24    20 
   -6    20 
  -34    -2 
   20   -38 
    8   -14 
   -4    36 
  -16   -22 
  -10    22 
  -18   -36 
  -30    12 
  -40   -22 
  -16    12 
  -24    36 
   -6   -16 
   14     4 
   38     8 
  -30   -20 
  -12   -12 
  -36     4 
   24    12 
    0    42 
    0    42 
    0    -6 
   12   -12 
    0     6 
   18     4 
  -10    14 
    2     8 
    2   -14 
