1 0
100
   -1 
    0 
   12 
    1 
   11 0 
   40 
   35 -14 
    1 0 
  111 21 
    0 1 
    4 

   -1 
    1 
   -1 

    0 
    0 
   -1 
    0 
   -4 
    2 
   -2 
   -7 
    5 
   -4 
    0 
    3 
    3 
   -3 
   -9 
    6 
   14 
   -7 
   15 
    0 
  -10 
    8 
   -6 
    1 
  -13 
    8 
    3 
   -3 
   20 
    2 
   12 
    3 
    8 
  -12 
   -9 
   18 
    0 
   -4 
   -4 
    2 
   11 
   -7 
    6 
   15 
  -27 
  -18 
    8 
   -4 
   14 
   20 
   -6 
  -12 
  -15 
    6 
   -3 
   18 
   15 
   15 
  -31 
  -13 
  -13 
    0 
   33 
  -22 
   26 
   24 
    6 
    0 
  -18 
  -16 
  -37 
    0 
   36 
   11 
   23 
   11 
  -37 
   14 
   29 
   12 
   36 
  -10 
  -10 
  -30 
    0 
   14 
   23 
   12 
  -24 
   21 
  -18 
  -21 
   36 
  -27 
  -24 
  -36 
   36 
   -1 
   -7 
   38 
