1 0
100
    1 
    8 
    8 
    1 
    1 0 
    8 
   91 8 
    0 1 
   58 -34 
    3 0 
    2 

   -1 
    1 
    1 
    1 

    1 
    0 
   -2 
   -2 
   -1 
    0 
    2 
   -1 
   -4 
   -4 
   -2 
  -10 
    8 
   -8 
    4 
    4 
   -4 
  -12 
   12 
    0 
    2 
    2 
   -2 
    6 
   20 
   -4 
    0 
   -4 
  -14 
  -18 
   10 
   -2 
  -14 
  -20 
   12 
   18 
    6 
   14 
   -6 
   -8 
  -12 
   -6 
   14 
   14 
   -8 
   24 
   18 
  -14 
   -8 
   12 
   -8 
   -4 
   14 
    6 
  -14 
   18 
  -22 
   10 
    4 
   -4 
   -6 
   22 
    6 
  -20 
    0 
  -32 
   12 
    2 
   30 
   -2 
   22 
   32 
   32 
  -18 
   -2 
  -12 
  -16 
   22 
  -18 
   -4 
  -12 
    2 
  -10 
   32 
    8 
   -8 
  -16 
   28 
    8 
  -28 
   36 
    0 
   -4 
   -4 
    8 
   -6 
  -22 
   34 
  -30 
  -34 
