8 12
100
    1    -1    -1     1     1    -1     1    -1 
  100    20    28    12     0    20    20    20 
   10    10    14     6    10    10    10    10 
    1     1     1     1     1     1     1     1 
    1 0     1 0     1 0     1 0     5 4     1 0     1 0     1 0 
  100    20    28    12    16    20    20    20 
   59 -16    59 -16    59 -16    59 -16    59 -16    59 -16    59 -16    59 -16 
    0 1     0 1     0 1     0 1     0 1     0 1     0 1     0 1 
  -26 -22   -26 -22   -26 -22   -26 -22   -26 -22   -26 -22   -26 -22   -26 -22 
    3 0     3 0     3 0     3 0     3 0     3 0     3 0     3 0 
    1     2     4     5     2     1     5     2 
    0     0     0     0     0     0     0     0 
    0     0     0     0     0     0     0     0 

    1     1     1     1     1     1     1     1 
   -1     1     1    -1     1    -1    -1     1 
    1     1     1     1    -1    -1     1     1 

   -1    -1    -1    -1    -1    -1    -1    -1 
    0     0     0     0     0     0     0     0 
   -4    -2     0     0     0     0     2     4 
   -1    -1    -1    -1     1     1    -1    -1 
    4    -4     0     0    -2     2     4    -4 
   -4    -2    -4     4    -2     2     2     4 
    0     0    -4     4     0     0     0     0 
   -4     8    -4    -4    -4    -4     8    -4 
    0     6    -4     4    -6     6    -6     0 
    8     8    -8    -8    -8    -8     8     8 
   -8   -10     8    -8     0     0    10     8 
   -8     2     0     0     0     0    -2     8 
   12    -6     4    -4   -10    10     6   -12 
    4     8    -8     8     2    -2    -8    -4 
    8     4     0     0     2    -2    -4    -8 
  -12    12     4     4     4     4    12   -12 
   -8   -10    12   -12   -14    14    10     8 
  -12    12     4     4   -12   -12    12   -12 
   -8    -8     8     8    -8    -8    -8    -8 
  -16     8     0     0     0     0     8   -16 
   -8     2   -16    16     8    -8    -2     8 
    8    -8    12   -12     0     0     8    -8 
   -4    -2     0     0    -8     8     2     4 
   -6   -18    10    10    -6    -6   -18    -6 
  -16   -16   -16   -16   -16   -16   -16   -16 
    8    -4     8     8     8     8    -4     8 
    8   -14   -12    12   -10    10    14    -8 
   12   -12    12    12   -20   -20   -12    12 
   14     2    14    14    -2    -2     2    14 
    4   -10   -16    16     8    -8    10    -4 
    0     6     8    -8    16   -16    -6     0 
   16    -4   -12    12    -8     8     4   -16 
   16     2    16   -16    -8     8    -2   -16 
    4     4   -12   -12   -12   -12     4     4 
    8    22    -4     4    18   -18   -22    -8 
  -10   -10    22    22    -6    -6   -10   -10 
    4   -16    20   -20   -24    24    16    -4 
   -4     4    -4     4    24   -24    -4     4 
    2   -10   -14   -14    14    14   -10     2 
    8    -8   -24    24   -22    22     8    -8 
  -12    12     4     4   -12   -12    12   -12 
   -8   -16    -4     4    -8     8    16     8 
  -12   -12    -4     4     8    -8    12    12 
  -18    18   -18   -18   -14   -14    18   -18 
   -4    10   -12    12    18   -18   -10     4 
   20    22    -4     4    -2     2   -22   -20 
  -18   -18    14    14    -6    -6   -18   -18 
    2     2    18    18   -14   -14     2     2 
   16     2    20   -20    22   -22    -2   -16 
    4     4     4     4   -12   -12     4     4 
    0     0     8    -8   -18    18     0     0 
  -12    24    20    20   -28   -28    24   -12 
   16    -4   -28    28     0     0     4   -16 
    0    -6    16   -16    24   -24     6     0 
   18    -6    18    18    22    22    -6    18 
   18    30     2     2     6     6    30    18 
  -22    26    26    26    30    30    26   -22 
   26   -22   -22   -22    10    10   -22    26 
   -8    20     0     0     2    -2   -20     8 
  -12     0     4     4     4     4     0   -12 
   14   -10    30    30    10    10   -10    14 
    6     6   -26   -26     6     6     6     6 
  -12   -18     0     0     8    -8    18    12 
   28     4   -20   -20    28    28     4    28 
   16    14   -20    20    10   -10   -14   -16 
    8    32   -24   -24    -8    -8    32     8 
  -16    20    16    16    16    16    20   -16 
   -2    -2    14    14     2     2    -2    -2 
  -12     0   -12    12    24   -24     0    12 
    4    20    12   -12    16   -16   -20    -4 
   -2    22    30    30    14    14    22    -2 
  -20   -28     0     0    18   -18    28    20 
    4    32    24   -24    -6     6   -32    -4 
   -4   -14    24   -24     0     0    14     4 
  -22     2   -22   -22   -10   -10     2   -22 
  -28    20     4     4     4     4    20   -28 
   16    32    24   -24   -10    10   -32   -16 
  -18   -18    -2    -2   -30   -30   -18   -18 
  -28    -8   -12    12     8    -8     8    28 
  -12   -36    36    36   -28   -28   -36   -12 
    0   -24    24   -24    14   -14    24     0 
   -6    -6    26    26    -6    -6    -6    -6 
   28   -28    -4     4     0     0    28   -28 
  -12     0     8    -8   -10    10     0    12 
   12   -24     8    -8   -22    22    24   -12 
  -20   -34   -36    36    -2     2    34    20 
    4   -10    -4     4    22   -22    10    -4 
   12   -24    -4    -4    28    28   -24    12 
  -24    24    24   -24    30   -30   -24    24 
   12    12   -20   -20   -20   -20    12    12 
   -8    26   -28    28    -2     2   -26     8 
   24   -24    24    24    -8    -8   -24    24 
  -24   -12     8     8    24    24   -12   -24 
   16    16    16    16     0     0    16    16 
  -40   -16    -8    -8    -8    -8   -16   -40 
    6     6     6     6   -30   -30     6     6 
   -6    18    42    42    -2    -2    18    -6 
   34    10   -30   -30   -26   -26    10    34 
   30    18    -2    -2    18    18    18    30 
   20    -2   -16    16   -32    32     2   -20 
