2 0
100
    1     1 
  184    16 
    8     8 
    2     1 
    1 0     1 0 
  184    16 
   14 -5    14 -5 
    1 0     1 0 
   39 9    39 9 
    0 1     0 1 
   16     1 

    1     1 
   -1    -1 
    1     1 

   -1    -1 
    0     0 
    1     1 
   -2     4 
   -1    -1 
   -4     2 
    2     2 
    0     0 
    0     0 
    4    10 
   10    -2 
   10    -2 
  -12    12 
    0     0 
  -12     0 
  -12    12 
   12   -12 
    0   -12 
  -12    12 
  -12    -6 
   10    -2 
   18     6 
    6    12 
  -18    -6 
  -16   -16 
    4    -8 
    4    -8 
    8     8 
  -10    -4 
   14    -4 
   -6     0 
    2   -10 
   10   -14 
    8   -10 
  -16     2 
    6    18 
  -10     2 
   -2    -8 
   14   -10 
   -8   -20 
   20   -16 
   18    12 
  -18    24 
  -18    18 
   -8    -8 
    0   -24 
    2    26 
   18   -12 
   -8     4 
    0   -18 
    8     8 
   -4    20 
   -6   -18 
  -14    22 
   18     6 
    2    14 
   10    10 
   10    -2 
    8    14 
    4    -8 
    2    20 
   14     2 
  -26    -2 
   24    18 
   20   -16 
   24     0 
    0    24 
  -18    18 
   -2    10 
   -2   -14 
   -2   -26 
    4    -8 
   12   -30 
   22   -14 
   14    32 
   12   -12 
  -36   -24 
   30    18 
   14    -4 
   36   -12 
  -12   -36 
  -10   -22 
   38   -34 
   -4   -16 
   12    18 
  -32   -32 
   32   -16 
   36   -24 
   -8    40 
   32   -10 
   12   -12 
    0   -12 
    0   -12 
   -4    14 
   24     0 
  -22   -10 
   42   -24 
    2     8 
   38    38 
  -18    18 
