6 0
100
   -1     1     1    -1    -1     1 
   28    36    60    72    36    24 
   14     6     6    12     6     6 
    1     1     1     1     1     1 
    1 0     1 0     1 0     1 0     1 0     1 0 
   28    36    60    72    36    24 
   11 24    11 24    11 24    11 24    11 24    11 24 
    0 1     0 1     0 1     0 1     0 1     0 1 
   76 -4    76 -4    76 -4    76 -4    76 -4    76 -4 
    3 0     3 0     3 0     3 0     3 0     3 0 
    5     7    17     9     3     5 

    1     1    -1    -1    -1    -1 
   -1     1     1    -1    -1     1 
   -1    -1     1     1     1     1 
    1     1     1     1     1     1 

   -1    -1     1     1     1     1 
    0     0     0     0     0     0 
    0     0     0     0     0     0 
   -4     4    -4     0     0     2 
   -1    -1    -1    -1    -1    -1 
    2    -2     2     2     2    -4 
   -4     4     4    -2     4     4 
   -2     2     6     0    -6    -6 
    6    -6     4     0     0     4 
    2    -2    -8    10    -8    10 
   -6    -6    -6   -10     2    -6 
   10    10    -2    -2    -2    10 
    6    -6    -2     4    10    -2 
    0     0    12    -8     4     0 
   -4    -4   -12     8    -4     0 
   -4    -4    -8    -4     8     4 
   12    12     4   -12   -12     4 
   -2     2     2     4    -2     2 
    2    -2    12     4    -8    12 
    6    -6   -12    -6    12     6 
  -12    12    16    10    -8     4 
  -10   -10     2    -2   -14     2 
    0     0     6    -8   -14     0 
    0     0     4    14    -4     4 
  -16   -16   -16    -8    -8     8 
   -6     6    -4     0     0   -16 
    4     4    12     0   -12    12 
    6    -6    14    -8   -14     2 
    4    -4    16    -8     4    -2 
   16   -16    10     8   -10     4 
  -16    16    -8   -12   -12    10 
  -10   -10   -14    -2    10    -2 
    6     6     6    18   -18   -18 
  -18    18    10    -2   -14    16 
    2    -2   -12    -6    12    -6 
   22    22    -6    -6    -6    -6 
   -6    -6   -14    10    10   -14 
  -24    24    14     4   -14    -4 
  -18   -18     2     6    -6   -22 
  -14    14     4    -4   -16    16 
  -20   -20    20    -8     4    -4 
  -16    16    -8    16   -20    22 
  -24    24    -6   -12   -18     0 
   14    14     6     2    14   -18 
    8     8    20    24   -12     8 
   24    24    12     8    20   -12 
    2     2   -10   -22    14   -22 
   -4     4    26     8   -10   -16 
   10   -10    24     4     4    12 
   18   -18    10     6    -6    -8 
   10   -10   -28     8     8    20 
   28    28   -24   -12     0   -12 
   22    22   -10    14    14     2 
   -4     4    16   -14    -8    28 
    2     2   -18    -2    -2     6 
  -24    24     6    -6   -18   -30 
   24   -24    -2   -26    -2    22 
  -16    16    30    -6     6   -30 
   -6     6     8     6   -24   -22 
    4     4    16   -16    32    28 
   28   -28    18     8    14   -24 
    0     0   -24   -26    16   -24 
    6     6    -6    14    26     6 
   -2     2   -34   -22    14    32 
   20    20    20     8    20   -16 
  -24   -24    -8     0     0    -8 
   16    16    16   -24    24    -8 
    2     2    18     2   -22    -6 
   28   -28     2    -2    10    14 
   22    22    10     2    26    -2 
  -30   -30   -10     6   -18    26 
  -14    14   -10     0   -30    26 
   -6     6     6     2   -10    24 
  -38   -38   -10    10    22     2 
   -4     4    -8   -20     4    10 
   -4    -4     0   -20    -8    24 
   20    20     4   -16    20   -20 
   -2    -2    10    18    -6    34 
   -8     8    -6    -8    22   -12 
   20    20     0   -20    -8     0 
   36    36   -20    12   -36    28 
   34    34    -6   -14    10     6 
   10    10    -2   -34    38   -26 
  -14    14    34   -24    30    22 
  -18    18     6    18    30    24 
   16    16    20    -8    28     8 
  -16   -16     0   -16   -16     0 
   -4    -4    36     0   -12    12 
  -26    26   -24    24   -12    24 
   -6     6   -42   -18     6    12 
   36    36   -12   -28   -28    24 
    0     0    -8    -4    32    -8 
   24    24     0    12   -24   -12 
  -14    14    32   -18    24   -10 
   32    32    32   -32   -32   -28 
    0     0    22     2    14    34 
   12   -12   -30    12     6    36 
   -4     4    38    -4   -22   -16 
   -8     8    24   -38    40    36 
  -20    20   -14   -10   -22    22 
