9 4
100
    1    -1    -1    -1    -1    -1    -1    -1     1 
   12   180    28    24   228    16    32    24   104 
    6     6    14    12     6     8     8    12     4 
    1     1     1     1     1     1     1     1     1 
    1 0     1 0     1 0     1 0     1 0     1 0     1 0     1 0     1 0 
   12   180    28    24   228    16    32    24   104 
  107 0   107 0   107 0   107 0   107 0   107 0   107 0   107 0   107 0 
    0 1     0 1     0 1     0 1     0 1     0 1     0 1     0 1     0 1 
   40 -40    40 -40    40 -40    40 -40    40 -40    40 -40    40 -40    40 -40    40 -40 
    3 0     3 0     3 0     3 0     3 0     3 0     3 0     3 0     3 0 
    4    30     6     2    38     4     8     4    26 
    0    -2     0     0    -2     0     0     0    -2 
    0     0     0     0     0     0     0     0     0 

    1     1     1     1     1     1     1    -1    -1 
   -1    -1    -1    -1    -1     1     1    -1    -1 
    1     1     1    -1    -1    -1    -1     1     1 
    1    -1    -1     1     1    -1    -1     1    -1 

   -1    -1    -1    -1    -1    -1    -1     1     1 
    0     0     0     0     0     0     0     0     0 
   -1    -1    -1     1     1     1     1    -1    -1 
   -1     1     1    -1    -1     1     1    -1     1 
    2    -2     2    -4     2     0     4     4     0 
    2     2    -2    -2    -2     2    -2     0     0 
    4     4    -4    -2     4     2     2    -2     6 
   -4     0     0     2    -4     2     2     0     4 
    8     0     4     2    -4    -6    -2     4     4 
   -8     0     0    -6     0     6   -10     0     0 
   12    -8     0    -6     0    -6    -6     2     6 
    4    -8     0     6     0    -2     6    -6     6 
   -6     2    -2    -2    -2    -6     6     0    -8 
   -6    -2    10    -4     2     8   -12     4     8 
   -8     8    12     0     0    -4     0     4    -4 
    8     8     0     0     0     0     0    -4    -4 
   12     4    16    12     0     8     4    -4     4 
    8     4    -4     6     0   -10    14    -8     4 
  -16     0    -8    -2    16    -6    -6     8     8 
    0     0   -16    14   -16     2    -6    -8    -8 
   12     4   -12    -2    -8    18    10    -2    14 
   -8     4     4    -2    -8   -10    -2    -6    14 
   18    -6    -6    14    14    14   -18    -6    -6 
   10     6    -2    10   -14   -18     6    -6     6 
    0     8     0     0     0    -8   -16   -16    -8 
   -8    -8    16    -6     0    -2    14   -16     8 
    4   -20    16     4    16    -8    12    -4    12 
    8   -20   -12    -2    16   -10   -18     8    12 
  -10     2    -6   -14    -2    14   -10   -14   -18 
    6    -2    -2   -10     2   -10    -2   -14    18 
    0     0   -16    -2     4    -6    -6   -10    -2 
   12     0     0    -2     4     6   -18   -14    -2 
    8    20    -4   -14     4    -6    10    18   -10 
    8   -20     4    14     8   -18   -18     0   -12 
  -12   -20     0   -22     8    18     6    -4   -12 
  -18     6    14    10    22    -6    -6   -18   -10 
   18    -6    18     2   -22    -6    18    -6    10 
   -2   -18   -10   -10    14   -10    -2     2     2 
   -6    18   -22   -14   -14    10   -22    22    -2 
    0     8     4     2   -16   -14    -2     4     4 
  -16     8    16   -16   -16   -16   -16    -4     4 
    8    -8   -16     6   -24   -22   -14    14   -26 
    2     2   -22   -10     2    22     6   -14    18 
  -10    -2     6    22    -2   -18   -18     6   -18 
   18    22    26    12     6   -16   -12     4   -24 
  -18   -22   -10   -24    -6   -12     0    12    24 
   -2    14    -2    18   -18     2     2   -14     2 
   -2    14   -18    18   -18    10   -22   -22     2 
   16    -8     4   -10    -4   -26   -14    12    20 
   -4    -8    24   -22    -4   -22     2    -8    20 
   12   -12    -8    10    28   -14     6    12   -12 
   -4   -12   -12    28    28     4    12    -4   -12 
   28   -24    -8    -6   -12    -6    -6    18   -26 
   24   -24    24   -18   -12   -14    -6   -18   -26 
    2   -30   -30    22   -14    22     6   -30     2 
    2   -30   -14    10   -14    18    -6     2     2 
    6   -26    22    -6    30    -6   -30    18    -6 
  -10   -26   -26    18    30   -22    -6   -30    -6 
  -16     8    20     6    24    22   -14   -12   -20 
   24     8   -16   -12    24    -4   -28    -4   -20 
    2    34   -14     2    26    10     2     2     2 
  -18    26     2    18     6   -18     6   -22   -26 
  -18   -26   -26    18    -6    -6   -30    18    26 
  -12   -16     0    26   -28   -22     2    -8   -12 
  -32   -16    12     8   -28    -4    -8     4   -12 
    0     0   -16   -16   -16    24     0    24   -24 
  -24     0     8    28    16     4   -12     0    24 
   14    -2     6    -2    -2    -2    30    14    -2 
   26     2    10   -10     2   -18     6   -30     2 
  -22   -30    26   -34    26    14    -2    18    34 
   30    30    -2   -14   -26    -6   -22    -2   -34 
  -18     6   -30   -18    30   -30    30   -24     0 
   26    -6     6    -6   -30     6    18   -16     0 
   18   -38    26    26   -10    34    10    -6    10 
  -14    38     6    10    10   -18    14     2   -10 
  -12    28    -4    20   -28   -20    20    20    12 
  -28    28     8    -4   -28    -8     4    20    12 
   30    -2    22   -30   -18    -6   -22   -18    14 
   26     2    10   -18    18    30    -2    18   -14 
   12   -12     4    20    -4   -12   -12    28    36 
   12   -12     0    20    -4     0    12    20    36 
   18     2     2    -2    10   -26   -10   -26     6 
   22    -2   -10   -10   -10     6   -26    34    -6 
  -38     2    22    38     2    10    30    16     8 
  -10    -2    26    -2    -2    18    30    16    -8 
  -30   -10    18   -28   -34    32    28   -20     0 
  -26    10   -10   -20    34     8     4    28     0 
   24    16    40    12   -24    -4   -36     4    -4 
   24    16   -28    30   -24     6    -6    36    -4 
    0   -12    28    -2    40    -2   -18   -32    36 
   -4   -12    -8    28    40    32   -12   -12    36 
   16     0    -8    32   -16    32     0   -16     0 
   24     0    -8    -8    16    24   -24    24     0 
   24    16    16    14     8    18    18     0    -8 
  -32   -16   -16   -20    -8    -4    36   -24     8 
    6     6    38    42     6    26    18    34   -22 
   -2     6   -42    18     6    10   -30    26   -22 
    2    26    26    34   -14   -14    26    10   -14 
  -10   -14   -14   -30   -18   -10   -10     2    -2 
   22    14    30     6    18    -2    -2     2     2 
