1 0
100
   -1 
    0 
   12 
    1 
   11 0 
   32 
  -57 -4 
    1 0 
 -172 -12 
    3 0 
    1 
    0 
    0 

   -1 
   -1 
   -1 
   -1 

    0 
    0 
    1 
    2 
   -4 
    2 
   -2 
   -6 
    4 
    4 
   -6 
    1 
    0 
    6 
    6 
   -6 
   -6 
    8 
    6 
    8 
   18 
   10 
  -18 
   10 
    6 
  -14 
  -16 
    0 
   14 
    6 
   14 
   -6 
  -14 
  -18 
  -10 
    2 
  -22 
   -2 
  -14 
  -10 
   -2 
  -10 
   -6 
   18 
    0 
   -2 
   10 
   14 
    2 
   12 
   10 
  -20 
  -18 
    6 
  -30 
  -18 
   22 
    6 
   -4 
   28 
  -10 
    6 
   -6 
    2 
  -10 
  -30 
   20 
   -6 
   -6 
   -6 
   10 
  -10 
   10 
   -6 
   30 
  -30 
  -26 
    6 
   -2 
   14 
  -18 
  -38 
   34 
   24 
  -28 
    6 
    4 
  -28 
   24 
   12 
   12 
  -20 
  -10 
   40 
   -6 
   -2 
    6 
  -18 
  -34 
   38 
