3 0
100
    1    -1    -1 
   16   588    28 
    8     6    14 
    1     1     1 
    1 0     1 0     1 0 
   16   588    28 
  107 -16   107 -16   107 -16 
    0 1     0 1     0 1 
   -8 -40    -8 -40    -8 -40 
    3 0     3 0     3 0 
    6    90     2 

    1     1     1 
   -1    -1    -1 
    1    -1    -1 

   -1    -1    -1 
    0     0     0 
   -4    -1     3 
   -2    -1    -1 
   -2    -5    -1 
    4    -4    -4 
    2     4    -4 
    4    -5    -5 
    6    -4     4 
   -4     6   -10 
    0    -2    -2 
    0     7     3 
   -8   -10     6 
   12    -2     6 
    6     9   -11 
   12     9     9 
   10     4    12 
  -12     2     2 
    8   -15     9 
    0    -9    -1 
  -12     1    -3 
   16    -2    14 
   18     4   -12 
   18    -2    14 
    4   -14    -6 
   -1     1     1 
   -6   -11     9 
   12    -4    -4 
  -18   -12     4 
   10   -12     4 
   12    14    -2 
  -10     2    10 
    2   -12     4 
   -4     0    -8 
  -16    -6   -14 
   14    -4    20 
    8     5   -15 
  -18    12   -20 
   18   -18    -2 
   16   -14    -6 
   -8    20   -12 
  -14    -8     8 
    4    11    15 
  -18     5    21 
   -2     3    23 
   10    12   -12 
   -2    11     3 
  -22    -4    20 
   12    -2   -18 
    4   -19    13 
   -2     9   -27 
   -8   -18   -26 
   -4    29     1 
   10    26   -14 
   18     0    -8 
   18    21    21 
   10   -30    18 
    6   -15     9 
  -16    -6    -6 
  -20    21    29 
  -18    18     2 
   14    20    12 
   -2   -16    24 
    4     3    -5 
  -16    12   -28 
  -16     8    24 
   24    28     4 
  -10   -24     0 
   12     3   -17 
   14    26    26 
  -26   -28   -20 
   12    -6    10 
   10   -27    17 
   16   -11   -23 
   10    28   -28 
   20     5     5 
  -20    -8    32 
  -18    34   -14 
    6   -20    20 
    4    -5   -29 
   -6    20    -4 
   10     2    26 
   28   -22   -38 
   34    41     5 
   40   -32    -8 
   26    37     1 
  -22    -1    -5 
   24    12     4 
  -10    39   -29 
   20   -32    -8 
   12    26    34 
    0   -30    10 
   28    18   -38 
  -24    36    28 
   24    12   -36 
    6    17    -7 
   18     2    -6 
   34   -28    28 
   22   -22    18 
   32   -43     9 
