1 0
100
    1 
   12 
    6 
    1 
    1 0 
   12 
  123 -4 
    0 1 
   34 -46 
    3 0 
    4 
    0 
    0 

   -1 
   -1 
   -1 
    1 

    1 
    0 
    3 
   -3 
    1 
   -1 
    4 
    2 
   -4 
    5 
    6 
   12 
   -9 
    3 
    3 
   -1 
   -4 
    2 
   12 
    3 
  -13 
    8 
    9 
   18 
   -7 
  -13 
   -6 
   -3 
  -10 
   20 
   18 
   15 
   -1 
  -12 
   -9 
   -3 
    6 
   -7 
    2 
   20 
  -25 
   20 
    6 
  -21 
   -6 
  -12 
  -22 
    2 
   23 
  -25 
  -24 
   12 
   30 
    6 
    6 
   24 
   18 
  -12 
    2 
   20 
   11 
  -15 
   30 
  -22 
    5 
  -27 
   30 
   18 
  -12 
  -10 
   17 
  -24 
  -18 
    2 
   -1 
  -25 
    8 
  -34 
   14 
  -24 
   30 
   14 
   35 
  -15 
  -12 
  -16 
  -22 
   30 
   -6 
   12 
  -18 
  -18 
   15 
  -33 
  -24 
   12 
   18 
   -1 
    2 
    8 
