1 0
100
   -1 
    0 
    8 
    1 
   11 0 
   64 
   -1 22 
    1 0 
 -177 21 
    0 1 
    2 

   -1 
   -1 
    1 

    1 
    0 
    2 
    1 
   -2 
    0 
    2 
    2 
    4 
   -4 
   -2 
  -10 
    6 
   -2 
    0 
  -14 
    8 
    0 
   -6 
    4 
    2 
   18 
    6 
   18 
  -20 
   14 
  -20 
   10 
  -14 
   18 
  -14 
    6 
    2 
   14 
   16 
   -6 
   -6 
   18 
  -14 
  -22 
   -2 
   -6 
   -1 
   14 
    8 
  -18 
  -26 
    2 
   -8 
   -8 
    6 
   18 
   10 
  -22 
   -6 
   -6 
   10 
  -22 
  -26 
  -12 
   26 
  -14 
   -6 
   20 
  -10 
   30 
   -2 
   18 
  -18 
  -14 
    2 
  -20 
  -12 
  -22 
  -26 
   34 
  -26 
   18 
  -34 
  -24 
  -40 
   10 
  -30 
   18 
   10 
   32 
  -14 
   22 
  -24 
   -6 
   22 
   30 
    6 
  -24 
   -8 
  -38 
  -14 
  -26 
    2 
   -2 
