2 0
100
    1    -1 
  260    16 
   10     8 
    1     1 
    1 0     1 0 
  260    16 
  -20 9   -20 9 
    1 0     1 0 
  -73 -11   -73 -11 
    0 1     0 1 
   21     3 
    0     0 
    0     0 

   -1    -1 
    1     1 
    1    -1 

   -1     1 
    1     1 
    4    -2 
    0     0 
    2     4 
    0    -4 
    0     2 
    0     4 
    2     0 
    4    -8 
   10     2 
   10     6 
    8     0 
   -6     0 
    4    -8 
   12   -12 
    2    12 
    4    12 
   -1     1 
    8     0 
  -14     6 
    8   -10 
   16    -6 
   -2    -6 
    8   -16 
    0    -8 
  -10   -12 
  -12   -12 
    2   -14 
   20     2 
   -2    -6 
  -12    -6 
   18    18 
   -8    12 
   14     8 
   -6   -10 
    6     2 
   -2    18 
  -10   -22 
   16    16 
  -16    -4 
    4    10 
   -6    18 
   -6    18 
  -12     4 
  -16    24 
  -22   -10 
  -26     2 
   26   -20 
   -4   -28 
   16    12 
   -8     4 
   -8   -10 
  -22    10 
   -2   -18 
    6   -14 
   22     6 
    6     6 
  -24   -20 
   -4     4 
  -30   -10 
   26   -26 
  -24    -2 
   -4   -12 
   14    28 
  -16     0 
   16     8 
    2     2 
  -30   -26 
   -2   -18 
  -22    14 
   -6    32 
   30    36 
   24    14 
    6   -34 
  -28   -20 
   -4    16 
   -6     2 
    2   -10 
   36   -36 
    0     4 
  -26     6 
  -18    -6 
  -14     0 
   18   -12 
    4    16 
   24    24 
  -12   -12 
    0    -8 
   28    12 
   10    -8 
   16    40 
    0     0 
  -16   -24 
   20   -24 
  -30   -42 
  -26    38 
   14    14 
   18   -30 
   -8    22 
