4 14
100
   -1    -1    -1     1 
  112   256    80    68 
   28    32    40    34 
    1     1     1     1 
    1 0     1 0     1 0     1 0 
  112   256    80    68 
  -28 13   -28 13   -28 13   -28 13 
    1 0     1 0     1 0     1 0 
 -105 -15  -105 -15  -105 -15  -105 -15 
    0 1     0 1     0 1     0 1 
    3     1     3     1 

    1    -1    -1    -1 
    1    -1    -1    -1 
    1    -1     1    -1 
    1    -1     1     1 

   -1    -1     1     1 
    0     0     0     0 
   -1     1     1     1 
   -1     1    -1     1 
    0     0     2     2 
    0     0    -2     4 
   -1     1    -1    -1 
    0     4     0    -6 
    4    -4    -8    -2 
    4     0    -8    -2 
    6    -6     6    -6 
  -10    -6    -2    10 
    0     0    12    -6 
   -4     0    12     0 
    8    -4    10    10 
   12     4    -6     6 
  -12    12    -2    10 
    8   -12    14     8 
    8     0     6   -12 
    0     0   -14    -8 
  -10   -14    -2    -2 
    2   -14   -18    -6 
   -6     6    -2    10 
  -14     6    -6     6 
   16     8    14    14 
  -12    -8    -6   -12 
   -8    12    -8    16 
   12   -12     0   -18 
  -10    -2    14   -10 
   10    -2    14    14 
   -2    18    14    14 
   14    18    -6     6 
   10   -22    -6   -18 
   12    -4    -2    16 
  -12     4   -10    20 
  -18     6    18    -6 
   -6     6    14     2 
   10    -2    -2    -2 
  -18    -2   -14    10 
   -4    -4   -14    16 
   -4     4     2    14 
   22    10    -6     6 
  -14    14   -22    14 
    6    14     6    18 
    4     0   -18   -18 
   20     0    10   -26 
   18     2     2   -22 
  -14     2    26    14 
  -20    -4    16    10 
    0     4    -8    10 
  -12   -28   -12    18 
  -12    28    -4    -4 
  -10    10     6   -18 
   22    10     2    14 
   18   -14    14   -10 
  -18   -14     2    14 
   -2    10    -6     6 
  -18    10    26   -10 
   28   -12     2   -28 
   12    12     2   -22 
  -22    18    14   -10 
  -30     6     6   -18 
   26     6    -6   -18 
  -16   -28   -18    12 
   12    28    22    -2 
   32     0   -10   -10 
    0     0    18     6 
  -18    -2     2   -10 
   18    -2   -18    30 
  -26    -2    18   -18 
   -2    -2     2   -10 
   24     8     2     8 
    0    -8   -18    24 
  -34   -10    30    -6 
    6   -10    26   -10 
   36   -20     0    24 
  -20    20    -8    16 
  -18   -18    10    34 
   26   -18    -2    34 
  -36    28   -26    -2 
  -16   -28   -26    10 
    6    38    -6    -6 
  -18    38   -14   -26 
   -8     0   -10    -4 
  -24     0   -38    -8 
    0    16     0    12 
   24   -16   -16    20 
  -12   -12   -20     4 
  -12    12   -28    38 
   28    12   -24   -18 
   -8   -12    32     8 
  -24    -8    18    -6 
   -8     8     6     6 
   32     0   -36     6 
   16     0    28    16 
   30    -6    10    22 
   38    -6    42   -30 
   10   -30   -34    14 
   22   -18   -18   -18 
  -38   -18    30     6 
