2 0
100
   -1    -1 
    0     0 
    8     8 
    1     1 
   11 0    11 0 
  152    40 
   14 -23    14 -23 
    1 0     1 0 
  183 -9   183 -9 
    0 1     0 1 
   13     7 

    1    -1 
   -1     1 
   -1    -1 

   -1     1 
   -1     1 
    0     2 
    1    -1 
    2     0 
    4     0 
    2     2 
    0     0 
   -4     4 
    8     8 
  -10    -6 
    0   -10 
  -10    -8 
   -8    -8 
   10     4 
   -4    12 
   -2    -4 
   -8     4 
   12     0 
   16   -16 
   -2     2 
   -8   -10 
   -2    -2 
    6     6 
   -8     0 
   -4    -8 
    4    -4 
   12     4 
  -14    -2 
    0    10 
  -16   -18 
    2    -6 
  -12   -10 
    4    20 
  -14   -20 
  -10   -10 
    6     6 
   -4    18 
   14     2 
    6    12 
  -20     4 
    8    14 
  -12    18 
   -6    -2 
  -12     8 
   26    -8 
   18   -14 
  -10    -2 
   -2    -4 
   16   -20 
  -10    -4 
  -24    12 
    4   -18 
   24   -26 
  -18   -30 
  -18    -2 
  -18   -26 
   26    -6 
  -14     4 
   -4    -4 
   -2   -14 
   -6     6 
  -12    18 
  -12    -4 
   16    20 
    8   -24 
   12     8 
   -6    18 
  -14   -18 
    0   -30 
   34     2 
  -22     0 
   -4   -16 
  -10   -34 
    6    10 
  -12     4 
  -36    -4 
    2    30 
  -10    -2 
  -24    36 
  -32   -12 
   -6   -26 
  -36    10 
   34     8 
  -18     8 
   -8    32 
  -32   -16 
   -4    12 
   -6   -28 
   20    12 
    2    12 
   12    32 
   32    16 
   16   -24 
   20    16 
  -10    -6 
  -18    22 
   30    14 
  -22   -14 
   20   -38 
