3 0
100
    1     1    -1 
   40    20    28 
   10    10    14 
    1     1     1 
    1 0     1 0     1 0 
   40    20    28 
   -5 -54    -5 -54    -5 -54 
    0 1     0 1     0 1 
 -164 2  -164 2  -164 2 
    3 0     3 0     3 0 
    5     7    13 
    0     0     0 
    0     0     0 

   -1    -1    -1 
    1     1    -1 
    1     1     1 
    1     1     1 

    0     0     0 
   -1    -1     1 
   -4    -1     3 
    0     0     0 
   -4    -1    -5 
    0    -3     5 
    0     0    -4 
    2    -1    -5 
   -1    -1    -1 
   -2    -5     7 
   -2     4     0 
   -2     7    -9 
    0   -12     0 
   -8    -8   -12 
  -12    -3    -3 
    0    -3    -3 
    0    -6    10 
   -8    -5   -13 
  -14    10    -6 
   -6     6    -6 
   -6   -12     8 
   12    -6    10 
    0     0     0 
    2   -16    12 
    2   -10    10 
   -8   -11     5 
   12   -12    12 
    0   -18    -6 
  -10    -1    -5 
    4    -2    10 
   14   -10     6 
  -16    17    21 
    6    18     2 
  -18   -12   -12 
   12   -21    -9 
   10     7    -9 
    2    -1    15 
   22     4    -4 
  -22     2   -14 
   20     2   -22 
   10    -8   -20 
  -16     2   -14 
  -10    -1    -9 
    6     3    -9 
    8   -16     0 
    8   -22     6 
   -6    15    -5 
  -26   -11     5 
   -8    -8   -20 
   -2    22    22 
  -20    19   -21 
   18   -12   -12 
   -8    13     9 
    6    18   -18 
  -26    13     9 
  -14    -2   -18 
   -2    28    12 
  -18    -3   -15 
  -12   -12     8 
   18     0   -32 
  -22    14    10 
   -6     6   -18 
    4    16    12 
  -32    -8     8 
   -8     4     4 
   20    -1    -9 
   24     6    -6 
    6   -30     6 
   -2     4   -24 
  -30    -6     2 
   -2    16    -4 
  -24   -33     3 
    4    -2    -6 
    8    -7    13 
  -10   -19    29 
  -20     4    -4 
   20   -16    -4 
   22   -14    -2 
   10   -17    -1 
  -32   -26    18 
   12   -21   -21 
   10     4     8 
    2   -13   -37 
   36   -30   -18 
    8   -10    18 
  -32    34   -10 
  -24   -18   -22 
  -14    22   -18 
   12   -24   -24 
   36   -12   -36 
   -4   -19    33 
    4    10   -18 
   12     0    24 
  -28   -37   -21 
  -34    17   -27 
  -38   -14    18 
   30   -18   -18 
  -10    17    13 
  -10     5    25 
  -24   -30   -14 
