1 0
100
    1 
   24 
   12 
    1 
    1 0 
   24 
   43 -28 
    0 1 
  -68 -16 
    3 0 
    4 
    0 
    0 

   -1 
   -1 
   -1 
    1 

    1 
    0 
    2 
    1 
    0 
    0 
   -2 
    0 
    2 
    8 
   10 
    6 
    4 
    6 
    8 
   10 
  -10 
    2 
  -10 
    8 
   14 
   -1 
   -6 
    2 
    4 
    6 
    8 
    0 
    6 
    2 
  -18 
    6 
  -10 
   -4 
    6 
   -2 
   10 
  -18 
   -6 
   -2 
  -20 
    2 
   -6 
   14 
    8 
    0 
   10 
    2 
    8 
   18 
   24 
  -18 
  -18 
  -18 
   18 
   -6 
   -6 
    6 
    4 
   -6 
   -2 
  -22 
   26 
   28 
   -2 
    8 
   -6 
  -22 
    2 
   26 
  -14 
  -18 
  -20 
   18 
   30 
  -30 
   26 
    2 
  -22 
   30 
   -6 
  -18 
    2 
   20 
    0 
  -34 
  -16 
  -20 
   24 
   18 
  -16 
   30 
   18 
   12 
   42 
  -30 
  -30 
   30 
   22 
    6 
