5 0
100
    1     1    -1    -1     1 
   28    32    32    48    48 
   14     8    16     8    12 
    1     1     1     1     1 
    1 0     1 0     1 0     1 0     1 0 
   28    32    32    48    48 
  -37 56   -37 56   -37 56   -37 56   -37 56 
    0 1     0 1     0 1     0 1     0 1 
  154 14   154 14   154 14   154 14   154 14 
    3 0     3 0     3 0     3 0     3 0 
    5     6     5     7     7 

    1     1     1    -1    -1 
   -1     1     1    -1     1 
    1     1    -1     1    -1 
    1     1    -1     1     1 
    1    -1     1     1    -1 

   -1    -1    -1     1     1 
    0     0     0     0     0 
   -1    -1     1    -1     1 
   -2     0    -2    -2     2 
   -1    -1     1    -1    -1 
   -1     1    -1    -1     1 
   -4     2    -6     2    -2 
   -2    -4     8     0     4 
   -4    -2     0    -4     0 
    6    10     0    -4     4 
  -10     8     2     6    10 
   -2     8    -6    -2     2 
   -6     0    12     8     8 
   12    12    -4     0     0 
   12     6    -4   -12     4 
  -12     4     4    -8     4 
   -4     8     4     4    12 
    2   -12    12     4    -4 
  -12    -4    -8     0   -12 
    6     0    -8     0     4 
    8    -4    -6    14    -2 
   -2    -4     2   -10     2 
  -16     2   -18    18    -2 
    0     0   -18    14    10 
   16    14    20    -4   -16 
  -16    -2     4     4    -4 
    4    -4   -12   -12    12 
   10    12    12     4    12 
   -6    10    10    14     2 
   -8     2     2   -10   -10 
  -18     2     6     2     6 
   18   -14    -2    10    -6 
   -6     2   -10    18    -6 
    4     8   -12   -16    20 
  -18    18   -20   -12   -16 
  -10     6   -14     6    -2 
  -18   -14    10    -2     6 
  -12    10   -10   -14     6 
  -10    20     6    14    -2 
   16   -12   -20    -4    16 
  -20     4   -20    20     4 
  -14    -2   -10     2   -18 
   16     6     6    -6   -18 
   10    -8     6     6     6 
  -24     0    -8   -16   -24 
   12     0     8    24    -8 
    6    18    22     2     2 
   12    -2    14   -14   -14 
   12   -20    12   -12     8 
   28   -12   -20   -28    12 
   -4   -18    24    28    24 
    8    12    -8    24   -28 
   -6   -26   -22     2    26 
  -12    14    10   -22     6 
  -26   -14    -6   -30     2 
  -26   -22    -6    -6    -6 
  -22     6    10    26    -6 
  -18    22    -6    -6    26 
   -2   -14    -4    28   -16 
  -20     8   -12   -32     4 
  -20    -6   -10    18     2 
  -12    12    14     6    34 
   14    -2   -26    -6     6 
   28     0    12   -32   -20 
    4    10    20    20    20 
   32    18    -4   -20   -24 
   24     6    20     4     8 
   18     6    30    30   -10 
   -6   -22    -2   -26   -18 
  -34    14    -2    34    30 
   -2   -16    14   -10   -10 
  -14   -24   -32    -8    -8 
  -36     0   -24   -24   -16 
    6    -6    -6   -34    22 
  -26    -2    10   -10    -6 
    0   -12    20    12   -20 
   -4    16    20     4     4 
  -18     8    22    22    -2 
   12     6   -26    -6    30 
    4   -20    16     0    12 
   36    26     8    28    -4 
  -14     6   -14     6    -2 
   -6    38   -22    -2   -26 
   22    -8    24     8    -8 
  -36   -16   -16    24    16 
   12    -4    28   -16     0 
  -20    36    20     0    -8 
   -4    20   -28   -12     4 
    0    16    20   -12    24 
    0   -32   -12     0    20 
  -28    18    -4   -12    36 
  -28     6    32   -20    40 
   -8   -18     0   -36     0 
  -30     6     0     4    28 
  -24    -6   -16   -28   -16 
  -18    -6   -14   -22    18 
   20    30    -6   -30    18 
  -28   -30    14    34    26 
   20    -2    30    30    10 
  -38    30   -34   -10    -2 
