1 0
100
    1 
  740 
    5 
    1 
    1 0 
  740 
   43 12 
    0 1 
   52 -16 
    3 0 
   40 
    0 
    0 

   -1 
   -1 
    1 
   -1 

    0 
    0 
   -1 
   -1 
    0 
   -1 
    5 
   -2 
    2 
   -7 
   -2 
   -5 
    6 
    8 
   -5 
    5 
  -15 
    6 
  -12 
   -5 
   14 
  -14 
    0 
   -7 
   -8 
    8 
   -9 
  -16 
    2 
  -12 
    6 
    6 
   -8 
    9 
   12 
   12 
   -2 
    0 
   -7 
   14 
  -21 
    6 
   -6 
    6 
   -3 
    4 
   10 
   -4 
    2 
   16 
  -12 
   12 
  -10 
   18 
   18 
  -11 
    1 
   22 
   -5 
   19 
   -2 
   -5 
   12 
    4 
   -4 
   16 
  -16 
   -1 
   27 
  -19 
   26 
   34 
   -8 
   28 
  -14 
  -28 
    7 
   21 
   28 
   30 
   40 
   30 
   16 
  -10 
  -31 
   30 
   -2 
   28 
    0 
    4 
  -25 
    1 
   27 
  -39 
  -24 
  -18 
    4 
   38 
    3 
  -18 
