4 2
100
   -1    -1    -1     1 
    0     0     0    80 
   10    10    12    10 
    1     1     1     1 
    3 0     3 0     3 0     1 0 
   16    88    24    80 
   59 -8    59 -8    59 -8    59 -8 
    0 1     0 1     0 1     0 1 
   -2 -22    -2 -22    -2 -22    -2 -22 
    3 0     3 0     3 0     3 0 
    3    21     7     9 

    1     1     1    -1 
   -1    -1     1    -1 
    1     1    -1     1 
   -1    -1    -1    -1 

   -1    -1    -1     1 
    0     0     0     0 
   -1    -1     1    -1 
   -4     2     0     2 
    0     0     0     0 
   -2     4    -2    -2 
    0     0    -2     0 
   -6     6     4     0 
    8    -4    -8    -4 
   -4     2    -6     8 
   -6     6     2     0 
    2     2     6     8 
    6    -6     8    -6 
    0     0     0    -6 
    4    -8     0    -8 
    8    -4    -4     8 
  -12   -12     4     0 
   -2    -2    -8     4 
    8    -4   -12     8 
   -8    -2     2    -8 
   12     0    18    12 
   10    -2    -6    16 
  -10    -4    12   -10 
  -12     0    14     6 
    8   -16     0     8 
   -8    -8    -8    16 
   12    12     8     0 
   -6   -18    -4    12 
    8   -10    16   -10 
  -14    -8    20   -14 
   12    -6   -12     0 
    2     2     2    -4 
  -10     2    14    -4 
   -6     0   -14   -12 
    0    -6   -14     0 
   14   -10    -2     2 
    6   -18    14    18 
   -2    16    16    -2 
   18    18    14    -6 
   16    16    12    16 
   -4    20    -8   -16 
    4    -2    -8   -20 
  -14   -20    24    10 
  -10    14    10    14 
    0     0   -24    -6 
    0   -12   -16    -6 
  -22   -10    14     2 
   -6    12    12    18 
   12   -12    28    12 
   10    -8    10    -8 
  -16    -4     0    20 
   16   -20   -12    28 
   10    10   -26   -20 
  -12   -24    -6     0 
  -14   -14   -14    -2 
  -22   -10    14     2 
   -6    -6   -22     6 
   10   -26    -2    22 
  -12    -6   -10    24 
  -16    -4    16   -16 
   26    20    28    14 
  -24   -12   -18    18 
   14     2   -30    26 
   -2    16   -26    -8 
  -28     8   -32    -4 
  -24   -24    16    24 
   16    16   -16   -32 
   18    18     2     6 
    6    18   -30   -18 
    2    14   -14    14 
    2   -10    18    26 
    6    30    12   -30 
   18     0     6    -6 
    2   -34    22   -34 
   24    -6   -20    -6 
    8    32   -20    20 
  -28    -4     8   -28 
    2   -22    34    38 
   -6   -24    36   -30 
   24    24    12   -36 
  -12    36   -12   -12 
  -18    -6    14    30 
   -6    18   -22     6 
   -6    18    12    30 
    2    32   -10    14 
  -16   -40     0    14 
   20   -16   -32    26 
   28     4    16    40 
    4    -8    24    40 
  -42   -36    -6    12 
  -28    32   -28     8 
   24   -24    36   -24 
   24   -36     4     0 
   20   -34    14   -40 
  -24    12    16     0 
   18     6   -42    30 
  -14    -8     8    10 
   14    -4    16    14 
   40    16     2    10 
   -2   -38    -6    -2 
