15 11
100
   -1     1    -1    -1    -1    -1     1    -1     1    -1     1    -1    -1     1     1 
   84     0    28    48    16    16    36    24    32    60    12    28     0    60   228 
   14    14    14     8     8     8     6    12     8    10     6    14     8     6     6 
    1     1     1     1     1     1     1     1     1     1     1     1     1     1     1 
    1 0    -7 4     1 0     1 0     1 0     1 0     1 0     1 0     1 0     1 0     1 0     1 0     3 0     1 0     1 0 
   84     8    28    48    16    16    36    24    32    60    12    28    12    60   228 
  -69 -16   -69 -16   -69 -16   -69 -16   -69 -16   -69 -16   -69 -16   -69 -16   -69 -16   -69 -16   -69 -16   -69 -16   -69 -16   -69 -16   -69 -16 
    0 1     0 1     0 1     0 1     0 1     0 1     0 1     0 1     0 1     0 1     0 1     0 1     0 1     0 1     0 1 
  -74 26   -74 26   -74 26   -74 26   -74 26   -74 26   -74 26   -74 26   -74 26   -74 26   -74 26   -74 26   -74 26   -74 26   -74 26 
    3 0     3 0     3 0     3 0     3 0     3 0     3 0     3 0     3 0     3 0     3 0     3 0     3 0     3 0     3 0 
    9     2     3    13     9    17     5     7     2    13     1     7     2     7    25 

    1     1     1    -1    -1    -1    -1    -1    -1    -1    -1    -1    -1    -1    -1 
    1    -1     1    -1    -1    -1    -1     1    -1    -1     1     1     1     1     1 
    1     1     1     1     1     1     1     1     1    -1    -1    -1    -1    -1    -1 
    1     1     1     1     1     1    -1    -1    -1    -1    -1     1     1    -1    -1 

   -1    -1    -1     1     1     1     1     1     1     1     1     1     1     1     1 
    0     0     0     0     0     0     0     0     0     0     0     0     0     0     0 
   -1    -1    -1    -1    -1    -1    -1    -1    -1     1     1     1     1     1     1 
   -4     0     0    -2    -2    -2    -2     0     0    -2    -2     0     0     0     4 
   -1    -1    -1    -1    -1    -1     1     1     1     1     1    -1    -1     1     1 
    0     0     4    -4     0     4     2     2     2    -4    -4    -2     4     2     2 
   -4    -4    -4     2     2     2     4    -2     2     0     4    -4     2     4     4 
    0     8    -4    -4     4     4     0     0    -4    -6     6     2     2     6    -6 
    2     2    -2     8     0     0    -2     0    -8    -4     4     4    -2     0     4 
    2    -2     2     0     0    -8     4   -10    -6     2   -10    -4    -4     8     8 
    2   -10     6     6     2     6     6    10     2     6     6     6    -6    -2     6 
    2   -10     6     6     2   -10    10     2    -6    -2   -10    -6    -6     2     2 
    4   -12     0     0    -8    -8   -12     4     8    -6    -2     6    -6    10    -2 
    0    -8     0     0    -8     0    -8     8     0     0     0   -12   -12    -4   -12 
    4     0     0    -4     0    -4    -4    -8     0     8     0    12   -12     4    12 
   -4   -12    12    -4   -12    12     4    -4    -4    -4     4     0   -12     8    -8 
   -4    -8    -8    -4     8    -4    12    12    -4    12    -4     4     4    12    -4 
    4     4     8    12    -4   -12     8    -4     8     2    -2    14   -10     2    -2 
  -10     2     6   -12     0    -4    10    -4    12     4   -12   -12    -6     8   -12 
    2    -2    -6    -8     8     0   -12     6     2    -2    -6     0     0   -12    12 
    8     8    -8    10     2    10     4    10   -18     0     4    16    -2    -8    16 
  -14   -10    -2    -2    10    -2     2     2    -6    -2    -2    -2   -14    14    -2 
   -6   -14    -6    -2    18    -2     0    -8    12    -4     0    -6   -12   -14     6 
    0    -4   -12    10     6    -6   -12   -14    14     0    -4    12    18     4    -4 
    4   -12    -4    16    16   -16     4    -8     0    16     8   -16     8    -8   -16 
   -2    -6    14    -4   -16     4    14     0     8     8    16    -4    14     0     4 
  -16   -20   -12   -12    -8   -12    -4     0    -8   -12   -12    12   -12    12   -12 
    0    -8    12   -12   -12    -4    16     8     4    18    -2    -6    18    14   -14 
    0     4    20   -18    -2    14    18     8   -16    10     2    -4   -16    -4   -16 
    6   -10    -2    -2     2    -2    20     8    20    -8     4    -2     4   -10    10 
   12   -20   -12     6    10     6   -18   -12   -12    -6    10   -12     0   -12    -8 
   -6   -10   -18   -18    18    14    -2     2     2     2     2     6    -6   -10    14 
   -2     2   -14     6    10     6    -6   -18    14     2    18    10    -2    18    -6 
   16    -8    12    16   -12     8     2     2   -14     0   -16    18    12    14   -10 
  -18    14    18    12     0   -12     4    -6    14     6    -6     0    12    12   -12 
  -18    -2   -18     6   -18     6    10    -6     2    10    -6    -6    -6    -6    -6 
   22   -10     6   -14    10     2    18   -10    14   -18    14     6   -18   -10    14 
   10    10   -14   -18    10   -18   -12     4    16    16    -4    10    16   -14    14 
  -22   -22     2   -10     6   -10   -22     6    14    18   -22     2     2    -6     2 
  -10     6    10    24   -24     0    -2    -4    12    16    16   -20    -2   -16     4 
   -4    -4    -4   -20     4    12    16    -8    -8    20    -4    20    -4     4    20 
  -20    20   -20   -10   -22   -10     2    16    -8    -2    22   -20     4   -20    -8 
   14     6   -18    22    18    22     8   -12    24   -20     0     6     0   -18    -6 
  -26     6     6   -18    -2   -18     6     2    10    14   -18   -18    18    14     6 
   24     8     0     0    16    16     0   -24    24     0    -8   -12   -24    12   -20 
   16     0    24     8     0   -24    -8    -8   -16   -12    12   -12    24   -20   -12 
   -2   -18    14   -14   -14    18    -6   -22   -14    10   -22    14   -22    14   -10 
   14    14   -10    -2     2   -18     0    -8   -12   -12    16     2   -16    10   -26 
  -22    18    22     0    -8     8   -14     4    28   -12    12    16    -2     4    24 
   -4    -4     8   -24    20    16   -26    -6    10    -8     8     2     8     6   -10 
   -2    -2    18     0   -24     8    18     8     0    -4    20   -12   -30     8   -28 
   28    -4   -12     4    12   -28   -12   -12    12    20   -12    24   -24     0   -24 
   18    14     6    22   -22     6    10   -14    26   -10    -2    18     6   -14    10 
    0    24   -24   -14     2    18    -4   -14     6    24    28     0     6    -8    16 
    2   -14    18   -22    18   -22   -26    -2    14    14     6    30     6    -2   -18 
    2    -6    -6    10   -14   -22   -18     6    14   -10    30   -30    30    18    -6 
   -6    10    -6    26    -6    -6   -22    26   -22    -6   -22    18    18     2     2 
   18    10    -6   -30    10   -30   -18     6    -2   -26    30    -6     6    -6   -30 
   18   -22    -2    20   -24    28    -4     6    10     6   -22   -20    16   -24     8 
   12   -28    -4   -12    20   -28     0   -16    16    -4    28     8    -4    32    16 
   -2    -2   -10    14     2    -2    32    -8   -28   -20    24    26    32   -14   -18 
    4     0    24    18    -2   -30   -24    26   -18   -12    24   -24    -6   -16    24 
  -10   -26     6    10    -6    -6    30   -14   -30     2    -6     6    -6   -26     6 
   -4   -20   -16    32    12    -8     2    22   -26    16   -32   -10   -16   -14    34 
   -8     4    28    28     0    12    20    -8    32    -8    16    28     4   -20   -20 
    0   -32     0   -16   -24    32   -28     0   -16    24    -8     0    24     0    -8 
    0    24   -24    32   -16     0    -4   -24    16   -16    -8   -24    12    24    16 
   10     2    18    22   -18   -10    18     2     2    18    -6    -6    18   -22    18 
    6   -34   -18     2    -6    34    -6    -2    30   -18    14    -6   -30    10     2 
    2    -6    10   -14    10    18   -18    -2    14   -14     2   -26    10   -26   -10 
  -14    10    26    -2   -26    -2    26     6   -18    10    26    14   -10   -18   -10 
    8    24    12     8   -24    16     4     0    12    30    26     6    18   -30   -10 
  -20    12     0    36     0   -20    30     2    -6     0    24   -30    12   -10     6 
  -22    10    10     2    34   -14   -14   -10    22   -34    -2    10    -2   -22    10 
  -16    -4    -4    -2   -18   -34    22    20    20     6   -10    -4    -4    -4     8 
  -12    20    -4   -20   -20    -4    28   -20    20   -32    24   -16   -16    -8     0 
    4   -32    16    -4   -16    12    -4    16    -8     4    20     4   -20   -20    -4 
   26     2   -22   -10    14    22     2    18    34   -22    34     2   -10    -6    10 
   38    22    -2    14   -14   -18    20    -8    36   -24   -12    -2   -20    22    -6 
  -28    -4    36    20   -20    36    -4   -20   -12   -24     0     0    24    -8     0 
   12    24   -24     4     0    20   -24   -12   -12    36   -28    12    12    36    20 
   -2   -10    14    22   -10   -10    10   -14   -14     6     6     2     2    10    -6 
   -2   -26   -26    10    34   -38    14    34   -22    18    26    10    10   -38     2 
   12    -4     0    24   -32     0   -32   -24    12    18    22   -30    18    30    34 
    8     8   -12   -12     0    12   -14    18    10   -32    24   -30     0    30     6 
  -24    16    -8   -16   -16   -32    40     8     0   -40    -8    28    16   -28   -20 
   16    32   -32    16   -24     0     8    16   -32   -16     0   -32   -20    16     0 
   12     4   -12   -20   -36    -4   -36     0    16     4    12   -12   -12   -12    36 
   22    30    -6    40    40   -32   -14    24    24    -8    24   -24    30   -12   -24 
  -24    16   -36   -16   -36    24    34    18    -6   -36   -12     6   -24    -6    42 
    8   -12    12     4     0     4   -20    28    28   -32   -24   -36    12    28    12 
  -20   -20    36     0     8     0    32    -4    36   -24    -8   -24    24    32    -8 
   24     0     0     8    -8   -24    16    12     4   -36   -12   -24     0   -24     0 
   26    38    42   -16   -24   -24     0    18    14   -34    10    12     0   -24   -32 
  -36    36   -36     0    24     0    24   -32    16    12   -28   -24    24   -32    32 
   10    10    -6   -30    10     2   -10    -2   -42     6   -34   -30     6   -14   -22 
  -18   -42   -18    -2    -6   -18    36   -12    -8     8   -36    18   -12    -6    30 
   42     2    26   -18   -14    -2    -8     4   -16     4    16   -34   -28    22   -38 
   12    40    32     2    38   -14    -4    38     2    16   -36   -16    38   -40   -24 
   -2    22    22    34    10   -30    42   -10     6    38    22    10    10   -22   -14 
