1 4
100
    1 
   24 
    6 
    1 
    1 0 
   24 
   18 -17 
    1 0 
  135 1 
    0 1 
    7 
    0 
    0 

   -1 
   -1 
   -1 

    2 
    0 
    2 
   -3 
    1 
   -3 
    4 
    4 
   -4 
   -5 
    1 
   -3 
   12 
    3 
    0 
    0 
   -3 
    8 
   15 
   10 
   12 
   17 
   15 
    0 
  -14 
   14 
   12 
  -17 
   -4 
  -19 
  -14 
  -14 
   18 
  -10 
   10 
  -10 
  -10 
  -22 
   13 
    6 
  -16 
  -24 
   -1 
   -6 
   18 
   -3 
    9 
   -6 
   20 
   10 
  -17 
  -18 
   -4 
   -9 
  -22 
    3 
  -15 
   20 
   -1 
   -4 
   -6 
    9 
   -6 
  -28 
   -2 
   -3 
    8 
   27 
   12 
   10 
  -10 
   -6 
   -4 
   -4 
   26 
  -20 
   30 
  -12 
   18 
   30 
    0 
  -22 
  -17 
   -5 
   40 
   15 
   20 
   31 
    9 
   13 
   27 
    0 
   15 
    6 
  -16 
    5 
  -20 
   19 
  -20 
  -20 
