2 2
100
    1     1 
   60    84 
    6    14 
    1     1 
    1 0     1 0 
   60    84 
    4 -23     4 -23 
    1 0     1 0 
  183 -19   183 -19 
    0 1     0 1 
    4     4 

   -1    -1 
    1    -1 
    1    -1 

   -1     1 
    0     0 
   -3     3 
    0     0 
   -2     2 
   -5    -5 
    4    -4 
   -6     6 
    0     0 
    5    -5 
    5     5 
    4     4 
    7     7 
   -1     1 
    0     0 
   -4    -4 
  -13    13 
  -12   -12 
   14   -14 
    8    -8 
   -2    -2 
   -7     7 
   15   -15 
    5    -5 
    1    -1 
    0     0 
   -6     6 
    8     8 
   -2     2 
   12   -12 
   -3    -3 
    2    -2 
    1     1 
   -4     4 
   12   -12 
  -11   -11 
   22    22 
    7     7 
   17   -17 
   16    16 
  -24    24 
  -22    22 
   12    12 
   24   -24 
   12    12 
    5     5 
   -1     1 
    2     2 
  -24    24 
    1    -1 
   24    24 
    6    -6 
   24   -24 
   21    21 
    0     0 
    5     5 
   22   -22 
  -17    17 
   -6    -6 
  -31    31 
   21   -21 
   -2    -2 
  -22    22 
  -12   -12 
    4    -4 
  -12   -12 
   16    16 
   18   -18 
  -18   -18 
   26    26 
  -17   -17 
   15   -15 
   17   -17 
   -2     2 
  -22   -22 
    0     0 
    4     4 
   22   -22 
  -30   -30 
   21    21 
  -31   -31 
    9     9 
  -10   -10 
    5    -5 
   40   -40 
   -8    -8 
   23    23 
  -37    37 
   -7    -7 
  -13   -13 
   -3     3 
  -21   -21 
  -24   -24 
   16    16 
  -12    12 
  -23    23 
    3    -3 
   30   -30 
   19   -19 
   29   -29 
