1 2
100
   -1 
   48 
    8 
    1 
    1 0 
   48 
   75 -24 
    0 1 
  -44 -28 
    3 0 
    8 
    0 
    0 

    1 
    1 
    1 
    1 

   -1 
    0 
    4 
   -1 
    0 
    2 
    2 
   -4 
   -2 
   -8 
    0 
    4 
   -6 
    4 
   -1 
    0 
   -2 
    4 
    8 
  -12 
   12 
  -14 
   -8 
  -10 
    4 
  -16 
   -2 
    0 
  -10 
  -12 
   12 
   -2 
    8 
   12 
   -6 
   -6 
  -14 
  -10 
   -2 
    8 
    4 
    2 
    6 
  -10 
    6 
   -6 
    2 
   -6 
  -10 
   12 
   16 
   28 
   -2 
   12 
   -2 
   -2 
  -18 
  -26 
  -12 
    4 
   22 
   22 
  -28 
   12 
   22 
  -24 
    0 
  -30 
  -22 
   22 
   18 
    0 
   20 
   16 
   10 
  -20 
    0 
  -14 
   -6 
   16 
  -24 
  -38 
   38 
   20 
  -12 
   26 
    6 
    4 
   16 
   -8 
   -6 
   40 
    0 
  -24 
  -36 
   18 
  -18 
  -14 
  -26 
   20 
