6 0
100
   -1     1     1     1    -1     1 
    0    40   108     0     0   240 
    5     5     9     8    11    15 
    1     1     1     1     1     1 
   -7 4     1 0     1 0     3 0    -7 4     1 0 
   64    40   108    32    56   240 
   -8 -25   -13 8   -13 8   -13 8    -8 -25   -13 8 
    1 0     1 0     1 0     1 0     1 0     1 0 
  -25 -75   -65 -5   -65 -5   -65 -5   -25 -75   -65 -5 
    3 0     0 1     0 1     0 1     3 0     0 1 
   10    10     6     6     2    14 
    0     0     0     0     0     0 
    0     0     0     0     0     0 

    1    -1     1     1     1    -1 
   -1    -1     1    -1    -1     1 
    1    -1    -1     1     1    -1 
   -1     1     1     1    -1    -1 

   -2    -2    -1     1     1     2 
   -1     1    -1    -1    -1     1 
    1     1    -1     1     1    -1 
    0     0     0     0     0     0 
   -4    -2     1    -4    -1     2 
    3     3     0     0     0     3 
    5     5     1     2    -1    -5 
    5     5    -5     4     5    -5 
    1    -1    -1    -1     1     1 
   -5     7    -7     0     7    -7 
    0     2    -6     6    -6     2 
    9    -3   -12     2   -12    -3 
   -2     8     4     0     4     8 
   -8   -12    -4    -8     4    12 
   -6   -10    -3    12    -3   -10 
  -10     0   -10     4   -10     0 
   -3    -7     3    12    -3     7 
  -12     8    -3    -8    -3     8 
   10    12   -16    12    16   -12 
    4     2    -7   -12     7    -2 
   -7    13    11    14    11    13 
    4     8   -16   -18    16    -8 
   13    -3   -13    -2    13     3 
    6     2     6    10    -6    -2 
    0   -16     6     0    -6    16 
   11    -1   -13     4   -13    -1 
   18   -12    -3     0     3    12 
    2    18    -4    12    -4    18 
    8    20   -14    -2    14   -20 
  -17    15    14    -2   -14   -15 
  -12    14     3    14     3    14 
  -13    -1    10    10   -10     1 
  -20     2     4     6     4     2 
   12   -18    12    -8   -12    18 
   -5     7   -10    12    10    -7 
   -1    15    11    22    11    15 
  -18    10    -6   -10    -6    10 
   -3    -7    21    18    21    -7 
  -21   -17    15   -14   -15    17 
   18    14     6   -12     6    14 
   13   -11    -4   -20     4    11 
   -4    10    -5   -22     5   -10 
  -24    14    21     2    21    14 
   -6    -6   -21   -14    21     6 
    2    12   -25    16   -25    12 
  -27    17   -24    12   -24    17 
    1   -11    23   -10   -23    11 
   16   -26    -8    -6    -8   -26 
  -14    12    -4    12     4   -12 
  -14     2    -4     8     4    -2 
   24   -12    12    12    12   -12 
  -15   -27   -18   -28    18    27 
   17     9     4    18    -4    -9 
  -15     9    -3     6    -3     9 
   -7   -27     7    22    -7    27 
   -2     8   -26     2   -26     8 
   -6     2   -18   -18    18    -2 
  -14   -18    20    -6   -20    18 
  -14    24    22    20    22    24 
  -11   -11    -4   -28     4    11 
  -18    10   -18    14    18   -10 
  -31    29    -4   -30    -4    29 
    0   -26    12    26   -12    26 
   26   -12   -25   -20   -25   -12 
    8    28    28     8   -28   -28 
   10    12     4   -24     4    12 
   11   -33    32     0    32   -33 
   18    -2    -9    18     9     2 
   17    33   -31   -14   -31    33 
   10   -20   -20     2   -20   -20 
    0    10   -21    14   -21    10 
   -8     0   -16     0    16     0 
   22   -10   -16     0    16    10 
   25    29    32   -10   -32   -29 
  -14    34   -32   -26   -32    34 
  -19    25     2    36     2    25 
    5     5     5     8     5     5 
    0    18   -18    18    18   -18 
  -32   -32   -17   -38   -17   -32 
  -40   -20   -16     4   -16   -20 
   -6   -30    27   -20    27   -30 
  -32    22   -17   -10   -17    22 
   11   -33   -22    -2   -22   -33 
   32    12    -2   -16     2   -12 
   12   -18    12   -24   -12    18 
   -9    35   -15    -4   -15    35 
   -8   -20     1    20     1   -20 
   27   -21   -18    12    18    21 
  -30    -6   -18    -4   -18    -6 
  -21     3     3    -8     3     3 
  -28   -42   -41     8    41    42 
  -33    -5   -18   -24   -18    -5 
   20   -40     8    32     8   -40 
   11    19   -31   -28   -31    19 
  -36    -6   -12    24    12     6 
    6    12   -24   -14    24   -12 
  -21   -33     0    30     0    33 
   -6   -10     6    10    -6    10 
   16     2     2   -10    -2    -2 
   16    -8    11    -2   -11     8 
