1 0
100
    1 
   72 
   12 
    1 
    1 0 
   72 
   50 -1 
    1 0 
    7 49 
    0 1 
    6 

   -1 
    1 
    1 
    1 

   -1 
    0 
    0 
    0 
   -1 
   -1 
   -2 
    0 
    0 
    8 
    2 
   -2 
   -2 
  -12 
   12 
   -4 
    2 
    0 
  -16 
   14 
   10 
    2 
   -6 
   -4 
   16 
   -6 
   -6 
    8 
   10 
   -6 
    0 
    2 
  -20 
   20 
    0 
   16 
   -8 
   22 
    8 
   -8 
   18 
    2 
  -18 
  -24 
  -12 
    8 
  -10 
   -4 
  -12 
   10 
   18 
    0 
   18 
    6 
    6 
    2 
  -14 
   22 
  -12 
   20 
   -6 
  -26 
   14 
  -12 
   16 
  -18 
  -26 
   -6 
    6 
  -22 
  -14 
    0 
  -22 
   10 
  -16 
  -12 
    4 
  -20 
   30 
   30 
   38 
  -36 
    8 
  -40 
  -38 
  -26 
  -10 
  -22 
   20 
   -4 
   36 
  -24 
  -24 
   -8 
   24 
  -32 
   42 
   18 
   34 
   14 
