1 0
100
    1 
   16 
    8 
    1 
    1 0 
   16 
 -169 16 
    3 0 
  -43 -51 
    0 1 
    3 

    1 
    1 
   -1 
    1 

   -1 
   -1 
   -2 
   -1 
    2 
    1 
    2 
    0 
   -8 
   -4 
   -8 
   -6 
   -2 
   -8 
  -12 
   12 
   -8 
  -16 
    8 
   -1 
   -6 
   -6 
  -12 
  -18 
   -4 
    0 
   -6 
    8 
  -14 
   16 
    8 
    0 
  -18 
    0 
   12 
   -6 
   -6 
  -12 
   18 
   16 
  -16 
    6 
   -6 
   14 
   10 
   12 
    2 
  -10 
    0 
   12 
   14 
  -12 
    0 
   10 
   -2 
   -2 
  -22 
  -30 
  -10 
    4 
  -14 
  -14 
   -2 
   16 
  -32 
   -4 
  -24 
  -10 
  -24 
  -20 
   -2 
  -10 
   20 
  -18 
  -10 
   -4 
   10 
    2 
   -8 
   32 
   16 
    6 
    6 
   -2 
  -12 
   10 
   34 
    0 
   -4 
   -4 
  -22 
    4 
  -24 
  -40 
  -16 
   -6 
  -30 
   14 
   30 
  -16 
