5 0
100
    1    -1     1    -1     1 
   18    28    84    12    22 
    9    14    14     6    11 
    1     1     1     1     1 
    1 0     1 0     1 0     1 0     1 0 
   18    28    84    12    22 
  -53 10   -53 10   -53 10   -53 10   -53 10 
    0 1     0 1     0 1     0 1     0 1 
   10 20    10 20    10 20    10 20    10 20 
    3 0     3 0     3 0     3 0     3 0 
    3     2    14     4     3 
    0     0     0     0     0 
    0     0     0     0     0 

    1     1     1    -1    -1 
   -1    -1    -1    -1    -1 
   -1     1    -1    -1     1 
   -1    -1    -1    -1    -1 

   -1    -1    -1     1     1 
    1     1     1     1     1 
   -3     0     2    -2     3 
    0     0     0     0     0 
   -1    -2     4    -4     1 
    1     1     1     1     1 
    1    -4    -4     4    -1 
   -4     4     6    -6     4 
   -4    -2     6    -6     4 
   -1     4     4    -4     1 
   -9     6     6     6    -9 
  -12    -6    -2    -2   -12 
   12    12    -8    -8    12 
    0     6   -10    10     0 
    0     0     0     0     0 
   12   -12    12    12    12 
    5   -14    10   -10    -5 
  -10    -4     0     0   -10 
   15     0     0     0   -15 
   -6    12    -6     6     6 
    8     2    -2    -2     8 
    5    16     0     0    -5 
   -6   -12     4    -4     6 
   -6    -6    14   -14     6 
   14     4    14   -14   -14 
   14   -16   -16   -16    14 
    0     6   -10    10     0 
    6   -12    -4    -4     6 
    5    -2   -10    10    -5 
  -19     4   -14    14    19 
  -18    -6   -18   -18   -18 
   -6   -12    14   -14     6 
   14   -10    -6    -6    14 
   18     0     8    -8   -18 
   18   -18     8    -8   -18 
   -3    -6     2     2    -3 
    6    -6   -14   -14     6 
   -4     2     6     6    -4 
   23    10    18   -18   -23 
    2    20    -8    -8     2 
   17   -20    22   -22   -17 
    8   -20   -22    22    -8 
   24   -18    -6    -6    24 
    3     6    18   -18    -3 
   -6    12   -16   -16    -6 
    9    12     4     4     9 
  -16    -2    14   -14    16 
   26    14   -14   -14    26 
   14    -2     4    -4   -14 
    8    16    -2     2    -8 
  -21    24     4     4   -21 
    3   -12    18   -18    -3 
  -21     0    24   -24    21 
    9   -18    -6    -6     9 
  -27    30   -12    12    27 
    6    30     6     6     6 
    9     6     4    -4    -9 
   -6   -18   -16    16     6 
  -16     8     4     4   -16 
   -4   -20    -4     4     4 
   20   -26   -10    10   -20 
    9    -6    14    14     9 
   12    24   -28    28   -12 
    2   -28    32    32     2 
   26    10    -4     4   -26 
   18   -24     8     8    18 
  -24     0   -24   -24   -24 
    0    -6     0     0     0 
    0    -6    30    30     0 
   -1    14   -26   -26    -1 
    2    26     2     2     2 
  -24   -30    -4     4    24 
    6     6   -34    34    -6 
  -31     4   -26    26    31 
  -13   -10   -38   -38   -13 
   -4    -4    16    16    -4 
   -1   -16     4     4    -1 
  -25    -2   -10    10    25 
  -22     2    18    18   -22 
   -3   -12    12    12    -3 
  -12     0   -12   -12   -12 
  -10   -10   -10   -10   -10 
   -7     2   -22   -22    -7 
   15   -30     0     0   -15 
    0   -30   -10    10     0 
    8    32   -32   -32     8 
    2   -28    -8    -8     2 
   27   -24    22   -22   -27 
   18   -12    28    28    18 
  -18    36    -8    -8   -18 
    6    -6    36   -36    -6 
   27   -24    12    12    27 
   21   -24    -4    -4    21 
   21   -24   -24   -24    21 
   24   -12   -16    16   -24 
    0   -18   -30    30     0 
  -45    30    20   -20    45 
   -4    34    26   -26     4 
   26    10    16   -16   -26 
    8    16   -32    32    -8 
