4 0
100
    1    -1     1    -1 
   28    20    20    24 
   14    10    10    12 
    1     1     1     1 
    1 0     1 0     1 0     1 0 
   28    20    20    24 
  -37 16   -37 16   -37 16   -37 16 
    0 1     0 1     0 1     0 1 
   34 14    34 14    34 14    34 14 
    3 0     3 0     3 0     3 0 
    1     3     2     5 
  -10     0     0     0 
    0     0     0     0 

    1     1    -1    -1 
   -1     1     1    -1 
    1     1     1     1 

   -1    -1     1     1 
    0     0     0     0 
    0     0     0     0 
   -2     2    -4     2 
   -2    -2     4     0 
   -2     2     2     0 
   -4     0     0    -2 
   -4     0    -6    -4 
    4    -4     8    -4 
    0    -8     4    -8 
   -8     0     6    10 
   -8     8     2    -6 
   -2    -6     6     8 
   -2     6     0     8 
    0    -8     4   -12 
    0     8     8    -4 
   -8     0   -12    -4 
   -8     4    -2    -4 
    0     8     8   -16 
    0     8     8     0 
    8   -12   -12   -10 
   -8   -16   -10     2 
  -10   -10   -10    -6 
  -10    -6    12     2 
   16    -8    -8     8 
   16    16    -8     0 
   -8     0    12     4 
   -8    12    -6     4 
   -6   -10     8    10 
   -6   -14   -14     2 
    4     0    12     6 
   -4     4    -2    18 
  -12     4    10    10 
    0    12     6   -20 
    0     0     0   -20 
  -10    -2   -14     6 
  -10   -18    -6   -10 
  -18    -2    -2     2 
   18    -6    18   -18 
  -16    16    16    -4 
  -16   -16    -4   -12 
  -16   -20     4    14 
  -14    10   -14     2 
   14    14   -10   -18 
   18    -6     0     8 
  -18     6     0     8 
   14    -2    22     2 
  -14    18    -6    14 
   20    12    12   -20 
  -20     8   -10    -4 
   12    20   -16    12 
   12   -28   -16     4 
   -4   -20    10    26 
    4     0    12   -18 
   18     2    14     2 
  -18    -2    22    30 
  -30    -6     6     6 
  -30   -22   -10   -26 
  -24   -24    12     4 
  -24   -16   -16    -4 
    6    14    26    14 
  -14   -18    24    18 
   14   -26   -14     6 
  -12     8     2   -20 
  -12    -4   -28    -4 
   32   -24    24    -8 
  -32    32   -16   -24 
  -18     6    18   -18 
   18    18    -6    18 
  -10    14     2    -2 
  -10   -26    -2    30 
    6   -30     6    16 
   -6     6   -18     0 
  -14    34    -2   -10 
   14    -6    24    34 
   20   -20    -8    -4 
  -20   -28   -28     4 
   -2    38     2    -2 
    2   -30    -6   -30 
  -20    36   -24   -12 
   20    12    12   -36 
  -22   -30    18   -10 
  -22    -6     6   -26 
   10    30    -6     8 
  -10   -14    -2     8 
   10   -14    16   -16 
  -10   -26   -20    32 
  -24    40    28    28 
  -24    40     4   -12 
   32   -12    42    12 
   32     8   -28    12 
    0   -24    24    16 
    0     0    24   -32 
   24    40   -20    16 
   24     0   -24   -24 
   10   -30   -18    22 
   10    10   -14     6 
   46    14    14    14 
   10   -10   -40   -38 
   10     2     2   -14 
