1 0
200
   -1 
    0 
    6 
    1 
    7 0 
   32 
  -49 62 
    2 0 
 -162 -18 
   -1 2 
  -18 

    1 
   -1 
    1 
   -1 

    0 
    0 
   -1 
    0 
    2 
    2 
    4 
    4 
    1 
    4 
  -10 
    2 
   -2 
   -2 
  -10 
   10 
   -8 
   -6 
    6 
    4 
  -12 
  -10 
  -10 
    2 
  -12 
    6 
  -10 
  -16 
   -4 
   -8 
   -6 
   -8 
   -6 
  -10 
   -2 
   -4 
    8 
  -14 
   24 
  -12 
  -14 
   14 
  -18 
   -2 
   -8 
   16 
   16 
   -4 
   -6 
    2 
  -12 
   16 
    0 
   -6 
   30 
    0 
  -22 
    0 
    8 
  -14 
   30 
  -12 
   10 
    4 
   28 
  -18 
    4 
   14 
    8 
   -8 
   -4 
   12 
    0 
   32 
  -26 
  -24 
   14 
  -14 
  -12 
   -6 
   40 
  -12 
   18 
   34 
  -26 
  -14 
   -6 
  -10 
  -36 
   30 
    8 
   -8 
  -10 
   -6 
    8 
   12 
   -4 
   24 
   34 
  -24 
   -8 
   22 
   46 
   -2 
  -18 
  -10 
  -12 
   28 
   -6 
   20 
   20 
   -4 
    0 
   16 
  -30 
  -16 
   20 
   20 
  -40 
   48 
    8 
  -34 
   42 
  -38 
  -12 
  -24 
  -20 
   52 
    6 
   14 
   42 
   14 
  -16 
   12 
   32 
  -24 
   50 
   14 
  -18 
  -24 
   -6 
  -28 
   56 
   16 
  -26 
   -2 
   32 
   40 
   -6 
   20 
  -16 
  -32 
  -32 
   36 
    6 
  -44 
  -28 
   48 
   12 
    6 
   42 
   18 
   24 
  -28 
   24 
  -54 
    6 
   54 
  -24 
  -40 
  -16 
  -52 
  -32 
  -58 
   56 
  -26 
   18 
    0 
   12 
  -24 
  -18 
   14 
   20 
  -52 
    0 
  -26 
  -26 
  -42 
   30 
    6 
  -16 
   28 
   32 
  -14 
   62 
   16 
  -20 
  -20 
  -42 
  -40 
