4 0
25
   -1     1    -1    -1 
    0   -72     0     0 
    9     9     6     3 
    1     3     1     1 
    1 1     1 0     1 1     1 1 
   16   -72     4     8 
    4 -47   -97 -43     4 -47     4 -47 
    1 0     0 1     1 0     1 0 
  144 -90   -54 108   144 -90   144 -90 
    1 1     2 -1     1 1     1 1 
    4   -12    -1    -2 

   -1     1    -1     1 
   -1     1    -1     1 
   -1    -1    -1    -1 
   -1     1    -1    -1 

    0     0     0     0 
    0     0     0     0 
    1     1     1     1 
   -3    -3     0     3 
   -3     3     3    -3 
    1    -1     1     1 
    3     3     0    -3 
    0     6    -6    -6 
   -4    -4    -4    -4 
    5     5    -4     5 
   -7    -7     2    -7 
    2     2    -7     2 
    0    -6    -9     6 
   -3     3   -12    -3 
    5    -1    -4    -1 
  -12   -12     6    12 
   -6     6     3    -6 
   12     0     6     0 
    0     6   -12    -6 
   -4   -10   -13   -10 
   -4     8    -4     8 
  -12     0     0     0 
   12   -12     9    12 
    6    12    -6   -12 
   12     6    15    -6 
