3 6
200
    1     1     1 
    0    20   -80 
    6     5     4 
    1     1     2 
    2 3     1 0     1 0 
   48    20   -80 
  -49 0   -49 0   -49 0 
    0 -1     0 -1     0 -1 
   33 -33    33 -33    33 -33 
    2 0     2 0     2 0 
   -4     8   -32 
    3     1     5 
    0     0     0 

    1     1    -1 
    1     1    -1 
   -1    -1    -1 

   -1    -1     1 
   -1    -1     1 
   -1     0     1 
   -3     4     2 
   -3     4     2 
    0     0     0 
   -6     2    -4 
   -6     2    -4 
    4    -5     0 
    4    -5     0 
  -11     3     2 
  -11     3     2 
    0     2     8 
    0     2     8 
   -2   -13     6 
   -9     6     6 
   -9     6     6 
   -6   -10     0 
   -6   -10     0 
   -2    -1   -12 
   -2    -1   -12 
   -6     0    -8 
   -6     0    -8 
    9    12   -14 
    9    12   -14 
   -7     5     2 
   -7     5     2 
   14    -7    16 
   14    -7    16 
  -21     6     6 
  -21     6     6 
   -6     8    22 
   -6     8    22 
  -14    -1     2 
  -14    -1     2 
    2    25     4 
    2    25     4 
  -23   -22   -26 
   12     6    -4 
   12     6    -4 
   -7   -23   -10 
   -7   -23   -10 
   12     8     0 
   12     8     0 
   10   -21     0 
   10   -21     0 
   20   -17   -16 
   20   -17   -16 
  -23   -18    10 
  -23   -18    10 
   -6    -2   -12 
   -6    -2   -12 
    9   -14   -22 
    9   -14   -22 
  -21   -14   -10 
  -21   -14   -10 
  -31   -18   -14 
   12    24   -12 
   12    24   -12 
    7   -10    14 
    7   -10    14 
    6   -20    18 
    6   -20    18 
   20   -11   -20 
   20   -11   -20 
   21   -12   -14 
   21   -12   -14 
   10   -29   -18 
   26    -8     8 
   26    -8     8 
   14    16   -20 
   14    16   -20 
    6    26   -36 
    6    26   -36 
  -27    18    10 
  -27    18    10 
   11    31    22 
   11    31    22 
    3   -28    30 
    3   -28    30 
  -30    26     4 
  -30    26     4 
    7    -2    10 
    7    -2    10 
  -19   -17    -6 
  -19   -17    -6 
  -18     4   -24 
  -18     4   -24 
   21    20    -6 
   21    20    -6 
  -34    16    24 
  -34    16    24 
  -18    24    -8 
  -18    24    -8 
  -38   -40     8 
  -38   -40     8 
   22    23   -20 
   22    23   -20 
   18     6    30 
   18     6    30 
    6    -6    30 
    6    -6    30 
   13    15    -2 
   13    15    -2 
  -12     4    -8 
  -12     4    -8 
   24    -8   -36 
   24    -8   -36 
   -9   -24    -2 
   -9   -24    -2 
  -10    -4    44 
  -10    -4    44 
  -14   -32    32 
  -14   -32    32 
  -15   -24   -30 
  -15   -24   -30 
  -16   -37    36 
  -16   -37    36 
  -12    -4   -12 
  -12    -4   -12 
  -30    10    46 
  -30    10    46 
  -41    -5   -22 
  -41    -5   -22 
   -6   -34    44 
   -6   -34    44 
  -10    11    12 
  -10    11    12 
   22    26    -6 
   22    26    -6 
  -30    -6   -24 
  -30    -6   -24 
   -2   -12    -8 
   -2   -12    -8 
   -2    19    32 
   -2    19    32 
  -17     5    42 
  -17     5    42 
   18    36    14 
   18    36    14 
  -42   -10    42 
  -42   -10    42 
   14   -27    16 
   14   -27    16 
   11   -11    14 
   11   -11    14 
   24    16   -20 
   24    16   -20 
  -55   -22   -38 
   14   -45     4 
   14   -45     4 
    6    30     4 
    6    30     4 
   -9     2   -18 
   -9     2   -18 
    4    49    44 
    4    49    44 
  -22    33   -12 
  -22    33   -12 
  -30    36     0 
  -30    36     0 
   39   -18    30 
   39   -18    30 
   54    54    52 
   54    54    52 
  -42     2     0 
  -42     2     0 
   -9   -42   -42 
   -9   -42   -42 
  -36     6    36 
  -36     6    36 
   16     4    40 
   16     4    40 
   42     0     6 
   42     0     6 
   50    19   -10 
   50    19   -10 
   32   -16    56 
   32   -16    56 
  -45   -58   -10 
  -45   -58   -10 
   -9    26   -42 
   -9    26   -42 
    4    53    48 
    4    53    48 
  -26    54    26 
  -26    54    26 
   36    30   -24 
   36    30   -24 
   18   -60     6 
   18   -60     6 
  -28    15    -4 
  -28    15    -4 
   34     5   -34 
   34     5   -34 
   64   -21   -12 
   64   -21   -12 
   45    30    18 
   45    30    18 
  -27   -42   -14 
