4 0
25
    1     1     1    -1 
    0    12     8     0 
    7     6     2     3 
    1     1     1     1 
    1 1     1 0     1 0     1 4 
   16    12     8    16 
  -94 21   -94 21   -94 21   -94 21 
    0 -1     0 -1     0 -1     0 -1 
   21 -63    21 -63    21 -63    21 -63 
    2 0     2 0     2 0     2 0 
    2    -2     2    -2 

    1     1     1    -1 
    1    -1    -1     1 
   -1     1     1     1 
    1     1     1    -1 

   -1    -1    -1     1 
   -1     1     1    -1 
   -2    -1     3     2 
    0    -2     2     0 
    0     0     0     0 
   -1     0    -4     1 
   -3    -4     0    -3 
    1    -4     0    -1 
  -10     0     0    10 
   -4    -8     0     4 
    6    -6    -6    -6 
   -1     6     6    -1 
  -10    -8     0    10 
   -6     8     0    -6 
   -1    -1    -1     1 
    3    -6    -6    -3 
  -11    -2     6   -11 
   -6    12    12    -6 
  -12    -4    12   -12 
   -3   -12     4    -3 
    4    -4    -4    -4 
   -9   -12     0    -9 
  -16   -12     0   -16 
   -6    10    14     6 
   10   -14    14   -10 
