4 0
200
   -1     1     1     1 
    0   -16   -12    -4 
    5     4     3     1 
    1     1     1     1 
   -5 3     1 0     1 0     1 0 
   64   -16   -12    -4 
  -62 19   -10 37   -10 37   -10 37 
    1 0     1 0     1 0     1 0 
 -130 100   100 10   100 10   100 10 
    3 -1     1 -1     1 -1     1 -1 
    1    -4   -10   -10 
    0     0     0     0 
    0     0     0     0 

   -1     1    -1     1 
    1     1     1    -1 
    1     1    -1    -1 
   -1    -1    -1    -1 

   -1     0     1     3 
   -3     2    -1    -1 
    1    -1     1    -1 
   -1    -1    -1     1 
   -1    -1     1     1 
   -1     2     4     0 
   -6     4    -6     2 
    4     2     6     6 
    4    10     1     7 
    3     2     3     5 
    0     2    11    -3 
    6    -2    -5     7 
   12    -8    -6    -2 
   -3    10     4   -12 
    8     2     1    11 
   -9   -10     1     7 
   -4     6   -13     7 
    2    -6    10    -6 
   -7    -4    12     4 
   -1    -2    -4   -12 
   11    -4    -4    -4 
  -13    12    11    -9 
  -12    -6    -1     3 
   -1    10     1     3 
   14    10     3     1 
   16   -14   -10     2 
  -14   -10    -8     0 
  -13     2    10    -6 
  -17     0   -10     2 
    1     1     1     1 
  -12     6     0   -12 
  -20    -2     6    14 
  -14   -22    -8     4 
   -5     2    23     9 
  -14    18   -11    -7 
   12    -4     1   -13 
    6    16     1     1 
   20    -6    18    -2 
   -2     0    20     8 
    3    22   -12   -12 
   -3    10     0     8 
   10    10    20    20 
  -18   -12   -24     8 
   27    22     8     8 
   10    -2     1   -11 
   -7     4   -11   -15 
   -2   -10    -2    -2 
   24     0    -8    16 
    5    -2    18     6 
    4    10   -12   -24 
  -20   -30     0   -12 
  -24     2    30     6 
   24    18   -12     0 
    3    -2   -26    14 
   -3   -30    -4   -16 
    6    10   -30   -30 
   29   -22    -3    -9 
  -16     0     3    -1 
   27     8   -35    -7 
   33    -6   -10     6 
   26    10     4    -8 
  -15   -30    -3   -15 
   12   -22    35    29 
   20     0    34    18 
    8     8    18    14 
  -14    -6    -2    10 
    6    18    14    -2 
  -26   -14   -11    29 
  -24    34   -24   -28 
  -23    -2   -10    -2 
   12   -12    10     6 
  -12    26    12    -4 
  -24    26     0    24 
    6    34    -6    18 
   24     2     4     8 
  -30    -6    18   -30 
   -6   -14   -18   -18 
  -12    34    34    14 
    8   -14    35    33 
   -6    30   -13    17 
    4   -12    18    18 
   21    10   -14   -30 
    6    -2    34    10 
   10    22    26    18 
   -3   -22   -26    34 
    1    18    -8    -4 
   12    -6   -12   -28 
   -9    18     4   -12 
   -6     2    34     6 
   18   -26   -10   -22 
  -20    20   -22   -34 
   31    16    28    24 
  -18    18     9   -13 
  -32    30    33     9 
   40   -20    20   -12 
   -8   -26     6   -14 
  -10   -26   -24    32 
   27    24     4    20 
    0    10    -4    20 
    6    -6   -14   -10 
   16    10    30    18 
    0    26    30    10 
    2     2    22   -38 
  -28    34    38    34 
   36   -12    45    13 
  -28     0    13   -17 
   40    12    27    13 
   24    -6    -9   -15 
  -29    42   -42     6 
   24    -6    14    26 
  -43    14    44   -28 
   42     0   -40    -8 
   19    20    27    31 
  -14   -10   -13    39 
   -3    42   -41    29 
   24    46    25    -5 
   10    42    35     1 
  -40     4     5     5 
   38    12   -26    38 
   29    24     6    22 
  -34    10   -15    -9 
   39   -30   -49   -29 
  -28   -30    -2    50 
    7    46   -14     2 
   -4   -24    -7     9 
    2     6    15    29 
    4    12    -8    20 
  -27     8    22   -46 
   17   -22   -10    10 
  -33    26    -4    48 
  -21     2    41     7 
  -24    42    -1     1 
   37    52    12    24 
  -14    12    10   -30 
   37    16   -23   -43 
   18    34    25   -27 
   25     2   -42    46 
   15    42   -22   -10 
  -51    42    21   -15 
   36    -6    11    21 
    0   -22    34   -26 
  -12   -30    18   -14 
   40    -4   -16     0 
   -4     4    12   -16 
  -28    46   -46    14 
  -15    34    46   -38 
  -16   -32     0   -32 
   18     6    12   -28 
   52   -46   -25    -1 
   20   -52   -18    -2 
   32     6    -6   -46 
  -33   -34    18   -46 
  -32     6   -14    18 
   15   -14    -2   -50 
  -12    10   -42   -26 
   41   -22   -27   -43 
  -44     0   -45    41 
  -47   -20    15     5 
  -40   -58   -31   -23 
   -6    40   -13    45 
   10   -24    17    -9 
  -30    18    -1   -17 
   24   -46    35   -13 
   12    34     7   -27 
   28    20    13   -11 
  -40   -24    34   -50 
  -15   -22   -10   -38 
   21    38    24   -44 
  -22     2    54   -26 
  -45    54   -56   -16 
  -57     0    30    14 
  -11   -58    16   -32 
  -40    46    16   -40 
   14   -54   -17    41 
   -3   -38   -59    41 
   59   -38    26    46 
  -25   -22   -56     8 
   -9   -50    -8   -56 
  -61    14   -12    28 
   22   -22    63   -25 
   24     2    35    35 
   10   -30    36   -24 
  -54   -30   -20    28 
  -40    62    48    16 
    9   -52    50     2 
   38    10    13    41 
   -6    22    61    43 
   -4    18    22   -50 
   -6   -24   -16   -24 
  -21    10   -24   -32 
   30    42    12    24 
   39    26   -16    48 
  -32   -26     8    16 
    7    42    16    56 
  -22     2    52   -56 
   42   -42   -10    38 
   54   -58    38   -30 
   17   -46    30   -18 
  -39   -30    42    54 
    8    46   -28    12 
