1 0
200
    1 
   -8 
    4 
    1 
    1 0 
   -8 
   52 -30 
    1 0 
  -39 -52 
    1 -1 
   -4 
    0 
    0 

   -1 
    1 
    1 

    1 
    0 
   -3 
    2 
    4 
    0 
    0 
   -1 
    2 
    4 
   -8 
  -10 
   -2 
    4 
   -6 
   10 
   -2 
    2 
    4 
   -2 
   -2 
   -2 
  -12 
    4 
   10 
    0 
   14 
   16 
   16 
   18 
    6 
   10 
   16 
    2 
  -10 
  -14 
   20 
   -1 
  -24 
   -4 
   14 
  -22 
    0 
   16 
   20 
    4 
  -12 
   14 
   -4 
   10 
   16 
   12 
    2 
   30 
    6 
  -14 
   14 
    0 
   -8 
   26 
   14 
   12 
   -4 
    2 
  -28 
   12 
    0 
   22 
  -32 
  -16 
   -8 
    8 
   34 
   -6 
   10 
  -22 
   20 
  -28 
    0 
    6 
    0 
   20 
   -4 
   22 
    6 
  -14 
    4 
   12 
   28 
  -12 
   40 
   14 
   36 
    4 
   16 
  -38 
   10 
  -12 
   -8 
   24 
  -10 
  -18 
    4 
  -28 
   12 
   26 
   16 
  -12 
  -18 
    8 
   26 
  -26 
  -20 
  -28 
  -42 
   14 
   20 
    8 
    0 
  -24 
   -6 
   30 
   -2 
   -4 
  -28 
    6 
  -24 
   26 
  -14 
  -48 
  -24 
    8 
   20 
   44 
  -20 
   28 
  -34 
  -42 
   22 
   24 
    2 
   38 
   -8 
   16 
  -50 
   38 
   36 
   -4 
   26 
   28 
  -28 
   28 
    2 
  -30 
   -2 
    4 
   24 
   28 
   -4 
  -16 
  -16 
   48 
   40 
  -28 
  -18 
  -12 
  -28 
   22 
  -36 
  -56 
  -32 
    4 
    0 
   22 
   30 
   -2 
   -2 
  -32 
  -40 
    6 
  -26 
  -18 
   18 
   30 
   -4 
  -54 
  -22 
  -32 
  -44 
   -6 
  -34 
  -46 
   22 
   -2 
  -50 
  -48 
  -28 
   30 
  -38 
   42 
