1 0
200
    1 
   96 
    6 
    2 
    1 0 
   96 
  -49 33 
    1 0 
   49 49 
    1 -1 
   16 

   -1 
    1 

   -2 
    2 
    1 
    1 
   -2 
    4 
    4 
    4 
  -10 
   -6 
   -6 
   -6 
    6 
    2 
    0 
   10 
   -6 
    6 
    2 
    0 
   16 
  -12 
   12 
    6 
    6 
   -2 
   -2 
   14 
   -6 
  -14 
  -14 
    6 
  -10 
   14 
   22 
    8 
    8 
  -10 
    4 
   20 
  -26 
   -2 
   16 
    0 
   18 
   -2 
  -10 
    2 
   14 
    6 
   30 
   -6 
    6 
  -26 
   30 
  -10 
   14 
  -10 
   10 
   14 
   14 
   14 
   -2 
   20 
  -12 
    6 
   22 
   26 
   -2 
   10 
    8 
    0 
  -14 
  -26 
   30 
  -18 
   30 
   38 
   18 
  -14 
  -14 
    6 
   10 
   -6 
   14 
   -2 
  -28 
   -4 
   38 
    6 
  -20 
  -36 
  -26 
  -22 
   28 
   -4 
  -24 
    0 
   14 
  -10 
  -18 
  -18 
  -18 
   46 
   42 
  -42 
   36 
   44 
  -26 
   22 
   34 
    6 
    8 
   -8 
   30 
  -34 
   -6 
  -26 
   18 
  -26 
    6 
    6 
  -10 
  -18 
    4 
   -4 
  -14 
  -10 
   46 
   -2 
  -42 
   10 
   22 
    2 
   -4 
  -28 
   -2 
   -2 
  -18 
    6 
  -10 
   46 
    8 
   48 
   54 
  -34 
  -34 
   18 
   -6 
  -14 
   22 
   16 
   56 
   30 
   14 
   52 
  -36 
   40 
   -8 
  -12 
  -20 
    6 
  -10 
   28 
  -12 
   -6 
   30 
    2 
  -30 
  -42 
   18 
    4 
   44 
  -50 
    6 
  -50 
   38 
  -10 
   10 
  -58 
  -42 
   -6 
   26 
  -48 
   24 
   30 
  -34 
   24 
  -32 
  -34 
    6 
  -22 
   22 
  -26 
  -10 
  -40 
   32 
  -18 
    6 
  -26 
