11 12
25
   -1     1    -1    -1    -1    -1     1    -1    -1    -1    -1 
    0  -112     0     0     0     0    48     0     0     0     0 
    7     7     6     5     5     4     3     3     3     2     1 
    1     1     1     1     1     1     1     1     1     1     1 
  -10 3     1 0   -10 3   -10 3   -10 3   -10 3     1 0   -10 3   -10 3   -10 3   -10 3 
  392  -112   120   216    48    72    48    96    24   144    72 
  -12 49     0 37   -12 49   -12 49   -12 49   -12 49     0 37   -12 49   -12 49   -12 49   -12 49 
    1 0     1 0     1 0     1 0     1 0     1 0     1 0     1 0     1 0     1 0     1 0 
  110 110   110 0   110 110   110 110   110 110   110 110   110 0   110 110   110 110   110 110   110 110 
    3 -1     1 -1     3 -1     3 -1     3 -1     3 -1     1 -1     3 -1     3 -1     3 -1     3 -1 
   -2   -24    15   -18    -3    -1    56    -9   -12    -9   -16 

   -1     1     1    -1    -1     1     1    -1     1    -1     1 
    1     1     1    -1    -1    -1     1    -1     1     1    -1 
    1     1    -1    -1    -1     1     1    -1    -1     1     1 
   -1    -1    -1    -1    -1    -1    -1    -1    -1    -1    -1 

   -3    -3    -2    -1    -1     0     1     1     1     2     3 
   -3     1     0    -1    -1    -2    -3     1     3     2     1 
    1    -1    -1     1     1    -1    -1     1    -1     1    -1 
   -1    -1    -1     1     1     1    -1     1    -1    -1     1 
   -1    -1     1     1     1    -1    -1     1     1    -1    -1 
    0     0     0     0     0     0     0     0     0     0     0 
    4     8     0     0     0     2     0     0     0    -6    -4 
    4     0     2     0     0     0     8     0    -4    -6     0 
   -1     0    -8    -5     6     0    -8   -10     1     4    -3 
   -1    -8     0    -5     6    -8     0   -10    -3     4     1 
    3     8     8   -11     0     8     8     8    -1    -2    -7 
    3     8     8   -11     0     8     8     8    -7    -2    -1 
    6    -1     2     6    -5    -4   -13     9     2     6     2 
    6   -13    -4     6    -5     2    -1     9     2     6     2 
   11     1    -2    -5    -5    -2     1   -13   -11   -14   -11 
   11    -2     0    -3     8    -8     6   -12    -9     6     1 
   11     6    -8    -3     8     0    -2   -12     1     6    -9 
    0     4     8    12   -10     4    -4     6    -4     0    -8 
    0    -4     4    12   -10     8     4     6    -8     0    -4 
   -4    13    -6     4    -7    -8     9    -1    12   -14     4 
   -4     9    -8     4    -7    -6    13    -1     4   -14    12 
  -15    -4     0    -3   -14    -4   -12    -6   -15     0     5 
  -15   -12    -4    -3   -14     0    -4    -6     5     0   -15 
    1   -17    -2     9     9    10     7   -15   -17     6     7 
    1     7    10     9     9    -2   -17   -15     7     6   -17 
