10 7
25
   -1     1    -1     1    -1    -1    -1     1     1     1 
    0    24     0     8     0     0     0   -24   -96   -40 
    8     6     6     2     2     6     8     6     6     2 
    1     1     1     1     1     1     1     1     1     1 
    7 0     1 0    -5 3     1 0     7 0    -5 3    -5 3     1 0     1 0     1 0 
  128    24    64     8    80    32    64   -24   -96   -40 
  -97 30  -157 -15   -97 30  -157 -15   -97 30   -97 30   -97 30  -157 -15  -157 -15  -157 -15 
   -1 0     0 -1    -1 0     0 -1    -1 0    -1 0    -1 0     0 -1     0 -1     0 -1 
  195 -60   135 -105   195 -60   135 -105   195 -60   195 -60   195 -60   135 -105   135 -105   135 -105 
    2 0     2 0     2 0     2 0     2 0     2 0     2 0     2 0     2 0     2 0 
    8    20     6    12    14     2     8   -12   -36   -12 

    1     1     1     1     1    -1    -1    -1    -1    -1 
    1     1     1     1     1     1    -1    -1    -1    -1 
   -1     1    -1     1    -1     1    -1     1     1     1 
    1     1     1     1     1     1     1     1     1     1 
   -1    -1    -1    -1    -1    -1    -1    -1    -1    -1 

   -1    -1    -1    -1    -1     1     1     1     1     1 
   -1    -1    -1    -1    -1    -1     1     1     1     1 
   -3    -1    -1     3     3    -1    -3    -1    -1     3 
    1    -1     1    -1     1    -1     1    -1    -1    -1 
    0     0     0     0     0     0     0     0     0     0 
    1     1     1     1     1     1     1     1     1     1 
    4     0     0     0    -8     0     4    -4     8     4 
   -4    -8     4     0    -4     0    -4     0     0     8 
   -8     8    -4     0     4    -8     0     8     8     0 
    0     8     8    -8     0    -8    -8    -4     8     4 
    2    -6     6     2   -10    -6    -6     6    -6     6 
    6     6    -6    -2    -6    -2    -2    -6     6    10 
   -4     0     0     8     8     0    12    -8    -8     0 
  -12     8     8     0     0     8     4     0     0    -8 
   -6    -2    10     6    -6   -10    -6    10    -2    -6 
   10    -6     6    -6    -2    10     2    -2    10   -10 
   -2   -10     2   -10    10    14   -10    -6     6     2 
   -4    12   -12   -12    -4    12     4    -4    -4     4 
    4    -4    -4   -12     4   -12    -4   -12    12    -4 
    8    12   -12   -12    -4    12     0     4     4    12 
    0    -4    -4     4   -12     4    -8    12   -12     4 
    0    -8    -8    -8     0     0     0    -4     8   -12 
    0     8    -4    16   -12    -8     0    -8    -8     0 
    2     6   -18   -10    14    14    -6    14   -10   -18 
   -6   -10    14     6   -18     6     2   -18     6    14 
