1 2
200
   -1 
    0 
    6 
    1 
   -2 1 
    8 
  -80 -23 
   -1 0 
  161 46 
    2 0 
    6 
    0 
    0 

    1 
    1 
    1 

   -2 
    1 
    3 
    0 
    3 
    1 
   -1 
   -1 
   -5 
    0 
  -11 
    0 
    1 
   10 
    1 
   -4 
   -3 
    3 
    2 
  -16 
   -8 
  -13 
  -12 
   -6 
   -2 
    7 
  -12 
   -1 
   11 
  -20 
    1 
   -8 
  -11 
  -13 
    8 
  -20 
    8 
   -3 
    0 
    4 
   23 
   26 
   -8 
    0 
   24 
  -24 
  -12 
  -19 
   -6 
  -28 
   26 
  -12 
   20 
  -12 
   24 
    0 
   18 
   -3 
   24 
  -10 
   10 
    2 
   -4 
  -33 
    8 
   30 
  -24 
    7 
  -12 
   -3 
   -5 
    1 
    0 
   24 
   19 
    6 
   22 
   36 
    7 
   20 
   26 
    0 
   22 
   18 
  -16 
  -31 
  -17 
    4 
  -20 
   -4 
   26 
   23 
    4 
  -12 
   22 
    7 
   -4 
   20 
    6 
    6 
   18 
   15 
   12 
   14 
  -30 
  -32 
  -18 
  -36 
   18 
  -21 
   10 
   46 
  -19 
   32 
   14 
   13 
  -36 
   21 
   28 
  -32 
  -24 
  -32 
  -18 
  -19 
   36 
   35 
   42 
  -15 
   42 
  -46 
   -4 
  -45 
   46 
   22 
  -22 
  -22 
   11 
    0 
  -24 
  -50 
   42 
   33 
   26 
  -11 
   40 
    0 
   12 
   27 
  -10 
   24 
   32 
   28 
   27 
  -50 
   10 
    4 
  -29 
   45 
   52 
  -12 
   40 
  -12 
    8 
  -48 
  -27 
    8 
    4 
  -12 
  -21 
  -48 
   -3 
   19 
  -12 
  -11 
   -5 
   55 
   18 
    6 
   33 
  -13 
  -42 
   45 
  -37 
  -43 
   -2 
    1 
   30 
  -51 
  -44 
  -54 
   -3 
   14 
   14 
  -36 
   32 
  -22 
  -44 
   13 
  -21 
   49 
