1 0
200
   -1 
    0 
    8 
    1 
   -2 1 
    4 
  -43 53 
    1 0 
   72 96 
    2 -1 
    1 

   -1 
    1 
   -1 
    1 

    1 
   -1 
    0 
   -2 
   -2 
   -4 
    8 
   -1 
    8 
    0 
  -10 
   -2 
    8 
   -8 
    2 
    6 
    6 
  -12 
   -4 
   -4 
   12 
    0 
    0 
   10 
   -6 
  -14 
    2 
  -16 
   -8 
   18 
    2 
   10 
   -6 
    6 
   -2 
   -4 
   20 
   10 
   12 
  -12 
   -2 
  -10 
    8 
    8 
    0 
   -8 
    8 
   16 
  -10 
   -2 
    4 
    4 
   18 
  -14 
  -26 
  -18 
  -14 
    8 
   -8 
   10 
   -6 
   30 
  -10 
  -12 
   -4 
  -14 
   18 
   -6 
   24 
   16 
   12 
   12 
  -32 
    0 
  -34 
   14 
   -2 
   30 
   18 
  -30 
   28 
   12 
  -34 
  -26 
   18 
    2 
   20 
   -4 
  -30 
   18 
   32 
   40 
  -28 
   36 
   16 
   40 
  -20 
   20 
    6 
  -18 
   10 
   -6 
  -30 
   34 
   28 
  -12 
  -24 
  -24 
  -22 
   -6 
    4 
  -44 
    0 
  -40 
   50 
  -30 
   36 
  -28 
   24 
   24 
  -50 
    6 
   22 
   14 
   12 
  -12 
  -28 
  -36 
   -2 
    6 
  -24 
  -24 
  -16 
  -40 
   -8 
    0 
  -34 
  -42 
   38 
  -42 
  -34 
   30 
   40 
  -32 
  -50 
  -50 
  -40 
  -40 
   10 
  -52 
    4 
   16 
  -16 
    2 
   18 
   36 
  -36 
  -52 
  -36 
    8 
   40 
  -14 
  -30 
    4 
   60 
   20 
   36 
  -30 
   18 
   24 
  -40 
    0 
    8 
    6 
   -2 
  -58 
  -26 
    8 
  -16 
   42 
   58 
  -10 
   46 
  -16 
  -40 
    6 
    6 
   24 
   56 
    6 
   38 
   -4 
  -36 
   66 
    2 
  -20 
  -52 
  -10 
   30 
   -6 
