3 0
25
    1     1     1 
   84    36    12 
    7     3     2 
    1     1     1 
    1 0     1 0     1 0 
   84    36    12 
    0 39     0 39     0 39 
    1 0     1 0     1 0 
  116 0   116 0   116 0 
    1 -1     1 -1     1 -1 
   42    18     6 

    1     1     1 
   -1    -1    -1 

   -3     1     2 
   -3     1     2 
    0     0     0 
    3     3    -2 
    3     3    -2 
   -1     3    -6 
   -6    -6     4 
   -6    -6     4 
    9     5    -6 
    9     5    -6 
   -8     8     2 
   -8     8     2 
   -7    -3    -2 
   -7    -3    -2 
    2     2     2 
   -5     3    10 
   -5     3    10 
  -10     6     0 
  -10     6     0 
    8     8   -12 
    8     8   -12 
   -2     6     8 
   -2     6     8 
   12   -12     2 
   12   -12     2 
