2 17
200
    1    -1 
    0     0 
    6     4 
    1     1 
   -5 7     2 3 
   32    64 
   53 -105   -27 -31 
    0 -1     1 0 
  175 35  -175 -35 
    2 0     3 -1 
   -4     6 

   -1    -1 
   -1    -1 
    1    -1 
   -1    -1 

   -2     0 
   -2     0 
   -3    -3 
    1     1 
    1     1 
   -1     1 
    0    -8 
    0    -8 
   -6    -4 
   -6    -4 
   -6     6 
   -6     6 
   -6    -4 
   -6    -4 
    1     1 
   10     6 
   10     6 
  -14     0 
  -14     0 
   12     4 
   12     4 
  -12     0 
  -12     0 
  -14    10 
  -14    10 
   -2    10 
   -2    10 
    2     4 
    2     4 
   -6     2 
   -6     2 
  -10    -6 
  -10    -6 
   -2    14 
   -2    14 
   -4   -12 
   -4   -12 
  -10    10 
   -4   -12 
   -4   -12 
    2    14 
    2    14 
    0   -16 
    0   -16 
   14    -4 
   14    -4 
    2    12 
    2    12 
  -14    14 
  -14    14 
    6    -8 
    6    -8 
   10   -14 
   10   -14 
   18   -10 
   18   -10 
  -18     2 
  -26    28 
  -26    28 
  -14   -22 
  -14   -22 
   -2    30 
   -2    30 
  -28    28 
  -28    28 
    2   -14 
    2   -14 
   26   -22 
   26    -4 
   26    -4 
   32   -12 
   32   -12 
  -10   -28 
  -10   -28 
    6   -26 
    6   -26 
   22   -18 
   22   -18 
  -38   -30 
  -38   -30 
   -6    24 
   -6    24 
  -30   -26 
  -30   -26 
    6    26 
    6    26 
   24   -12 
   24   -12 
  -10    18 
  -10    18 
  -24   -16 
  -24   -16 
   -6    -8 
   -6    -8 
  -32    -8 
  -32    -8 
    8    -4 
    8    -4 
  -14    22 
  -14    22 
  -42    18 
  -42    18 
   22    26 
   22    26 
   42     0 
   42     0 
   12   -48 
   12   -48 
  -42   -38 
  -42   -38 
    6    -8 
    6    -8 
   24   -40 
   24   -40 
   30    18 
   30    18 
  -22    24 
  -22    24 
  -42   -20 
  -42   -20 
  -34   -18 
  -34   -18 
  -10   -42 
  -10   -42 
   -8   -12 
   -8   -12 
   42     8 
   42     8 
   -2   -10 
   -2   -10 
   18   -52 
   18   -52 
   30    12 
   30    12 
  -20    40 
  -20    40 
  -10   -10 
  -10   -10 
   18   -18 
   18   -18 
  -18   -18 
  -18   -18 
   52    16 
   52    16 
  -10    14 
  -10    14 
   18   -44 
   18   -44 
  -22    42 
  -50    40 
  -50    40 
   36    24 
   36    24 
  -18    26 
  -18    26 
   48    28 
   48    28 
  -12    44 
  -12    44 
   -4    -8 
   -4    -8 
   22   -22 
   22   -22 
   48    -4 
   48    -4 
  -18   -24 
  -18   -24 
  -14    18 
  -14    18 
   58   -12 
   58   -12 
  -52    -8 
  -52    -8 
   42    46 
   42    46 
  -58   -50 
  -58   -50 
  -10     4 
  -10     4 
    6     2 
    6     2 
   -6   -42 
   -6   -42 
   12   -24 
   12   -24 
  -58    38 
  -58    38 
  -36   -24 
  -36   -24 
  -38    30 
  -38    30 
  -62     8 
  -62     8 
  -18   -22 
  -18   -22 
  -56    12 
  -56    12 
  -50    30 
  -50    30 
  -30   -38 
