4 0
25
    1    -1    -1     1 
    0     0     0   144 
    7     5     3     1 
    1     1     1     1 
    7 0    -2 1     2 3     1 0 
  576    72   288   144 
    2 -39    29 45     2 -39   -64 -5 
    1 0     1 0     1 0     1 0 
 -112 -80   192 16  -112 -80   -80 64 
    3 -1     2 -1     3 -1     1 -1 
   81    18    -9   216 

    1     1     1     1 
   -1     1     1    -1 

   -3    -1     1     3 
   -1     3    -3     1 
    0     0     0     0 
   -1     3     3    -1 
    3     1     1     3 
    0    -4     4     0 
   -7    -9     9     7 
   -5    -5     5     5 
   -7     1    -1     7 
    3     5    -5    -3 
   -9    -7    -7    -9 
   -1    -7    -7    -1 
  -12     8    -8    12 
   -4     4    -4     4 
  -14    -2    -2   -14 
    1    -1    -1     1 
    6   -14   -14     6 
    3    -3     3    -3 
   -3    11   -11     3 
    7    -3     3    -7 
   -3     5    -5     3 
  -13   -15    15    13 
  -15     5    -5    15 
    3    -3    -3     3 
    3     1     1     3 
