26 0
25
    1     1     1     1     1     1    -1    -1    -1    -1    -1     1    -1    -1    -1    -1    -1     1     1     1     1    -1    -1     1     1     1 
   32    32    64    64    16    16     0     0     0     0     0    64     0     0     0     0     0   -64   -24  -120  -120     0     0   -64   -64   -64 
   16    16     8     8     8     8    16     8    12    12    16    16    16     8    12    12    16    16    12    12    12    12    12    16     8     8 
    1     1     1     1     1     1     1     1     1     1     1     1     1     1     1     1     1     1     1     1     1     1     1     1     1     1 
    1 0     1 0     1 0     1 0     1 0     1 0    -5 4    -5 4    -5 4    -5 4    -5 4     1 0    -5 4    -5 4     1 4    -5 4     1 4     1 0     1 0     1 0     1 0     1 4    -5 4     1 0     1 0     1 0 
   32    32    64    64    16    16    24    72   192    64    64    64     8    24    64    64    64   -64   -24  -120  -120    96    96   -64   -64   -64 
   11 -22    11 -22    11 -22    11 -22    11 -22    11 -22   131 -22   131 -22   131 -22   131 -22   131 -22    11 -22   131 -22   131 -22   131 -22   131 -22   131 -22    11 -22    11 -22    11 -22    11 -22   131 -22   131 -22    11 -22    11 -22    11 -22 
    1 0     1 0     1 0     1 0     1 0     1 0     2 0     2 0     2 0     2 0     2 0     1 0     2 0     2 0     2 0     2 0     2 0     1 0     1 0     1 0     1 0     2 0     2 0     1 0     1 0     1 0 
  120 0   120 0   120 0   120 0   120 0   120 0     0 120     0 120     0 120     0 120     0 120   120 0     0 120     0 120     0 120     0 120     0 120   120 0   120 0   120 0   120 0     0 120     0 120   120 0   120 0   120 0 
   -1 2    -1 2    -1 2    -1 2    -1 2    -1 2    -1 2    -1 2    -1 2    -1 2    -1 2    -1 2    -1 2    -1 2    -1 2    -1 2    -1 2    -1 2    -1 2    -1 2    -1 2    -1 2    -1 2    -1 2    -1 2    -1 2 
    4     4    10    10     2     2    -1    -3    -3    -2    -2     6     1     3    -2     3    -2    -6    -2    -2    -2    -1    -1    -4    -2    -2 

    1     1     1     1     1     1     1     1     1     1     1     1    -1    -1    -1    -1    -1    -1    -1    -1    -1    -1    -1    -1    -1    -1 
    1     1     1     1     1     1    -1    -1    -1    -1    -1    -1     1     1     1     1     1     1    -1    -1    -1    -1    -1    -1    -1    -1 
   -1    -1    -1    -1    -1    -1    -1    -1     1     1    -1     1    -1    -1     1     1    -1     1    -1    -1    -1    -1    -1    -1    -1    -1 
   -1    -1    -1    -1    -1    -1     1     1     1    -1    -1    -1     1     1     1    -1    -1    -1     1     1     1     1    -1    -1    -1    -1 
   -1    -1    -1    -1    -1    -1     1     1    -1     1    -1    -1     1     1    -1     1    -1    -1     1     1     1    -1     1    -1    -1    -1 

   -1    -1    -1    -1    -1    -1    -1    -1    -1    -1    -1    -1     1     1     1     1     1     1     1     1     1     1     1     1     1     1 
   -1    -1    -1    -1    -1    -1     1     1     1     1     1     1    -1    -1    -1    -1    -1    -1     1     1     1     1     1     1     1     1 
    0     0     0     0     0     0     0     0     0     0     0     0     0     0     0     0     0     0     0     0     0     0     0     0     0     0 
    1     1     1     1     1     1    -1    -1    -1     1     1     1    -1    -1    -1     1     1     1    -1    -1    -1    -1     1     1     1     1 
    1     1     1     1     1     1    -1    -1     1    -1     1     1    -1    -1     1    -1     1     1    -1    -1    -1     1    -1     1     1     1 
   -4    -4     4     4     4     4    -4     4     0     0    -4    -4    -4     4     0     0    -4    -4     0     0     0     0     0    -4     4     4 
   -8     0     0     0     0     8     0     8     0     4    -8     8     0     8     0     4     0     0    -8     0     8     0    -4     0     0     8 
    0    -8     0     0     8     0     0     8     4     0     0     0     0     8     4     0    -8     8    -8     8     0    -4     0     0     8     0 
    0     8    -8     8     0    -8     4    -4     8    -4     0     8     4    -4    -8    -4     0     8     0     0    -8     0     4    -8     8     0 
    8     0     8    -8    -8     0     4    -4    -4    -8     0     8     4    -4    -4     8     0     8     0    -8     0     4     0    -8     0     8 
    6    -2     6   -10    -2     6     6    -2     2    -2     6   -10    -2   -10    -6    -2     6     6    -6     2    10     2    -2    -2    -2   -10 
   -2     6   -10     6     6    -2    -2   -10    -2    -6     6     6     6    -2    -2     2     6   -10    -6    10     2    -2     2    -2   -10    -2 
    0    -8    -8     8    -8     0     0     0    -8     0     8    -8     0     0     8     8     0     0     8     0    -8     0    -8     8     8     0 
   -8     0     8    -8     0    -8     0     0     8     8     0     0     0     0     0    -8     8    -8     8    -8     0    -8     0     8     0     8 
   10    10     2     2    -6    -6     6    -2     6   -10     2     2     6    -2   -10     6     2     2     2     2     2   -10   -10   -14     2     2 
    6   -10   -10     6     6     6    -6   -14    -2    -2   -10    -2    -6     2     6   -10     6    14    10    -6    10     6    -2     6     6   -10 
  -10     6     6   -10     6     6    -6     2   -10     6     6    14    -6   -14    -2    -2   -10    -2    10    10    -6    -2     6     6   -10     6 
    4   -12     4     4    -4    12    -8     8    -4     4   -12    12     0     0    12   -12   -12    -4     0     0     0    12   -12    12     4     4 
  -12     4     4     4    12    -4     0     0   -12    12   -12    -4    -8     8     4    -4   -12    12     0     0     0   -12    12    12     4     4 
  -12     4    12    -4     4     4    -4   -12    -4    -8     4    -4     4    -4   -12    -8    -4     4    -4   -12     4   -12    -8     4    -4    12 
    4   -12    -4    12     4     4     4    -4    -8   -12    -4     4    -4   -12    -8    -4     4    -4    -4     4   -12    -8   -12     4    12    -4 
    0    16   -16     0     8     8    12    -4    -8     0     0     0   -12     4     8     0     0     0     0     8    -8   -16    -8     8     8     8 
   16     0     0   -16     8     8   -12     4     0     8     0     0    12    -4     0    -8     0     0     0    -8     8    -8   -16     8     8     8 
   -6    -6    10    -6    10    -6   -10     6   -18    -6    10    -6   -10   -10     6   -14    -6    10     2    10    10    -2   -14    10   -14    18 
   -6    -6    -6    10    -6    10   -10   -10   -14     6    -6    10   -10     6    -6   -18    10    -6     2    10    10   -14    -2    10    18   -14 
