1 0
100
   -1 
    0 
    4 
    1 
   -5 3 
    8 
   -8 -17 
   -1 0 
   17 34 
    2 0 
    4 

    1 
    1 

    0 
   -1 
    3 
   -1 
   -1 
    2 
   -8 
    0 
    8 
    4 
   -5 
   10 
    7 
   -4 
   -8 
  -12 
   -6 
  -10 
  -10 
    8 
    5 
    1 
  -15 
  -12 
    4 
  -10 
    1 
  -14 
   11 
   18 
  -10 
  -15 
   12 
    2 
  -17 
   12 
  -21 
  -10 
   25 
  -16 
  -19 
   10 
   -7 
    3 
    0 
   -3 
   -9 
   -6 
   22 
  -27 
   -6 
  -12 
   -3 
   24 
  -20 
  -12 
   -1 
    0 
  -17 
   28 
   10 
  -30 
  -17 
   -4 
   -7 
   23 
  -22 
   29 
    8 
   29 
   11 
   13 
   14 
    7 
   15 
   -9 
   -6 
  -27 
   18 
   25 
  -24 
   34 
  -16 
    2 
   -1 
   26 
    9 
   14 
    6 
  -11 
   -2 
   -4 
  -12 
   18 
    1 
  -28 
   25 
    5 
  -27 
   -1 
