5 0
200
   -1    -1    -1    -1     1 
    0     0     0     0    24 
    8     4     4     8     6 
    1     1     1     1     1 
    2 3     2 3     2 3     2 3     1 0 
    4    60     4    36    24 
  -85 -28   -85 -28   -85 -28   -85 -28    47 -25 
    1 0     1 0     1 0     1 0     1 0 
  252 -198   252 -198   252 -198   252 -198    18 -72 
   -1 2    -1 2    -1 2    -1 2     2 -1 
   -2    -4     4    -2     2 

    1     1     1     1    -1 
    1    -1    -1     1     1 
    1     1    -1    -1    -1 
    1    -1     1    -1    -1 

    0     0     0     0     0 
    0     0     0     0     0 
   -1    -1     1     1     1 
   -1     1    -1     1     1 
   -2     2     2    -2     0 
    2    -2    -2     2    -6 
   -9     9    -1     1     3 
    4    -4     4    -4     0 
   -7    -7    -1    -1     5 
    6     6    -2    -2   -10 
    3     3    -5    -5    -1 
   -2    -2    -2    -2     8 
   -8     8     0     0   -12 
    4    -4    -8     8     6 
   -3    -3   -13   -13     5 
    9    -9    -9     9    -3 
   -9     9    -1     1     3 
    8    -8     8    -8   -12 
   11   -11    -3     3    15 
  -14   -14    -2    -2    -4 
    8     8    12    12    14 
    9    -9     7    -7    -3 
   -7     7    15   -15     9 
   -8     8     0     0    -6 
    9    -9     9    -9   -15 
   17    17     7     7     5 
   -8    -8    12    12     2 
   -7    -7    -9    -9     5 
   -5    -5    11    11   -13 
    0     0    -4     4     6 
   12   -12   -20    20     0 
   21   -21   -11    11    -3 
    9    -9    -9     9   -15 
   -8    -8     4     4   -10 
    5     5     3     3    17 
   16    16     0     0    14 
  -20   -20     4     4    -4 
  -12   -12   -24   -24    14 
   -4     4     4    -4   -12 
   -3     3    -3     3     9 
  -22   -22   -10   -10   -10 
  -22   -22    -2    -2     2 
   20   -20    12   -12    18 
    8    -8     0     0     6 
  -22   -22   -14   -14    20 
   11    11    19    19    23 
   18    18   -14   -14    -4 
    2     2   -10   -10    -4 
    6     6   -26   -26     2 
   -1    -1   -17   -17    11 
    6    -6    26   -26    -6 
  -12    12     0     0    24 
  -18    18   -26    26   -30 
  -13    13     5    -5    27 
   18   -18    14   -14   -30 
    6    -6    10   -10   -24 
   13    13   -29   -29    -7 
    6    -6   -26    26    12 
   -4     4    16   -16    24 
   34    34   -10   -10    26 
    8     8    16    16    -4 
    2    -2     2    -2     6 
  -33    33   -15    15     3 
  -10   -10   -18   -18   -28 
    1     1   -17   -17     5 
  -12    12     4    -4     6 
   22   -22    18   -18    12 
    4     4    20    20     2 
   28    28    16    16     8 
   18    18   -22   -22     8 
  -32   -32   -12   -12     2 
  -13   -13    -5    -5    -1 
   29   -29    -3     3    21 
  -24    24    24   -24    24 
  -23    23   -33    33   -15 
   26   -26    18   -18    12 
  -26   -26    22    22    14 
   19    19   -13   -13    11 
  -30    30   -14    14   -30 
    0     0    28   -28     0 
  -19    19    21   -21    33 
  -12    12    -4     4    36 
  -17   -17   -15   -15    -1 
   15    15    33    33    11 
  -10   -10   -22   -22     2 
  -10   -10    18    18   -10 
   -7     7    15   -15    -3 
  -36    36    -4     4    -6 
   25   -25   -23    23     9 
   24   -24   -36    36    24 
    8     8    -4    -4    -4 
  -30   -30   -30   -30   -34 
    5    -5    27   -27    33 
    4    -4    16   -16   -12 
   -9    -9    17    17   -13 
   21    21   -35   -35    29 
   36    36   -40   -40    -4 
  -19   -19    -3    -3   -31 
   -1     1   -39    39    15 
  -10    10    14   -14    36 
  -11    11    21   -21    -3 
  -30    30   -38    38     0 
  -32   -32   -24   -24    38 
   33    33   -39   -39    -7 
   18   -18   -26    26   -24 
    8    -8   -40    40    36 
   -9     9    -1     1    -9 
    3    -3     3    -3    -9 
  -12    12    12   -12    12 
   -6     6    -2     2    12 
   20    20   -20   -20   -28 
  -10   -10   -10   -10     8 
  -38   -38    18    18    -4 
  -25   -25   -17   -17   -13 
   28   -28    24   -24   -42 
   -7     7     9    -9    -3 
  -16   -16   -32   -32    14 
   14    14   -14   -14    14 
   40   -40     0     0   -12 
   28   -28    32   -32     6 
  -24    24    -4     4   -24 
   38   -38    30   -30    18 
  -20   -20   -28   -28    14 
   20    20    -4    -4    32 
  -39    39     9    -9    -3 
   -4     4   -36    36   -30 
   15    15    23    23    11 
   34    34   -42   -42   -40 
  -14   -14    34    34    38 
   30    30    26    26    32 
   34   -34    26   -26    -6 
   -4     4    -4     4     6 
  -26   -26    26    26   -10 
   16    16   -32   -32   -28 
  -20   -20    40    40    20 
  -37   -37     3     3    11 
   31    31   -23   -23    11 
  -42   -42    10    10   -52 
  -14    14    26   -26   -12 
   -4     4    36   -36    42 
   54   -54    18   -18   -30 
  -43    43   -35    35    21 
   40    40   -48   -48     8 
   31    31   -39   -39    23 
  -20   -20    16    16   -10 
  -46   -46   -30   -30   -16 
  -22    22   -26    26    12 
   12   -12   -16    16    12 
  -20   -20     8     8    32 
   37    37   -37   -37     5 
   56    56    40    40   -46 
    9    -9    49   -49    -3 
  -48    48    20   -20    -6 
   26   -26   -30    30    54 
   33   -33   -41    41    21 
  -12   -12    52    52    -4 
  -53   -53    59    59    35 
   29    29    37    37   -19 
    9     9   -17   -17     5 
    2    -2    18   -18    30 
  -32    32   -36    36    -6 
  -21    21    45   -45    27 
   10   -10    -6     6     0 
  -18    18   -54    54   -12 
  -11    11   -11    11    -3 
   -2     2   -22    22    30 
   16   -16    20   -20   -36 
  -31    31    -9     9   -27 
   -2     2   -50    50   -18 
  -24    24   -32    32    24 
   -6     6   -18    18   -18 
   58    58   -26   -26   -52 
  -25   -25    49    49    47 
   30   -30    10   -10   -18 
   41   -41   -47    47    45 
  -44   -44   -20   -20   -58 
   -6    -6   -50   -50    -4 
  -44   -44    -4    -4    56 
  -32   -32   -20   -20   -34 
  -14    14    38   -38    42 
   39   -39     9    -9   -21 
   42   -42    22   -22     6 
  -28    28   -36    36   -12 
  -22   -22    10    10    20 
    4     4   -16   -16    56 
   29    29    59    59    41 
  -40   -40   -28   -28   -40 
   -9     9    41   -41    51 
  -30    30    54   -54   -42 
  -22    22   -38    38    -6 
   29   -29   -27    27   -15 
   35    35   -27   -27    35 
  -31   -31    25    25    41 
   40    40    -8    -8   -34 
    1     1   -31   -31    29 
  -11   -11   -27   -27    53 
  -14   -14    38    38   -22 
   44   -44     0     0   -18 
   10   -10   -42    42    30 
   -1     1    47   -47    39 
