2 2
200
   -1    -1 
    0     0 
    7     4 
    1     1 
   -2 1    -2 1 
  176     4 
   47 -57    47 -57 
    1 0     1 0 
  -78 -104   -78 -104 
    2 -1     2 -1 
  -44     1 

    1     1 
    1     1 
    1     1 

   -3     0 
    3     0 
   -1    -1 
    3     0 
    1     4 
   -4     2 
    8     8 
   -1    -1 
   -8    -8 
   -4    -4 
    1     4 
   -9     0 
   -1    -4 
    1    -8 
    3     6 
   -2    -2 
    0    -6 
   -6     6 
    4    10 
    2   -10 
  -14    -2 
  -15    12 
   15     0 
    8     2 
    8     2 
    8   -10 
   10    -2 
  -16     8 
  -14    -8 
   -2   -14 
  -14   -14 
  -20    -2 
  -22   -10 
    6   -18 
   -4   -22 
   10    22 
  -18    18 
   -1    -1 
    1     4 
  -13    -4 
   12    -6 
    0   -18 
   18    24 
    0   -24 
   22    16 
    0   -24 
   -9     0 
  -19    -4 
    3     0 
   17   -28 
   12     0 
  -20     4 
   11     2 
   27   -30 
   24   -18 
  -24     6 
  -23   -14 
   -2    16 
  -12    24 
   21     6 
  -21     6 
  -22    32 
  -30   -24 
  -22   -10 
  -12   -30 
   24    18 
    6    -6 
    6    30 
  -28     8 
  -10     8 
    2     2 
    6   -30 
   17   -16 
   13    28 
    0    -6 
  -18   -18 
  -14   -20 
   -2    28 
    0    30 
   12    30 
  -17     4 
   -9     0 
  -15    12 
  -33    24 
   11    26 
  -11   -14 
   -1   -40 
   13    -8 
   34    -2 
   12    30 
    8   -16 
  -40    20 
   12     0 
   -4   -28 
    8    32 
   32    -4 
   28    10 
  -20    -2 
   34   -32 
   42    24 
   -1   -10 
   21     6 
    4   -14 
  -32   -14 
   16    34 
  -26   -26 
  -16     8 
   38   -16 
   30    -6 
   42    -6 
    4   -38 
  -26   -14 
  -21   -12 
   35     8 
   26   -46 
  -30    -6 
  -10    14 
  -22   -10 
   28   -32 
  -36     0 
   14    38 
  -22   -10 
   14    20 
  -14   -32 
  -10   -10 
  -36   -30 
   -8    10 
   30   -18 
  -26    28 
   22   -32 
   10    -8 
  -24    24 
   30   -24 
   -8    16 
   38   -16 
  -28   -16 
    8   -22 
   34   -26 
    7   -32 
  -27   -36 
  -32   -26 
    8     2 
  -14    40 
   -8    16 
   16   -50 
   -2    -2 
   12    12 
    0    48 
  -46   -10 
  -28     8 
   20     8 
   13    16 
   -9    12 
  -57     6 
  -15    30 
  -11    16 
  -49     8 
   23   -52 
   -9    48 
  -38    -8 
    0   -24 
   38   -34 
    6    30 
  -14    10 
   -6   -18 
  -57    48 
   -5    28 
   36   -18 
   12   -18 
   -3     0 
  -43   -52 
  -26    40 
   38     8 
   38   -46 
   56     2 
  -23     4 
   53   -28 
   20   -40 
   56   -64 
  -27   -54 
   11    26 
   -6    36 
   54   -36 
   -8    28 
    8    56 
   -4    62 
  -10   -10 
    8    56 
  -16   -28 
  -34   -10 
  -30    18 
   -4   -58 
  -28    38 
   -5    22 
   -5   -26 
  -21   -60 
   11     8 
   66   -60 
  -42    12 
  -10    14 
