1 2
200
   -1 
    0 
    3 
    1 
    1 1 
    8 
   82 19 
    1 0 
   24 120 
    1 1 
   -2 
    0 
    0 

   -1 
    1 
   -1 

    1 
    0 
    0 
    3 
    1 
   -1 
    0 
   -9 
   -5 
   -8 
   -3 
   -7 
    3 
    8 
    1 
    5 
   11 
   -8 
   -9 
  -11 
  -13 
    5 
    7 
    7 
    9 
  -14 
  -11 
   15 
   -8 
   13 
    6 
   -7 
   22 
  -13 
   -5 
   -1 
   -9 
   -9 
   -4 
    0 
   10 
   -6 
  -19 
   17 
   21 
  -15 
    0 
  -17 
  -15 
  -26 
   -3 
    3 
   -3 
    7 
  -15 
   11 
  -14 
  -29 
   -8 
   13 
    6 
    7 
    6 
   19 
    1 
    6 
  -15 
   18 
   -1 
   33 
  -27 
    1 
   21 
  -31 
   26 
   15 
   29 
  -15 
   -2 
  -29 
   -4 
   29 
    3 
   26 
   -7 
   25 
  -15 
   36 
  -27 
   35 
    9 
    4 
   -4 
  -28 
   -7 
   25 
  -31 
   -4 
   38 
   31 
  -39 
  -21 
  -42 
  -34 
  -23 
  -28 
   -7 
   25 
   11 
   26 
   28 
  -23 
   -8 
   16 
  -13 
   18 
    9 
  -12 
  -21 
  -39 
   10 
  -27 
   34 
  -45 
   23 
  -27 
   -5 
  -19 
   -3 
  -19 
  -24 
  -16 
  -16 
   11 
  -32 
    5 
  -41 
  -17 
  -42 
   18 
   18 
  -41 
  -40 
   23 
   14 
   34 
  -27 
   24 
   25 
   19 
   33 
  -44 
    0 
   10 
   30 
  -37 
   47 
   -1 
   37 
  -44 
   35 
  -18 
   25 
  -23 
  -43 
  -29 
   37 
   18 
   13 
   29 
   48 
   16 
  -24 
   -3 
   -6 
    5 
   -2 
  -35 
   59 
  -15 
   39 
    1 
  -61 
   41 
   35 
   10 
  -49 
   -9 
  -33 
   13 
  -38 
  -60 
  -19 
  -29 
  -29 
   67 
  -37 
   27 
  -15 
    9 
