2 2
25
    1    -1 
-1280     0 
    5     2 
    1     1 
    1 0    -2 1 
-1280   512 
   56 -37   101 -11 
    1 0     1 0 
  -56 -56   168 -112 
    1 -1     2 -1 
 -512   128 

   -1     1 
    1    -1 
    1    -1 

   -1     2 
    0     2 
    0     0 
   -1     1 
    3    -2 
    3     0 
    1     8 
    6    -4 
    4     2 
   10   -10 
    9    -6 
    6     2 
    0   -10 
    4     6 
   -1     1 
    5     2 
    8    -6 
    8    -6 
   -7     6 
    4    12 
    4     8 
   -4    -4 
   -6    12 
   15    -6 
    3   -14 
