2 0
25
   -1    -1 
    0     0 
    5     3 
    1     1 
    1 1     1 1 
   12     4 
   50 -66    50 -66 
   -1 0    -1 0 
  -99 132   -99 132 
    2 0     2 0 
    2    -6 

    1     1 
   -1    -1 
   -1    -1 

    0     0 
   -1     1 
   -3    -3 
   -1     1 
    1     1 
    0     0 
   -6     6 
   -6    -6 
   -2     2 
   -3     3 
    8    -8 
    2    -2 
    9    -9 
   -5    -5 
   -6     6 
   -2     2 
   -9    -9 
    6    -6 
    0     0 
   -8     8 
   -3     3 
    7     7 
   -4     4 
   18    18 
  -10    10 
