1 0
200
    1 
  -48 
    8 
    1 
    1 0 
  -48 
   10 31 
    1 0 
  -84 72 
    1 1 
  -12 

   -1 
   -1 
    1 
    1 
   -1 

    1 
    1 
    0 
   -2 
   -1 
    4 
    0 
    1 
    4 
   -4 
   -6 
    2 
    0 
    0 
    6 
   -2 
    2 
    4 
  -12 
    8 
  -12 
   -8 
    0 
    6 
   10 
   14 
   -2 
   16 
  -12 
  -14 
    6 
   10 
   14 
   14 
   14 
    4 
   -4 
   10 
   -4 
   20 
  -18 
  -10 
   24 
    0 
   -4 
    8 
  -24 
   24 
   -6 
   -6 
   20 
  -20 
  -18 
    6 
   26 
  -14 
   14 
    0 
    0 
    6 
   30 
    2 
  -22 
    8 
   16 
  -26 
  -18 
    6 
   16 
   28 
   -8 
    4 
  -16 
  -16 
   10 
  -10 
    2 
  -14 
    6 
   10 
  -12 
   20 
   14 
  -26 
   -2 
   14 
   28 
   12 
   22 
   14 
    4 
   -4 
  -20 
   36 
  -16 
  -32 
   28 
    4 
   18 
  -22 
   18 
   30 
  -14 
   -6 
   12 
  -36 
   24 
  -40 
   -6 
  -34 
   -4 
    8 
  -16 
  -20 
   18 
   30 
   -8 
   12 
  -32 
   24 
  -38 
    2 
   38 
   14 
   -4 
   36 
   44 
   20 
  -14 
   10 
   16 
   -8 
   44 
   -8 
   28 
   32 
   22 
   22 
  -34 
  -54 
   14 
   18 
    4 
   36 
  -30 
    2 
   48 
    8 
  -50 
  -32 
  -32 
  -32 
   24 
  -18 
   -6 
   24 
   24 
  -12 
   48 
  -16 
   16 
   46 
  -18 
   12 
   36 
  -20 
  -12 
   50 
    6 
  -24 
  -24 
  -40 
  -16 
   46 
  -26 
   34 
  -30 
   24 
   32 
  -18 
  -30 
   54 
  -42 
   40 
  -16 
   38 
    6 
    8 
  -16 
   30 
  -38 
   60 
   64 
   -6 
  -14 
  -40 
  -20 
    6 
  -42 
   46 
