5 0
25
   -1     1     1     1    -1 
    0    40   -48   -16     0 
    5     5     3     2     9 
    1     1     1     1     1 
    1 1     1 0     1 0     1 0     1 1 
   16    40   -48   -16     8 
 -104 7   -61 11   -61 11   -61 11  -104 7 
    1 0     1 0     1 0     1 0     1 0 
 -126 -90   -90 72   -90 72   -90 72  -126 -90 
    1 1     2 -1     2 -1     2 -1     1 1 
   -4     4   -24   -16    -2 

    1    -1     1    -1    -1 
   -1     1    -1     1    -1 
    1     1     1     1    -1 
   -1     1     1     1    -1 

    0     0     0     0     0 
    0     0     0     0     0 
   -1    -1    -1    -1     1 
    1     1     3     4    -3 
   -4     4     0    -2    -2 
    1     3    -1     6     5 
    4     0     4     6    -4 
    4    -2     4    -2    -6 
   -5    -3    -1     0    -5 
    2     4    10     4    -4 
    5     3    -3     6     5 
   -1   -11     7    -2    -9 
    5     1    11    -8     1 
    9    13     7    -8    -3 
    1    11    13   -10     1 
    1    -1    -1    -1     1 
   -1    -9    -3     0     3 
   10     0   -10    -6    12 
  -12   -12     0    -6   -10 
   -5    -3    -5    12    15 
   -8    16    12    -8     2 
  -12     8    -4    -4     8 
   -6    -6     6   -12    10 
  -10   -10    10     8    -6 
    1     7    -5    10     9 
