4 2
25
   -1    -1    -1    -1 
    0     0     0     0 
    6     2     6     4 
    1     1     1     1 
    2 3     2 3     2 3     2 3 
  252    36    36    36 
 -103 21  -103 21  -103 21  -103 21 
    1 0     1 0     1 0     1 0 
 -270 -40  -270 -40  -270 -40  -270 -40 
    2 1     2 1     2 1     2 1 
   -3     1    -1    -1 

    1     1    -1    -1 
    1     1    -1     1 
    1     1    -1     1 
    1    -1     1     1 
    1    -1    -1    -1 

   -1    -1     1     1 
   -2     2    -2     0 
   -1    -1     1    -1 
   -1    -1     1    -1 
   -1     1    -1    -1 
    3     5     3     5 
   -8    -4     0     4 
    2    -6    -2     8 
    6     2    -2     4 
    7    -5     1     3 
    8     0     8    -2 
    3    -5     7    -3 
   -1     9     3    -1 
    1     3    -9   -13 
    9   -11    -5    13 
    9     5    -1     1 
   -6   -14    -6   -12 
   -8    -4   -12   -10 
   -1     1     1     1 
   -6     2   -10    -8 
   11     7     9   -13 
  -11    -3    -7     3 
    6    10    -2    -8 
    9    13    -5    -5 
   -6   -14    -2    -6 
