2 0
25
   -1     1 
    0    56 
    5     2 
    1     1 
    2 3     1 0 
   96    56 
   88 -101   -63 -17 
   -1 1     1 0 
 -290 110    50 -80 
    3 -1     0 1 
    6    28 

    1     1 
    1    -1 
    1    -1 
   -1    -1 
   -1     1 

   -1     2 
   -1    -1 
   -1     1 
   -1     1 
    1     1 
   -1     0 
    8     2 
   -9    -4 
   -4     4 
    7     0 
   -6     2 
    4     2 
   -6     0 
   -3     8 
    4     6 
   -4    -2 
    4    10 
   -7     0 
    1    -1 
   14     4 
   -2     0 
  -12    -6 
    4    12 
   13    -4 
    1    12 
