14 0
200
    1    -1     1     1    -1     1    -1     1    -1    -1    -1     1     1     1 
   36     0    96   -32     0    32     0  -240     0     0     0    48   -64   -36 
    9     7     6     4     4     4     8     6     6     9     4     6     4     3 
    1     1     1     1     1     1     1     1     1     1     1     1     1     1 
    1 0    -2 1     1 0     1 0    -2 1     1 0    -2 1     1 0    -2 1    -2 1    -2 1     1 0     1 0     1 0 
   36   100    96   -32    16    32    48  -240    32    12    64    48   -64   -36 
   11 -61    11 -61    11 -61    11 -61    11 -61    11 -61    11 -61    11 -61    11 -61    11 -61    11 -61    11 -61    11 -61    11 -61 
    1 0     1 0     1 0     1 0     1 0     1 0     1 0     1 0     1 0     1 0     1 0     1 0     1 0     1 0 
 -162 -72  -162 -72  -162 -72  -162 -72  -162 -72  -162 -72  -162 -72  -162 -72  -162 -72  -162 -72  -162 -72  -162 -72  -162 -72  -162 -72 
    2 -1     2 -1     2 -1     2 -1     2 -1     2 -1     2 -1     2 -1     2 -1     2 -1     2 -1     2 -1     2 -1     2 -1 
    9   -25    24    -8     4     8   -12   -60     8    -3   -16    12   -16    -9 
    0     0     0     0     0     0     0     0     0     0     0     0     0     0 
    0     0     0     0     0     0     0     0     0     0     0     0     0     0 

    1    -1    -1     1    -1    -1    -1    -1    -1    -1    -1    -1    -1     1 
   -1    -1    -1    -1    -1     1     1     1    -1    -1    -1     1    -1    -1 
    1     1     1     1     1     1     1     1     1    -1    -1    -1    -1    -1 
    1     1     1     1     1     1    -1    -1    -1     1     1    -1    -1    -1 
    1     1    -1     1     1     1     1    -1    -1    -1    -1     1    -1     1 

    0     0     0     0     0     0     0     0     0     0     0     0     0     0 
    0     0     0     0     0     0     0     0     0     0     0     0     0     0 
   -1    -1    -1    -1    -1    -1    -1    -1    -1     1     1     1     1     1 
   -1    -1    -1    -1    -1    -1     1     1     1    -1    -1     1     1     1 
   -3    -1     0     2     2     2    -2     0     0    -3     2     0     2     3 
   -1    -1     1    -1    -1    -1    -1     1     1     1     1    -1     1    -1 
    6    -4     4    -4    -4     8     4     0     8     0     0     0     4    -6 
   -2    -4     6     8     8    -4     4     2    -2     0     0     6     0     6 
   -4     2    -2    -4     2     2     0     2    -6   -10     0    -4    -4    -4 
    0     2    10   -10     2     8     2     0   -10     2    -8     2     4     8 
    1    -7     0    -4    -4    -4   -10     4     4    -7    -2     2    -6    11 
   -2     8     0     8     2    -4     8    10    -4     8    -2     2     2     2 
   11    -3     4     6     0   -12     8    -8    -8    -3    -8     0    -4     9 
    4    -8     6     4    -2    10    12     2     6     0     0   -12     8    12 
  -13    -5   -10    -8    -8     4    -6     2     6     5    10    -4    10    -1 
    9     1    10     4   -14    10   -10     6     6     9    -6    -6   -10     3 
   -1    -9     0    -6    -6    12     0    10     8     9    -6     6     2     9 
   14    10     4     4    -8     4     0     4    12     6    -4    12    12    -6 
   -7    15     0   -12     6     0    -2    10     0    -9    -4   -12    -4     9 
   -3    13    -8    -8    16    10   -14     6    -8    -1     4     2     4    -7 
   -4    -2    12   -14    -2     4    -2   -10    -4     2    12    -4     4     8 
    0   -12    10     0    12    -6    -2     0   -14    12    -8     0     8    12 
  -13    -7     8     2     8   -16     0    -8    12   -15     0     0     4   -15 
   14     0     2    -6    12    12    10   -14   -14     0   -10    12     6     6 
  -14    10    -6    16   -14    10   -10   -10    10     6     6     6    14    -6 
  -14    18    -2     6   -18     6    10   -14    14     2     2     2   -14   -10 
    3    13    -6    -2    -2    -2   -18     6    -6    -7    18    14     2   -13 
   -9   -11    -4    16    16    -8   -16   -12    -4   -13    -8   -16    -8    -7 
  -12    14    16     8   -16     8     8    12    -8     2    -8   -16     0   -16 
   19    21   -10    -6    18    -6     6    14   -18   -15   -10    -6    14     3 
   11     1     6   -14    10   -14   -18    10   -18     3    -2     6     6    -9 
  -12    12    14    18    12    -6    16    12     6   -12    -2    18   -10     0 
   -8   -18    -6   -18   -18    18     6   -10    -6     6     6    18    14     0 
   14    18    16    -6   -12    18     8   -10   -12   -22    -2     8    -6     2 
    2   -12     4   -18     6    18   -18    -4   -24   -16    14     8    10     2 
    1   -11   -12    16   -20   -20     8     4     4    -7   -12    -4     4    -7 
  -22    24   -12   -12   -12     0   -12   -16    20     8   -12    -4     4     2 
    6    10    10   -14    -8    -2    16    12    -6   -10    10    14   -22   -10 
   24   -20   -24     4     4    10     2     6   -16   -24    -4    -6   -12    24 
   11     5    12    26    -4    20   -24     4   -12     3   -12     0    12    -9 
   11   -13     2    26   -22    14   -18     2    10     5   -10   -10   -18   -19 
   19   -13    14    14   -10   -22    22    -2   -18     5   -10     2     6     5 
  -13     3    10    12     6     6     8   -14    18   -15     0    12     0   -27 
    8    18     8    18     0   -12    -8    16    12   -18    -8    24    12    24 
    0     0   -18     0     0    -6   -18    24    18     8     8    20    -4   -16 
    5    -5   -10    10     4    -8   -20    14   -14    11    16     2    -4   -25 
   14    -6    12    24   -24   -24     0     8     4    14   -16   -16     8    14 
    1     9    12   -24   -12     0    -4    16     4    11    16    20   -24    23 
   23   -25   -20     8    -4     8     2    20     0    23    -2   -22    -6     5 
  -10   -10    -4    20   -16   -28   -14    -4     0    14    14    14    10   -22 
   28    18   -20    18   -12    24    12    -4    20    18    28     0     4     0 
  -19    13    12    16    10   -26   -16    -8   -12   -15    20    30   -12    -3 
   -7    -3   -14   -12     6    -6    -6   -14   -30   -21    14     6    22    21 
   27   -13   -10     2     2    -4     0     0    14    27   -18    12   -18   -21 
   -3     5    -2   -28    14    14    -6     6    18    21   -14     6   -10    -9 
   -6   -10    24    14    20   -16    14   -12     0     6   -14    -6    10    30 
  -20   -10    10   -10    14   -10   -34    10    26     2     2     2   -14   -16 
  -30   -12    30     0   -24   -24   -16   -18   -10     0     0    18     0   -30 
  -21     3     4    24    24     0    16    12    16    15     0     0    28    33 
   14    14    -6   -16     8   -28    -6   -10   -22    26   -14     8    10    14 
    4    -6   -10    24   -18   -24     8   -20   -26   -10   -30    20   -14   -16 
  -28    -8   -10    22    -2    22    10   -14   -14    24    34    30    14     0 
   12    -8     4    22    16    10    20     6   -12    24    -6    24    -6    24 
  -10     2   -20    20    20    32     8    20   -20    26    -4   -28    12     2 
  -10   -18    -4     0    12    12     4    -4     4   -10   -20    20   -12   -10 
   -8     6     2   -18   -24   -24    10    26     2    18    -2     0    -2   -24 
  -36   -14    18     4   -14    -2    10    30    -6   -18   -18    18    14    12 
   12    12    -6    12   -18   -12   -20   -12    18   -28     2    20    10   -16 
  -10   -12   -24     0    24   -12    16   -16    -8   -28    32   -16    16     2 
    4   -32    16     4    28   -32    16   -32     0     8   -32   -28   -32    -4 
    7    -5   -12    -8    28     4    32   -32    -4   -25   -20    20     4    -1 
   20   -20    -4   -20   -20    16    28    20    12    20   -20    -4    -4    -4 
   21    31    18    16   -14    28   -38    12    10     9    24   -18   -24    27 
  -29    31    12    16    16    -8    24    32    -8   -21    24    24   -28   -15 
  -24    20   -12    26   -16    26    36    30    -4     0   -30     0    10     0 
   -3    -5    34    22    10    34     6   -18    14    -9    26    -6   -10    15 
   29     3    -2    -6   -18   -18   -34   -34   -18    -7    -2    14   -34    35 
  -22    38   -30    38     2     2    14     2     2   -34   -34     2    30     2 
  -12    -2     6    -2    28   -14   -24   -12    30     6     6    18   -18    36 
  -15    23    -6   -10   -34    14     6   -18   -30    21   -34    -6   -18    -3 
   -1   -35   -28   -26    28    16   -12    28    12    27   -28   -24     4     3 
    0    30    12     0    12     6    30     6     4   -30   -20    -6    12    12 
  -28    22     8    22   -14    -2   -10     8   -20   -10   -10     8   -14    -4 
    6     2   -28   -34   -22   -10    22    36    32   -10   -10    -4   -22    26 
   16   -26    30   -14    -2   -26    14    -2    14    26   -14     2   -14    20 
  -18   -26    14    22   -14   -14   -30    -6   -34    38    18    26    18    14 
  -30   -24     4     0     0    12    -4     0    -4    24   -36   -36    12    -6 
   -4     6   -28    36    24    24     4     4    36    -6   -36   -24   -12     0 
    9   -15   -34    24    -6    30   -18   -18   -18    15    30    30   -18    21 
  -38   -20   -42    22    -8   -20    22    26   -34    12   -18    24   -18    18 
  -13    -1   -16   -28    -4   -16     4     8   -40     5     0    32   -24    29 
  -12   -16   -36     8   -16    20    40   -24    12    -4    16   -16    16   -40 
  -27    27     0   -12    -6    12    30    -6     0     3   -12   -24    -4    21 
   28   -28   -20     8    -4    20   -20    -4    28   -12   -12   -12    36   -36 
  -26    38    -2   -16     2     2   -16    10     2     2    -8    -4    28    14 
    4   -32    26   -26    28    -8   -12   -14    -2   -16   -16   -34    20   -28 
  -30    20    36   -10   -22    20   -14    -6   -12    -4    -4    20   -20    26 
  -14   -20   -24    16    10    10    20   -32   -24   -16     4   -34     4   -10 
   34   -10   -26   -16   -34   -34    -6     2    10    30   -30   -18    38    30 
    8   -20     0    -2    -8   -44   -10    28     8   -24   -14    30    10     0 
  -12    18   -18   -42    12     6   -36    24   -18   -30    30    30    38    24 
   -3     3    38    42    30    30   -38   -18    38   -39     6    42   -10   -15 
  -46   -22    38    14   -16     2     4   -28   -18    38    18    38    10     2 
   -2    38    -6    38   -22   -34   -26    22   -14    26   -14   -34    18   -34 
    3    27    36   -12    12    12    20   -12   -36   -39    -4    36    28   -33 
   37    47   -24   -28   -34   -16   -42     2    24   -33    12    12    28   -27 
   38    30     4   -12    12     0   -32    16   -24    30     0    12   -44   -30 
  -24     0   -38   -24    30    24   -38   -12    18   -24    16    -6     0    24 
   22    22    26   -38   -26    22    -6   -22   -22    -6   -26    -6    -2     6 
   37    27     6   -18    -6    18    14    14     6   -33   -18    42    38    21 
   10   -20   -28   -20     4    28     4    28     4    44   -36    -4    28   -10 
  -26   -10    12    44   -28    44    -8    -8   -20   -10   -20    20    -4    38 
  -27    17    50     8    20     2    26     0    22   -43    -8     8   -20   -25 
   47    37    14   -38    28   -32    -4   -34     2   -43    32   -46    36    29 
   12   -22   -18     2    32    32   -30    30   -42   -30    30   -12    46     0 
  -21    23    30    44   -22     2   -18   -18   -18    33    -2    18    -2    15 
    3   -41    36   -32    40   -20    16    24   -12    35    20    20     4   -37 
   -2    -6    20   -12    36     0    48     4   -20   -34    36   -28    12     2 
   -9    -3   -10   -24   -42    36   -10   -12     6   -45     0    42   -40     9 
  -19   -23     8    16   -32    40     0    28    12   -27    48   -24   -12   -33 
  -18   -24    24   -18     0   -24    10    24   -24   -36    34    -6   -30   -42 
  -20    -4    18    20    14    14    14    14     6   -24   -14   -18   -42   -12 
   46   -38   -36   -14   -44    34   -24   -38     8   -22   -42    -4    10    26 
  -25    -3   -20    30     0    30    40   -22   -24    -7    38     8    -6     5 
   18     6     4   -12   -48   -42    10   -30    -4     6   -44    18     4   -30 
   48   -44    44    -2     4    52    28    12   -44    12    12    24    -4    36 
  -21    37    20     4   -44     4    -4   -12    28     5    20   -40    28    11 
    1    -3    36    36   -48   -12    44    -8   -20    17   -28    20   -20   -31 
  -22    30    16   -12     6    48    -8    50    20    26   -34   -34   -38    38 
   12    10    24    -8   -26   -20   -28     6    12   -46    14    50    10    44 
   21   -35    -6    16    34    34     0   -30   -38    -9    16   -24    24   -21 
    0   -10    28   -10   -52    32    32   -12    48   -42     8   -24   -36   -48 
   52   -32    22    -8    28    22   -42    16    10     8     8     8    28   -28 
   -8   -12   -30   -18    18   -12    14    28   -42     8    48   -10   -28    44 
    5   -23    10   -20   -32   -38    22    -4    14    29   -16   -16    20   -25 
  -24   -28   -26    26    44    20   -16    -6   -22    20    40   -34   -52   -16 
   38    48    16    18    30    -6    -2   -16    52    20   -10    -4    34     2 
  -11   -17   -16    34   -32    -2   -48    -2    44   -13    22   -28    26    -1 
  -46   -54    -6    24    -6    -6   -42    46   -42    42   -38   -18    54   -42 
  -36     6     4    -6     0    12    14    24   -44    42   -38    -6    -6     0 
   20   -48   -28   -30    12     6   -20    -2    12   -36    -6   -12    18   -24 
    2    12     2    42   -42    18    54    46   -18   -48     2    42    30    -6 
   44   -26   -40     4    -8    16   -32   -16     8     2    -8    -4     8    32 
    9   -21   -24    24   -24    12   -16   -12   -24     5   -40   -40    -8    23 
   46   -50   -10    46    10    -2    54    -2    14     2   -18     2    38     2 
  -15    15    38    30   -30   -18   -26    -6    30    29    14   -34   -10   -25 
  -13    15   -40    12     0   -24    48     4     4    27   -48   -12   -36   -39 
   -4   -50    46    16     4    52     0    -2    30    42    32     6   -40    24 
   45   -33     6   -30    -6    18   -22   -54   -42   -13    42   -22   -38     5 
    0     0   -44     0    12    12     4    36   -44   -28    12    -4   -20   -40 
   14   -20   -52     4   -20    16    44   -28    36     8    28   -40   -28    14 
   16    16    -6    16    22   -32   -46   -52    10    24    24    -6    48   -24 
    8    16    24    28   -32    40    48    16   -12    24    24     0   -12    24 
   18    -2   -10    -2   -50   -50   -26    54   -18   -18    22   -18    14    18 
   30    18    -2    30    18     6    26    -6    46     6   -34   -18   -18    18 
   12    44   -56     2    -4     8   -40   -12     0    44   -36    44    20    44 
   26   -36    52   -24    18     6    40   -40    -4   -16     4    14    36     2 
   33   -17   -44    28    -8   -44    12    60    44    23    28     8    52    17 
   -8    28    20    52     4   -20   -20    28   -44   -16    44    44    12     8 
    0   -42   -32    30    48   -48   -40   -36    44   -54    56     0   -28   -12 
   20    48   -50     0     6    18   -12    34   -10     0     0    12    32    12 
   30    40    34   -50   -14   -14    30   -18    50     0   -50    42   -42   -42 
  -46    30    -6    -6     6   -18   -10    34   -22   -42   -42   -30    30    -6 
   30   -18   -20   -30   -24   -36   -12    36   -52    18   -12   -12    36   -42 
   10    -8    -4   -20   -32    10   -42   -34    52   -48    12   -42     4     6 
   -3   -27    20    12   -36    60   -12    36    -4    15   -20    60    36     9 
    0    38   -24    20   -40    20   -48    36   -56    42    12   -48    60     0 
   24   -18    18    -6    18    -6    46   -42     2   -30    30    -6   -26   -12 
   -2   -48    -2    18    60    54   -12     8    54   -24     6    54   -18    54 
  -29    21    54   -24    42     0    14    44     6   -45     0   -42   -24    -3 
   -8    56    32   -28   -16   -16    32    44   -12    24   -16    60   -60    48 
  -16    -8    14   -26   -14   -20   -34    32   -30    20    40     2    12    44 
  -16   -58    26   -16   -10   -22    -4    50    -2    38   -32   -16    52   -28 
   30    46    50   -20    34    -2   -34   -42   -42    54    -6    18    30    -6 
  -63    41   -36   -58   -34    -4    36   -30   -44    39    -6    18    18   -33 
  -38    22    46   -38   -50    -2   -42    -2    46   -46    14    14    -2    14 
    3   -43    -6    38   -34    50   -30   -42   -30   -49   -34   -34    38   -19 
   -9     5    60    56   -16    -4    16     0   -12    59   -16   -16   -56   -31 
  -39    25    -4   -44    -8   -56   -24    48   -60   -13    32   -52    40    23 
   30    10   -50    10   -14   -50    42   -30   -10   -30    30   -18   -58    30 
  -56   -50     6   -26   -26    58    22    14   -10   -30   -10    -6    54    36 
   34   -42    58   -36   -30    30     6   -22    30   -42   -22    -6   -18   -42 
   -8    28   -32    22    16   -32    42     8     0    12    42    42    42   -36 
  -10   -52    26   -10    62   -28   -22    32   -26    32    -8   -10    20    62 
   47   -37     2    32    20   -34    -2   -28    54   -49    16    44    52   -19 
    4    34    20    34   -14    58   -30    -8    16    14   -26    32   -38    -4 
  -51   -21   -36    -6   -24    30     8    18   -48   -49     6   -40   -62   -49 
  -40   -24    36   -30    24    12   -60    16   -16    48     8   -48    36   -24 
   51   -49    18    -4    50    14    36    54   -30    45     0   -12    56   -51 
    4    10     6   -56    22   -14    26   -22    18    42   -38    18    22   -24 
   50   -10   -56    50    14    56   -48   -38   -24    42   -38   -30    58     6 
    6    54   -20   -24    12    12   -36   -12    20   -22   -12    44    -4   -46 
   61    -1   -36    -4    56    32     4    52   -52   -49   -44   -64     4   -19 
   61    -1    62   -34    56   -34   -56    40   -58     5    50     2   -38   -31 
   20   -46    10    50   -58    38   -62   -22    34   -58     2   -34     2    -4 
  -50    52   -20    40   -26   -26    12    52     4    32    52    38   -20    38 
  -14     2     8    26   -22    44   -38   -50    48    26    -4    56    20    38 
   15   -27   -58    30   -18   -42    66    42    42   -39    66   -18    22    -3 
  -20    28     8   -50    40   -14    12   -22    24    12   -38    36    -6    60 
   47   -49    42    32   -22    38   -18   -50   -22     9    54   -54    -2     3 
