4 6
25
    1    -1    -1     1 
   20     0     0   -36 
    5     4     4     3 
    1     1     1     1 
    1 0     7 0     7 0     1 0 
   20   144    48   -36 
   27 -47    71 -22   178 -11    27 -47 
    1 0     1 0    -1 1     1 0 
  140 -20    60 120  -200 -100   140 -20 
    0 1    -1 2     3 -1     0 1 
   10     4    -4   -18 

   -1    -1    -1    -1 
    1     1     1     1 
    1    -1    -1    -1 
    1     1     1    -1 

   -1     0     0     1 
    0     0     0     0 
    0     0     0     0 
   -1     1     1     1 
    0     0     0     0 
    3     0     4    -3 
    9     4     0     9 
   -6     4    -4     6 
    4    -4    -8    -4 
    7    -4     0    -7 
    4     6     6    -4 
   -7    -6    10    -7 
   -3   -12    -4     3 
    6   -12    -8     6 
    1     2    -6    -1 
    6    10    -6    -6 
    6    10    -6     6 
    6     0     8     6 
   12     0     8    12 
   14    -8     4    14 
    4     8    -8    -4 
    3   -12    12     3 
   -9    12    -4    -9 
   15    10     2   -15 
  -12   -10     6    12 
