4 2
200
    1    -1    -1     1 
    0     0     0    16 
    7     5     3     1 
    1     1     1     1 
   -5 3     7 0     7 0     1 0 
   48    24    40    16 
   57 -59    28 -61    28 -61   -10 47 
    1 0     1 0     1 0     1 0 
  290 -120  -100 -150  -100 -150   130 10 
    2 1     3 -1     3 -1     1 -1 
    2    -8    -6    40 
    0     0     0     0 
    0     0     0     0 

    1     1    -1    -1 
    1     1    -1    -1 
   -1    -1     1     1 
    1    -1     1    -1 

   -3    -1     1     3 
   -1     1     1    -1 
   -1    -1     1     1 
   -1    -1     1     1 
    0     0     0     0 
   -6     2    -2     6 
    2     4     4     2 
   -3    -7     7     3 
    0    -4     4     0 
   -8     4    -4     8 
   -1     1    -1     1 
    3    -3    -3     3 
    0    -4     4     0 
   -6    -8    -8    -6 
   -3     9    -9     3 
    0    -2     2     0 
    0     2     2     0 
   -5     5     5    -5 
   -4     0     0    -4 
    8    -2    -2     8 
    2     8    -8    -2 
  -15   -15   -15   -15 
    8   -12   -12     8 
    3     3    -3    -3 
    0    14   -14     0 
    7    19    19     7 
   -2    -2     2     2 
    5    17    17     5 
  -12     6    -6    12 
  -13    -9     9    13 
  -12     4     4   -12 
   12   -10   -10    12 
   -6    20   -20     6 
   14    -4     4   -14 
  -12     0     0   -12 
   -6   -18    18     6 
  -13   -11   -11   -13 
   18     6    -6   -18 
   16     6    -6   -16 
    4    12   -12    -4 
   -7    -9     9     7 
   -5    25   -25     5 
  -10     0     0    10 
    7     3    -3    -7 
   -4     8     8    -4 
  -20     8     8   -20 
   28    22   -22   -28 
  -14    14    14   -14 
  -10    14    14   -10 
  -16   -20   -20   -16 
   -6   -30   -30    -6 
  -13   -19   -19   -13 
  -15   -15   -15   -15 
  -14     8    -8    14 
   20   -16   -16    20 
   -6    -2    -2    -6 
    4    26   -26    -4 
   12   -24   -24    12 
    7   -25   -25     7 
  -24    12    12   -24 
   27   -21    21   -27 
   -6     6     6    -6 
   35    13   -13   -35 
  -30   -24    24    30 
  -25   -11    11    25 
  -14   -10   -10   -14 
   10   -14    14   -10 
    8    28    28     8 
  -17    -5     5    17 
    5     5     5     5 
    7     5     5     7 
   12     0     0    12 
  -33   -29   -29   -33 
   -6    30   -30     6 
  -39    19    19   -39 
   18     8     8    18 
    8    -8    -8     8 
  -26    -8     8    26 
   13   -19    19   -13 
  -12    12   -12    12 
   -2    18   -18     2 
   40   -20    20   -40 
   25    -1     1   -25 
  -20    10   -10    20 
  -26   -14   -14   -26 
   23    11   -11   -23 
   18   -36    36   -18 
   -4    36    36    -4 
   -9    -9     9     9 
   -6    14   -14     6 
  -24    32    32   -24 
  -14     2    -2    14 
  -20   -24    24    20 
   40   -20   -20    40 
  -11    37    37   -11 
  -16    18   -18    16 
   -5     9     9    -5 
   32   -14   -14    32 
   -2    10    10    -2 
   31   -23   -23    31 
  -22   -24    24    22 
   -2    -2     2     2 
   -2   -18   -18    -2 
  -34   -26    26    34 
   12     0     0    12 
  -44   -36    36    44 
  -12    24   -24    12 
   41   -19    19   -41 
  -18    40    40   -18 
  -46     0     0    46 
   11    -7     7   -11 
  -23    47   -47    23 
  -24   -24   -24   -24 
  -14     4     4   -14 
   12   -10    10   -12 
   26    18   -18   -26 
  -35    35   -35    35 
  -14   -32   -32   -14 
  -46    42    42   -46 
   35    35   -35   -35 
    3    21   -21    -3 
   -8    14    14    -8 
  -25    37    37   -25 
   20   -50   -50    20 
   18    22    22    18 
   -9   -15    15     9 
  -34    -2    -2   -34 
   -8    30    30    -8 
  -26    14   -14    26 
   -2   -14    14     2 
  -27    -7     7    27 
   21   -39    39   -21 
  -30    30   -30    30 
   32   -16   -16    32 
  -28   -32   -32   -28 
   11    11    11    11 
    1   -37   -37     1 
  -22    -4     4    22 
   -6    26    26    -6 
   21    -9     9   -21 
   -8    -4     4     8 
  -45   -43   -43   -45 
   -9    -5     5     9 
   27   -41   -41    27 
   14   -10    10   -14 
   44   -14    14   -44 
   25    -3    -3    25 
  -27   -15   -15   -27 
   16   -22   -22    16 
  -52   -34    34    52 
   13    31   -31   -13 
   -9   -45   -45    -9 
    0    24   -24     0 
  -54    12    12   -54 
    8    48    48     8 
   20   -36   -36    20 
   -4   -14    14     4 
  -34     2    -2    34 
  -24    60    60   -24 
   45    33   -33   -45 
  -44   -36    36    44 
   21   -35   -35    21 
    5   -51   -51     5 
  -36    -6     6    36 
  -13    21    21   -13 
   23    53   -53   -23 
    1    35   -35    -1 
  -18   -46    46    18 
   34    -8    -8    34 
  -24   -28   -28   -24 
  -46   -52    52    46 
   -8    56   -56     8 
  -32     2    -2    32 
  -57   -27    27    57 
   40   -24   -24    40 
  -25   -11    11    25 
  -22   -40    40    22 
  -30    40   -40    30 
  -50    62   -62    50 
   60   -46   -46    60 
   61   -39   -39    61 
   37   -29   -29    37 
  -23   -45   -45   -23 
  -58   -10   -10   -58 
   35     7    -7   -35 
   33    27    27    33 
   24    36   -36   -24 
  -49    27   -27    49 
   37   -11   -11    37 
  -10   -24    24    10 
   10    18   -18   -10 
   14    14    14    14 
  -31    31   -31    31 
   18    42    42    18 
    7   -29    29    -7 
  -46   -16   -16   -46 
  -68    52    52   -68 
   30   -30   -30    30 
   62   -24   -24    62 
  -49   -29   -29   -49 
