4 0
25
   -1    -1     1     1 
    0     0   -20   -36 
    9     7     5     3 
    3     1     1     1 
    1 1     1 1     1 0     1 0 
   36    12   -20   -36 
   22 -65    22 -65    22 -65    22 -65 
    1 0     1 0     1 0     1 0 
  216 -108   216 -108   216 -108   216 -108 
    1 1     1 1     1 1     1 1 
   -9    -3    -5    -9 

    1    -1    -1     1 
    1     1     1     1 
    1     1     1     1 
    1    -1     1    -1 

    0     0     0     0 
    0     0     0     0 
    0     0     0     0 
   -3    -1     1     3 
   -1     1    -1     1 
    0     4    -4     0 
    3    -1     1    -3 
    6    -6     6    -6 
    5     3     3     5 
    5    -1    -1     5 
    8     4     4     8 
   -1     3     3    -1 
    0    -4     4     0 
   -9    -1     1     9 
    2    -6    -6     2 
   -9     9    -9     9 
    0   -12    12     0 
  -12     4    -4    12 
    3     7    -7    -3 
    2   -10   -10     2 
   -7    -5    -5    -7 
   -3   -11    11     3 
  -15     9    -9    15 
    3     9    -9    -3 
   15    -7     7   -15 
