2 2
25
    1     1 
  -18   -30 
    3     1 
    1     1 
    1 0     1 0 
  -18   -30 
    0 47     0 47 
    1 0     1 0 
  140 0   140 0 
    1 -1     1 -1 
   -9   -15 

    1     1 
   -1     1 
   -1     1 
   -1    -1 

    1     3 
    1     3 
    0     0 
    1    -1 
    1    -1 
    3    -5 
   -6     6 
   -6     6 
    8    -4 
    8    -4 
  -10     2 
  -10     2 
   -3    -1 
   -3    -1 
    1     1 
    0     4 
    0     4 
   12    -8 
   12    -8 
    8    12 
    8    12 
    0     8 
    0     8 
   12     4 
   12     4 
