1 0
200
    1 
    0 
    4 
    2 
   -2 1 
   16 
  -53 31 
    1 0 
  -14 84 
    2 -1 
    4 
    0 
    0 

   -1 
    1 
    1 

    0 
    2 
    1 
   -1 
   -2 
   -6 
    3 
   -6 
    0 
   -4 
   -5 
   -6 
   -3 
   -9 
   -1 
  -10 
   -8 
   -9 
    0 
   -5 
    7 
    6 
   16 
  -11 
   -6 
   12 
    8 
   -1 
  -16 
    9 
  -14 
    6 
  -16 
   -4 
    7 
   18 
  -11 
   19 
    6 
  -11 
  -21 
   -4 
  -15 
  -16 
    3 
  -24 
    5 
    2 
    6 
   14 
   21 
    4 
   22 
   -7 
  -15 
  -31 
    7 
   12 
   -5 
  -19 
  -27 
  -14 
  -12 
   12 
   32 
   -6 
   -9 
  -32 
   28 
   32 
   35 
   -5 
   10 
   34 
  -27 
   20 
    6 
  -14 
    0 
  -36 
   18 
   -4 
  -26 
  -11 
    9 
  -26 
    9 
  -36 
    6 
  -21 
   10 
   -8 
   12 
    4 
   -8 
    9 
    4 
  -28 
  -42 
   -8 
  -27 
    6 
   43 
   18 
   37 
   -6 
    0 
   18 
  -10 
   -2 
   10 
   20 
  -32 
    2 
   39 
  -34 
  -16 
  -14 
   30 
   12 
  -36 
   27 
   22 
  -22 
    9 
   47 
  -22 
  -30 
  -38 
   26 
   24 
  -18 
  -42 
   30 
   36 
  -13 
   10 
  -52 
  -18 
  -12 
  -44 
   12 
  -11 
  -41 
  -47 
  -10 
    4 
  -27 
    1 
   -7 
  -40 
   17 
  -24 
   -6 
  -21 
  -52 
    9 
   -8 
  -43 
  -24 
    6 
   39 
   -1 
  -54 
   18 
  -21 
   13 
  -34 
   23 
  -20 
   -8 
    9 
   56 
    2 
  -34 
   18 
    5 
   32 
  -40 
   16 
    6 
  -39 
   18 
    4 
   10 
  -27 
   41 
   10 
   12 
   51 
   14 
   29 
   -2 
  -34 
   27 
   34 
  -39 
  -60 
   63 
   36 
