2 0
100
    1     1 
  -14   -18 
    7     3 
    1     1 
    1 0     1 0 
  -14   -18 
  -67 0   -67 0 
    0 -1     0 -1 
   45 -45    45 -45 
    2 0     2 0 
   -6   -10 

   -1    -1 
    1    -1 
   -1    -1 
   -1     1 

    1     1 
    0     0 
   -2     2 
    1     1 
    1    -1 
    4     0 
   -3     3 
    1    -3 
    7     5 
   -4    -4 
   -4    -4 
    0    -4 
   -3     9 
    7     9 
    5    -1 
   -3     9 
   -9     9 
    8   -12 
    8    12 
   14     2 
   -6     2 
   14     6 
   -8    12 
   16    12 
   -2     6 
   16     8 
    6   -10 
    0     8 
    4     8 
  -13    -9 
  -15    -9 
  -18    -6 
    1    -3 
  -20     8 
    0     8 
    4   -16 
   -4   -16 
   21    -1 
   24     0 
    8     0 
  -19    -1 
   10   -10 
    4     0 
   18    18 
  -15    17 
   -3   -19 
   14     2 
   10     2 
   22   -10 
  -15    17 
    8   -12 
  -18    30 
  -21    -3 
  -19   -15 
   -6   -18 
   18   -18 
   13    -1 
  -10   -18 
   -6   -18 
   14    14 
   -8    -4 
    3   -27 
    6   -18 
   -9   -19 
  -29    17 
  -34    -6 
   18   -30 
    1   -31 
  -34   -22 
   22   -22 
   11   -37 
    4   -28 
   32   -24 
    3    15 
   -2    18 
   -8     0 
    0    20 
  -14     2 
   -2    -6 
  -22     6 
   22     6 
    0   -24 
   34   -10 
  -33   -19 
   -2    38 
   -2   -34 
   27   -33 
  -41    33 
  -12   -24 
   22     6 
  -40    32 
  -14    14 
    9    -3 
   12    12 
   20   -28 
   16     8 
  -12   -28 
  -25    -1 
   20   -24 
  -44    24 
