3 0
25
   -1    -1    -1 
    0     0     0 
    5     9     4 
    1     1     1 
    2 3     2 3     2 3 
   72     8    12 
   23 50    23 50    23 50 
    1 0     1 0     1 0 
 -324 96  -324 96  -324 96 
   -1 2    -1 2    -1 2 
   -1    -7     1 

   -1    -1     1 
    1    -1    -1 
    1     1     1 
   -1     1    -1 

    0     0     0 
   -1     1     1 
    0     0     0 
    1    -3     2 
   -3     1     0 
    1     3     0 
   -7    -5    -4 
    4     4     8 
    5     3    -6 
   -2    -2     8 
   -6     2     8 
    2    -2    -8 
    3    -7     0 
    1    -1     1 
    5    -3   -10 
    0     4   -10 
   -5    -9   -10 
   -5     9    -8 
   -8    12   -10 
    1     7   -10 
    8    -8     4 
    1   -13     0 
    8    -8    -8 
   -6    10    10 
  -14    -6     4 
