14 6
200
    1     1    -1    -1    -1     1     1    -1    -1     1     1    -1     1     1 
    0   -48     0     0     0   -40     0     0     0   -12    12     0   -64    84 
    7     6     5     5     5     5     5     5     3     3     3     2     1     1 
    1     1     1     1     1     1     1     1     1     1     1     1     1     1 
   -2 1     1 0     2 3     2 3     2 3     1 0    -2 1     2 3    -5 4     1 0     1 0     2 3     1 0     1 0 
    8   -48     8   112     8   -40     8    48   640   -12    12   160   -64    84 
  -13 -35    22 -51   -73 61   -73 61   -73 61    22 -51   -13 -35   -73 61   -73 61    22 -51    22 -51   -73 61    22 -51    22 -51 
    1 0     1 0     1 0     1 0     1 0     1 0     1 0     1 0     1 0     1 0     1 0     1 0     1 0     1 0 
 -132 -22  -132 -22  -330 110  -330 110  -330 110  -132 -22  -132 -22  -330 110  -330 110  -132 -22  -132 -22  -330 110  -132 -22  -132 -22 
    2 -1     1 -1     2 1     2 1     2 1     1 -1     2 -1     2 1     2 1     1 -1     1 -1     2 1     1 -1     1 -1 
    2   -24    -4    11    -2   -20     2   -21     6    -6     6   -20   -32    42 
    0     0     0     0     0     0     0     0     0     0     0     0     0     0 
    0     0     0     0     0     0     0     0     0     0     0     0     0     0 

   -1     1    -1     1    -1    -1     1    -1    -1     1    -1    -1     1    -1 
   -1     1     1     1    -1    -1    -1    -1     1     1    -1     1     1     1 
   -1     1    -1    -1     1     1    -1    -1     1     1     1    -1     1    -1 
    1    -1     1    -1     1    -1    -1    -1    -1    -1    -1     1    -1    -1 

    0     0     0     0     0     0     0     0     0     0     0     0     0     0 
   -3    -2    -1    -1    -1    -1    -1    -1     1     1     1     2     3     3 
    1    -1    -1    -1     1     1     1     1    -1    -1     1    -1    -1    -1 
    1    -1     1     1    -1    -1     1     1    -1    -1    -1     1    -1     1 
   -3    -2    -1     4     1     3    -3     0     1     4     0     2     3     4 
    0     0     0     0     0     0     0     0     0     0     0     0     0     0 
   -8    -4    -4     1     4     0    -6    -9    -4    -1    -3     2     6    -5 
   -2    -8     2     4    -6     0    -6    -6     4     4     6     8     2    -2 
  -10     4     2    -7    -2    10     4     7    -2     7     5   -10     4     3 
   -4    10     8    -4     0    -2    -8    -2    -2     4   -10    -4     0   -10 
    1     4     5   -10    -1     7   -11    -2     7    10     2    -4    -1     2 
   -6    -8    -2     8     2    -8    -2    -2    -8    -8   -10     4     2     2 
   -9     6    11     3    -3    -3     9     3    -3    -3     9    -4    11    -7 
    0    -4     0     2     8     0   -12     6     8     2     6     0    -4    -6 
    5     8    -1     1    11    -5     1     1     5    -1    -1   -10    13     9 
  -13     4    -9   -10     5     9     3    -6     1    10     6    12     9    14 
   -5     6     5     9     3    -9    -9    -3     9     9     9   -10     1     3 
    0     4   -12     5     0     6    -6     3    10    -5    -3     0    14     9 
   -7    12     9   -12    -3     9    -9    12   -15   -12   -12   -12     7     4 
   13     8   -13    -8    -5     1     7    10   -13     8     2     8     3   -14 
   14    14    -6    -2   -10    -2    -8    -8     2     2    -4    -6     4    -8 
   -6     0     2    -9    -6   -12   -12     9    12    -9    -3   -16     0    13 
   -5     2    -9    -5     9   -15   -15     3    -7     5   -15     0   -13     9 
    6     6    -6    -6     2     0    -6    12     0    -6     0     6   -14    -8 
  -14    16     6   -10    -2     6    -6    -6    10    10     6     6   -14     2 
  -12     6    -8   -15     4     2   -10    11    18   -15   -13    -2   -14    13 
    3    -2     7    16     7    -7   -13     2    13    16    14    -2     3     6 
   -1    16    -7    -8    -5   -13    -7     8   -11    -8     8   -16    -9     8 
  -14     8    14     5   -18     2   -16    -1    14     5   -13    -4   -12   -13 
   -3     6   -15    -6     9    15    -3    12   -21    -6     0   -18   -19    12 
   11   -14     5    -4     1     3    -9    -6     1     4    -6    -4    11    18 
  -18   -18    18     9    -2    12     0     3   -12     9     3   -18    12    13 
  -18   -18     6   -15    -2     6     0    -9   -18    15     9    12    -8   -15 
  -18     6   -18   -12     2    22    -2   -20   -18    12    20   -18   -14    -4 
  -10    18    22     3    14    16    -2   -11    12    -3    -1    10    -2    21 
   -5    16   -25    -2   -21    -7    -7    14   -11    -2    14    20     1    14 
    2   -12   -18   -18    14     8     2   -22    24   -18     2    12   -22    -6 
  -22    14   -18    -8    -2    10    10    -8   -10     8     8   -12    -6    -8 
   10    -4    10    23   -22    24   -24    -3    20    23    -3   -20   -24    -1 
   -3    26    15    -5    15     3    -9    15     5     5     9   -18    11     3 
   -7    26   -17   -10   -23     5   -19   -22   -13   -10    26    -2    11     6 
  -15    14     7     5   -15     5     5     5   -13     5    17    10    19    -5 
   -7   -12   -21     0    -7    15    27     6    -3     0    -6   -12    13     2 
  -26    18    10     6   -18   -18    24   -12    18    -6   -24     4     8   -20 
    0     0    16     6   -24    -8    16    -2     0    -6    26    10     0    18 
   -5   -10    -1    25    -7   -11    25   -11     5   -25   -25    20    -5   -17 
   16    24     4   -12    -8    14    14    14    -6   -12     2    16    14    -6 
  -19   -24    -1   -18    -3    11    23    -4     9   -18     8    -4     1    -4 
    7    -8    -5    -7    17   -23    -5    13    25     7    23    -8   -23    11 
  -10   -20    -2    17    -6   -14    22    13    10   -17    23   -20    10    -5 
   -8    18   -24    24   -20    18     0    24    18   -24     0   -18    28   -12 
   29   -16     1     2   -27    15     3    24   -13     2    12     4    19    -4 
   -3   -12    -1     3    27   -21    21   -21    -3    -3    -3     2    -7     3 
   -3    -2   -19     7     5   -27    21     3    13     7    27     2   -27    27 
   -1   -28    11   -17   -15    21    -9     3     5    17   -15   -16    -3    -3 
   12   -14    20    22    -4    -6   -30   -12    10    22   -24     2     6    -4 
  -20   -10    20     5    24     2   -16   -25   -10     5   -25   -10   -20    -7 
  -10     0    18   -30    -6     0    30   -18    12   -30   -18     0    30     2 
   23    24    31     6    33    15    33     0     3    -6    12    -2   -21   -32 
   26    16   -10   -31    22   -26   -14     1   -14    31    -1    26   -14     9 
  -14   -24    22   -12   -14    10    16    -8     6    12     8   -14    -4   -28 
  -22    22   -18   -22    14    24     0     6    -8    22    -6    18   -28    -2 
   14   -22    -2   -34   -26   -24   -24   -30     8   -34    -6   -26   -12   -22 
   20    20    32   -16    28    26     2    20     2   -16    20    20   -10     8 
  -22     0    34    12    -6   -10   -10    20   -18    12    20    28   -10    28 
  -10    18    10     0    18   -18    24   -12    -6     0   -12    10     8   -32 
   20     4     0   -10    16   -18    12     6   -14    10   -30   -30   -36    10 
  -18   -12   -10   -24    -6    28    16    -2   -12    24   -10     2   -12    34 
   22     0   -26   -18    -6   -28     2    26   -12   -18    26    -8   -10    22 
   24     4   -32   -26     0     8    -4   -10   -32   -26   -10     4     4    -2 
  -11    -8     1    34   -27   -25    -1    20    -5    34   -16     4     7   -16 
   12   -20   -20   -29    -4    20    -4    11   -20   -29    11    -8    20   -17 
   11   -16    21    17    15    -9   -27     9   -31    17    21   -24   -21    19 
   -1    16    -1   -10     9   -21   -15    12    31    10   -24    14   -29    12 
    2   -26   -26   -17    -6     0     0   -27   -20   -17   -15    22    24    -3 
   31    22     7   -22   -27    -9    15   -30    -5    22     6   -14    -3    30 
   27    -6   -15   -12   -25    -7    35     8     3   -12     8   -18    29    20 
   30    38     6    17     6   -34     2    -1    38    17    35    30   -22   -25 
  -36     2     0   -10     0    -6   -36    -6     2   -10    18    -6    12     6 
   21   -10     3    28    15    21    -3     6    23   -28   -18    36   -15   -30 
  -23   -26   -21    -1    19    27     3    -9   -35     1    33   -18    -1   -21 
  -20     0   -20    12    24    30   -12   -36   -30    12   -12   -20     0    12 
    8   -22    20    25    12    10     4    19   -22   -25    17   -22    28   -13 
  -32    34     8   -34    24    10   -26   -26    -2    34    26    38    -6   -26 
   -4   -14    28    19   -16    26    20   -19   -26    19     5   -14    16    11 
  -30    22   -30    40    10    38    14    26   -26    40   -10    30   -18     6 
  -18     0    14    27    30    24    -6   -15   -24   -27    -9   -28   -30    11 
    4   -36   -36     6     0     6     0    -6    -6     6    -6    24     4   -26 
  -11    24     7    -6    27    15    21   -30   -15     6     6    34     9    -6 
  -30   -22     6    -4    14   -12   -18    36    20    -4    36    30    38   -20 
   27   -28     1    14   -13     5    29   -22    -1    14   -22    -8   -13    -2 
    4     8   -24    38   -20    -4   -40    32   -16    38    -4    24   -12   -32 
   29    12    21    21    25    -3   -21   -27   -27    21    21   -36    27    33 
   20     8    -4   -20   -12   -12   -36   -30   -28    20    -6    20    28   -26 
   22    16    -6    29    -6    -2   -14     7   -38   -29    29   -18    26   -37 
  -32    26    24    19     8    16    28   -29    32   -19    -7   -12    -4     9 
   -6    10    -6   -22    26     4   -26    16   -20    22    20    -6    30     4 
  -38   -16    14     4   -30    16    10   -20    20    -4   -28    32    14    -4 
   10   -16     2    13    22    30    30   -27   -10   -13    -9    20    34   -21 
    6     2    10     2     6    24     0   -42    20     2   -18   -14    -8   -10 
  -14    42   -38   -27    30    30   -24     3   -18   -27   -45   -14    12    -3 
  -23    42   -25    12    35   -39   -15   -42     3   -12    30    32    -3   -38 
  -14   -14   -10   -22    22   -38    -2    -2    22    22     2    -4    46   -38 
   42   -38   -10   -43   -10   -26    34     7   -38    43    17   -28     2    25 
   33   -12    47   -12    23   -39   -33     0    27    12    24     8     3   -16 
   21    28    45     4   -23    33    27   -36   -47     4   -12   -24   -37    36 
  -22   -12    -6   -24    38    30   -30    24    30    24   -24    18    38    16 
   24    24     0   -27    40    24   -24   -15     0   -27    21    24    24    -5 
   -6   -38    38    14   -10    -6     6    24    22   -14    36    44    22    24 
   27    18    31     0    47    33   -21    12   -27     0   -12   -38   -37    -4 
   -4   -20   -12     4    32    44   -10    44   -20     4   -28    36    10    28 
   10    44    18   -28    -6   -10    38   -10   -10   -28    26     0   -26    10 
   31    -8     7   -40   -15    43    25   -20   -17    40    20   -14    27     8 
   29    38   -15    40     7    43   -29    16   -37   -40   -16    24   -47   -40 
   18    -2    42   -26    -2    30     0    24    22   -26    36    18   -12     0 
  -33    44    21   -23     9    33    15   -27    23    23   -45   -18   -21   -27 
  -19   -32    -7    10   -35    35   -37   -16   -41    10    -4    -4     3    -8 
  -14   -12   -26    18    10   -34     2   -16    -6    18    44   -44    -2   -12 
   -7    24   -17     3   -35    45    -9    -9     3     3     3   -32     9   -19 
  -35    16   -11    44   -21   -27   -33   -12   -23   -44    12    10   -19   -12 
   50    18   -42   -30   -10    36    42   -48    24   -30    36    30    18    40 
  -30    20    42   -32     6   -24   -12    24    -4    32     0     0   -20    -4 
   -2    14   -34    46    26    22   -26    -8    38   -46   -28   -22   -46    48 
   -1   -30    23   -30     5     7    -5    46     3    30   -22    14    25    22 
    6    12    38    39   -34    -6    30   -39    -6    39    33    -4   -18   -29 
  -22    -2     2    14   -50    12    36   -24   -44   -14    36    38    48     4 
  -35     4   -35   -41    33     5    11   -13    37   -41    11   -20   -21   -25 
   -9    36    27   -48    -1    17   -31   -22    -3   -48    14    36     1   -46 
   16    12    32   -36    32   -26   -38    10   -30    36   -46    -4    22    10 
  -28     8    -8   -32   -32    46   -44   -44   -10    32    44    -8   -12   -16 
  -37   -16    33   -52     3     9    21   -42    35   -52    42   -12   -21    30 
  -24   -10   -20    40    36   -42   -48    12   -10   -40   -12    16     0   -40 
   16     8   -40   -32    24    -8    28    10    32    32   -46    26   -52    42 
   20    18   -40    -6   -44    -8   -44    28    12     6     8   -40     8    -4 
  -25    20    31   -20   -15   -29    25    46    23    20    14   -50    -5    -2 
    4   -26    12    47   -12   -20    16   -17    28   -47     5    24    24    53 
    8   -18    44   -42   -36   -20    -2    22   -48    42   -22    38   -38    22 
   -3   -34    29   -38   -25    13     1   -32    17    38   -28     2    11   -48 
  -34    24     6    30   -14    42   -42    24   -54   -30    12   -24   -46   -24 
   42     6   -42   -24   -26   -42     0    30    -6   -24    -6   -18    36    26 
   36    30   -40    39    -4    36    24   -27    48    39    33   -34   -20   -35 
  -14    42    10    15    -6   -48    -6   -15    12   -15    27    46     2    33 
  -14     4    38    31   -50     2    32   -31   -26    31    29    -4    44    37 
  -19    24    -5     9    25     5    23   -31   -21     9     5    16     9    35 
   14    46     2    40    38     2     2    38   -50    40     2    14    46   -18 
  -17    30   -19     0    11    29   -25    20    15     0    20   -22   -15    -8 
   47    12    23   -42   -23    27   -39   -48    15    42   -12     2   -13    12 
  -10   -16    42    26    -6   -42   -24    24    50    26    12     0     4    24 
   41   -30   -35   -36   -11   -13     5   -22   -33   -36    14   -14    45   -34 
  -26     0     6    51    14   -28   -40    41     0    51    17   -36     0    19 
   20     4   -24    52    32     8    14   -40   -20    52     8     0    14    -4 
   40   -16    -8    32   -32   -24    24   -48   -16    32     0    40   -16    56 
  -32    28    56   -40   -32    24    24   -24    16    40     0   -22     8   -36 
   14     2    -2     2   -34    18   -18   -48     2     2    12    34   -18    16 
  -48    30    -4   -15   -24     6    18    51    18    15   -51    32    30    53 
   32    -2    24   -19   -24   -44   -44    49   -44    19    47    42   -12     5 
  -40    24     4   -21    12    16    -2    13    36    21   -13    40   -26    55 
  -17    28     7   -17   -37    23    17    -1   -17   -17    23   -32    33   -21 
   58    52   -54    52   -22   -16     8   -28    28    52   -52   -12    -8     4 
   36    30    12   -48   -24   -54   -12     6   -42    48   -18    36     0    50 
  -60     0   -28    -6   -12     0   -12    48   -48    -6   -12   -40   -20    12 
   42   -50   -30    -1   -38     0   -42   -51    40     1   -21    12    30    27 
  -14     6   -14   -30    18    42     6   -30   -30   -30    42    46    46    14 
   58   -30   -42    12   -42    18   -42    18   -18   -12    42    18    30    18 
   -8    20     8    11   -52    48    -6    21     8    11    45   -28   -10    15 
    3    12    13   -30    -3    15     9   -18   -27    30   -54    28    -3    30 
   -6   -20    30    34    -2   -42     0    48   -38    34    36    24     0     0 
   22    -6   -30    21   -10   -30   -12    39   -18   -21    33   -48    24   -47 
   42   -18    38   -21   -34    24   -54    45    48   -21   -51   -58     2    27 
  -31    24    15    -3     5    45     3    21   -21    -3   -39    24    29    -1 
  -16   -28   -24    -2   -48    24    48     0    56     2   -36    54    -8   -16 
   20    26    40    -2   -52   -20   -44    -2     8     2     2    40    16   -58 
  -30    16     2    44   -30   -38    28    16    58   -44    56   -10    16   -40 
   26   -20    -6   -13    14    54    -6   -21    46    13   -39   -24    30     5 
   25    58    -9   -41   -55   -39    33    -9   -41   -41    27    30    63   -15 
  -50   -38     2    -2    22   -46    14    20    22    -2    32    50   -38   -12 
   45    38    -9    26   -23   -49   -19   -16   -43    26    20    30     3   -60 
  -37    56   -11     5    31    59   -31   -31     5     5     5   -32    -9    -5 
  -27   -44   -49    22   -19   -13    23    -4    25    22   -40     8   -39    36 
   26   -10    18   -28   -46    30   -30    12   -10   -28   -12     6   -30   -24 
    6   -26   -14   -10   -26   -30    36   -54   -50    10   -18    16   -56    -2 
    6   -36    38    54    50   -42   -42     6   -42   -54   -30    56    34    18 
  -10   -22   -18    20     6   -12    36     0   -28    20   -48    30     8    12 
   -6    10    10     8   -22   -32   -62   -26    52    -8   -58     4    10   -10 
   45   -32   -35   -40    35    49    19    -8    37    40    32    10   -47   -20 
   46   -34    34    55   -50   -14     4   -59   -34   -55    23   -14    -4   -27 
  -19     6   -19   -60    47    49    49    40    21    60    32   -34    51     8 
  -32   -30   -16    -3   -40    48   -24    21   -24     3    -9   -52   -40   -33 
  -19     4     7   -14    13   -45    51    18    49   -14    -6    16   -51   -18 
  -42   -56     6   -16   -34    42   -24   -54    10    16    42    48     4    26 
  -54   -50   -26    10   -30   -42    -6    18    10    10   -54   -14   -50   -18 
   30   -24   -46   -51    30   -22   -46   -37    54   -51    59    20     6   -15 
  -33    -4   -25    20    19   -49   -19   -28    -1    20    -4   -28    61     4 
  -33    34    -7   -16    45    -5    31   -32     1    16   -64   -28   -61    -8 
   56   -50   -28    62   -36    58     4    22    46   -62    26   -64   -20   -14 
   56   -40   -36    -5   -60   -32   -38    25   -52     5   -49    36    50   -21 
   -2   -26    62    14   -62   -26   -38    34    -2   -14    62   -22    14    22 
  -43    30   -19    42    15   -39    -3   -66   -27   -42   -54   -58    15   -42 
   60    50    28    17    44   -12   -60     3   -28    17    15   -50    20   -21 
    3    32     9   -53    29     9     3    27   -49    53    21   -42    47   -45 
