2 2
100
   -1    -1 
    0     0 
    4     4 
    1     1 
   -2 1    -2 1 
  288   288 
  -40 0   -40 0 
    0 -1     0 -1 
   27 -27    27 -27 
    2 0     2 0 
  144   144 

    1     1 
    1     1 

    0     0 
    0     0 
    1     1 
   -2     2 
    2    -2 
   -3     3 
    1    -1 
    8    -8 
   -3    -3 
   -6    -6 
    4     4 
   -8    -8 
    4    -4 
  -10    10 
  -12   -12 
   12   -12 
    3    -3 
   -3     3 
   -9     9 
    3     3 
  -12   -12 
   -2     2 
   -4     4 
    7    -7 
   14   -14 
    8     8 
  -10   -10 
    1     1 
   -8    -8 
   -6     6 
    3    -3 
  -14    14 
  -19    19 
   13    13 
    7     7 
  -20   -20 
   19    19 
   -1    -1 
   14   -14 
   -8     8 
  -10   -10 
    5     5 
   -6     6 
  -12    12 
   21    21 
    0     0 
  -16   -16 
    8     8 
    8     8 
   14    14 
  -30    30 
   -6     6 
   22   -22 
  -13    13 
   -2     2 
   17   -17 
   -2    -2 
  -15    15 
  -15    15 
   16    16 
   22    22 
   15   -15 
  -12    12 
   25    25 
  -32   -32 
   10   -10 
   14   -14 
  -18   -18 
  -25   -25 
  -10   -10 
  -38   -38 
  -29   -29 
  -24    24 
   21   -21 
  -20    20 
   11   -11 
  -26   -26 
   10    10 
   30   -30 
    9    -9 
    2    -2 
   16   -16 
   26    26 
   23    23 
    6     6 
  -12   -12 
  -36    36 
  -15    15 
   12   -12 
   -9     9 
   18    18 
    0     0 
   -8     8 
  -40    40 
   28    28 
   10    10 
    8     8 
  -31   -31 
  -36    36 
   27   -27 
