3 0
25
    1    -1     1 
-20952     0 -20952 
    6     5     2 
    1     1     1 
    1 0     7 0     1 0 
-20952 104760 -20952 
  -90 17    38 39   -90 17 
    1 0     1 0     1 0 
  -40 90   230 40   -40 90 
    1 -1     3 -1     1 -1 
-10476 -38412 -31428 

   -1    -1    -1 
   -1     1    -1 
    1    -1    -1 
   -1     1     1 

   -2    -1     2 
   -2     1    -2 
    1     1     1 
    1    -1     1 
   -1     1     1 
   -3    -4     5 
    0    -2     4 
    6    -4     2 
    5     5     5 
   -4     1     4 
    2   -11    -2 
   -7     5    -1 
    0    10     4 
    3     0    -3 
   -4    -3     0 
    9     9    -9 
   -3   -11    -5 
    0     8    -4 
   12     6   -12 
   14     4   -14 
   14     8   -10 
  -12    -5     4 
   -3     1   -11 
    0    -9    12 
   12     3    12 
