8 0
200
    1     1     1    -1     1    -1     1    -1 
   72     0    28     0    20     0    12     0 
    9     7     7     5     5     5     3     9 
    1     1     1     1     1     1     1     1 
    1 0    -5 4     1 0     1 1     1 0     1 1     1 0     1 1 
   72    16    28    16    20    16    12     8 
   11 65   -49 44    11 65   112 7    11 65   112 7    11 65    11 65 
    1 0     1 0     1 0     1 0     1 0     1 0     1 0     1 0 
  216 54  -216 -54   216 54    90 126   216 54    90 126   216 54   216 54 
    2 -1    -1 2     2 -1     1 1     2 -1     1 1     2 -1     2 -1 
    8     1     2     4     4     4     4     4 
    0     0     0     0     0     0     0     0 
    0     0     0     0     0     0     0     0 

   -1     1    -1     1    -1    -1    -1    -1 
    1    -1     1    -1    -1     1     1    -1 
    1     1     1     1     1     1     1    -1 
    1     1     1    -1    -1    -1     1    -1 

    0     0     0     0     0     0     0     0 
    0     0     0     0     0     0     0     0 
   -1    -1    -1    -1    -1    -1    -1     1 
   -3    -1    -1     1     1     1     3    -3 
    2    -2     4     2     2     2     2     0 
    1     0     0     0     2     2     4    -3 
   -1    -1    -1     1     1     1    -1     1 
   -6    -9    -3     9     1     7     9    -6 
   -7    -7     2    -7    10     7    -4    -1 
    2    -2     1    -2     5    -4     5     2 
    3     2    11     2    -7     2     3    11 
   11   -12    -6   -12     6     0   -10     5 
    4    -6     0     6     0    -6    -2     0 
   -3     0    12     0    -4     8    -6     3 
   10     9    12     9    10     1    10   -10 
    8     3   -12    -3    -6    -3     2     0 
    6     4   -11    -4     7   -14     9    -6 
    5    14    -4   -14     6    -6    -4     9 
  -12    -7     8     7     6    -3    -6     0 
    4   -12    -3   -12    11   -10   -11    -4 
    7     4   -14     4     4    -2    -2   -13 
    5     4    10    -4     0   -12   -16    -3 
    9    -9     6     9    -2    -5    12     3 
  -12    -8     4     8     4   -14    -6   -18 
   15    15    -6   -15    -6     9    18     3 
   -4     3    -6     3     2    -1     8    14 
    8   -10   -16   -10    -6   -12     2     2 
  -13    -7   -16    -7    -4   -13     8     5 
  -10    -5    19    -5    -5     1    11    14 
   -1   -14    -2    14   -14   -14     2     3 
  -14    -2     4     2    -6     6    -8     6 
   -9   -17    13    17    -7    -7   -15    15 
  -10   -14    -8    14    22    -8     2    18 
    8   -11    -2   -11     8    17    14    20 
  -10    -4   -22    -4   -12   -18     8   -10 
   17   -21    -6   -21     6    21     8    23 
    6     4    13     4    -9   -12    21   -16 
    5    18     9    18    -3     6    17     5 
    0   -18    12    18    16    10   -12    -6 
   -2    15    -9   -15    25    19    -5   -18 
   18   -17    10   -17   -14    19    12    20 
   16    22    -2    22    -6    24   -20     2 
    4   -26    16    26     0   -12    16    24 
  -17   -10    14    10    12   -24    10     3 
   13   -22    20   -22    28    -8     4     5 
    6   -16    -7   -16    25    -8    21   -16 
  -19     8    20     8   -10   -10   -16     5 
   12   -24    -9   -24    -9   -12   -21   -10 
    2   -25    11   -25    17   -13    -1     2 
   13     0     3     0   -27     6    -5   -13 
    2     9     3    -9     9     9   -13   -18 
  -26    11    11   -11    17   -25     7   -12 
    3    -2    25     2     5    14     9    15 
   16     2    14    -2   -28     2    -8    12 
  -30    10     4   -10   -30    18    18    24 
  -29    21    30   -21    26    -1    -2    15 
  -14     2   -10     2   -10   -28     4     2 
   22   -20    -5    20     3    24   -29   -12 
  -20    13    25   -13    -7   -19    13    -6 
   28   -17   -14   -17    26   -25    28    14 
   -8     8     8     8    22    22    16   -22 
   18    -9    27     9    13   -35    27   -18 
   20    13    28   -13     6    27    20   -12 
   10   -29    31   -29   -23   -23   -17   -16 
   12   -10   -34   -10    20    14   -18     8 
  -18    -3     6     3    14   -25    -6    12 
  -27   -11     7    11    31    -5   -33   -15 
  -12     7    22     7    32   -13   -12    20 
    1    16    10    16    -8     4     4    -1 
  -22   -21     9   -21     1    25    -7   -28 
  -19   -28   -10   -28    14    20    14    -1 
   34     7     4     7   -20   -35     4   -10 
  -38    21    27   -21   -25    -7    19    30 
   -6   -16    -1    16    15     0    -9   -12 
  -12    -2   -20     2   -36   -18    18    -6 
   19    -6   -15     6     3   -30    25     3 
  -31    26    -1    26    13   -14    11    23 
   -2   -10    -1   -10   -27   -36     7   -22 
   -5   -20   -17    20    11   -10     7   -27 
  -12    27    18   -27     0    21    24    -6 
  -38   -35   -35    35    35   -19   -23    12 
   -6    11     8   -11    12    15    12   -24 
   14   -15    24   -15   -20    13   -28   -34 
  -16    26   -10    26    10    10    -4   -16 
   34     0   -30     0   -22    14    16    38 
  -16   -17   -26   -17    14    -1    32    14 
    0   -40   -22    40    22     4    12   -36 
   28    20    14   -20   -30    24    22   -24 
  -30    23    23   -23   -33   -27    27   -18 
  -30    -3    30     3   -22    23     6   -36 
   20    -6    -9    -6    -9   -36    23   -34 
   21    13    16    13   -20    19    30   -13 
  -31     0    -6     0    30   -12    26     9 
   35   -26    10    26     8    20   -16    15 
  -20   -18   -24   -18     4    28   -38   -28 
    4    33    -3    33   -31   -37   -23   -28 
  -37   -17    16   -17    30   -27   -16   -31 
    2    -8   -17    -8    -7    -4    11    14 
    8    15    30   -15    -6   -39   -10    24 
    9    38    26   -38   -10     2    -6    33 
  -14   -42     3    42    19    -2   -17    -6 
   18   -10     2    10     0   -18   -18    12 
   37   -14     7   -14     3    -6   -17   -25 
    5    -6   -42    -6   -18    24   -10   -25 
  -15     3    18    -3     6    27   -42   -33 
   21   -22    14    22    12   -30    42    45 
   28   -36   -15    36   -19   -40    25   -12 
    2     6    39    -6    15     0   -13   -36 
    4    10     4   -10   -28    14   -14   -12 
   47    38   -49   -38    15    -6   -13    -3 
   15   -16    20   -16   -26   -14    36    -1 
    8     2    -4     2   -28   -46    -4   -46 
  -24   -37   -16   -37   -32    37    18   -16 
   22    -1    32    -1    32    41   -44   -10 
   18    10    -2   -10    40   -26    42    18 
   15    38    35   -38    -9    42   -33    45 
   -5    28    28    28    26   -28    -2    41 
  -14    -4    23    -4   -15   -48    31   -40 
  -24    17    23   -17     3   -15    39   -42 
   28   -12     0    12    24     6   -32   -18 
  -33    21   -42   -21   -22    35     6    15 
    6    14   -10   -14     4    10    42   -12 
  -44   -14    40   -14   -42    18   -20    14 
   46   -13    38   -13    24   -21   -32    50 
   28    15   -39   -15    -9    15    49    48 
   16    26    11   -26    21    30   -29     6 
   28    -8     4    -8   -20    28    28   -16 
  -28   -12    24   -12     4    -8   -10   -28 
   -6    14    23    14   -43    44   -21    26 
  -22    23    11    23   -35    43   -13     2 
  -21    19    22   -19   -30    15   -18    21 
   32     6   -30    -6    28     4   -34     0 
   13    44    26    44    36     0   -32    17 
   46   -26    49   -26    21   -18   -11    26 
  -29   -32   -26   -32    12     0    10   -25 
    4    48   -48    48     4   -20    -8    26 
   52    15   -48    15    -4    -1    -2    38 
  -46   -20    -8   -20   -50   -50    14   -34 
   -4    49   -26   -49     6    27    14    24 
   39    42   -21   -42   -15    24    39     9 
    6    -9    18     9    12    33   -18   -12 
  -23   -28    14    28    -6     6   -26   -33 
    4   -36     9   -36    29    20    25   -34 
   41    -7    44    -7    -2   -41    44   -37 
   35   -28    14   -28    -6    12   -34     5 
  -23    54    15    54   -35    28    31    35 
   12    22   -44   -22     0    30   -24    24 
   20   -14     1    14   -15     0     5    -6 
  -26    34   -44    34    22   -14    -8   -22 
  -35   -10   -34   -10    22   -14     4    29 
    6    -5   -44    -5   -12    45    36   -22 
   34   -39   -48    39    32   -43   -32   -36 
   30   -34   -31    34    37   -20    21     6 
   33    26    41   -26   -15   -24    -3    15 
   24    -6   -30     6    10   -14    18   -30 
  -45   -10   -10   -10   -20    52    54    47 
   18   -44   -41   -44   -43    20    27   -34 
   12   -59    28   -59    40    31   -24     8 
   47   -33     0   -33     6    -3   -10     5 
    0     9    24    -9    12   -51     0    24 
   27    23   -40   -23    16    -5    48     9 
   20   -30   -42    30   -32   -26   -52    42 
   43    23    14   -23    18   -15   -14    39 
   24   -24   -45    24   -55     8   -57     6 
   18   -22   -16    22   -12    -6   -48    54 
  -36    51   -54   -51    -6    39     0   -12 
   36   -15   -18    15    26    29    36    12 
  -24    33    36   -33    34    43   -36   -12 
   -3    22   -23   -22    -7    44    -3    27 
  -30   -14   -29    14    35    56    27     6 
    6    -6    -3     6    21    12   -15     0 
  -44    11     8    11    28     1    16    38 
   32   -30    -6   -30   -40   -22   -40   -16 
   26   -32    16    32   -42    12     8   -18 
   -1    44    38   -44    -6    60    50    21 
   17   -38    13   -38    -5    34   -55     5 
    9   -21   -39   -21    59   -13   -15   -31 
   -7     2   -46     2    32    32    20   -55 
   46    29   -31    29   -47    55   -59     8 
  -14   -20    61    20    41   -40    37     6 
   12   -21    -6    21    42     9    12   -30 
   -6   -40     8    40    10    58   -60   -54 
  -30   -46   -13    46   -51    12    -9   -18 
   40    -8    28    -8     4   -32    -8     2 
   48    16   -50    16    28    -2     6    44 
  -12     3    54     3   -62    -5     6    14 
  -24   -41   -14   -41   -34    47    18   -40 
  -19     0    54     0     2   -34   -46   -39 
   64   -38    -2    38    16    46   -14   -48 
   58   -13   -28    13     0    21    16   -60 
  -21    24   -30   -24    54     0   -30   -51 
   40    16    -8    16   -46     2     4    -4 
  -34   -30     3   -30    33    42   -25    20 
  -49    38    17    38   -11    16    29     5 
   34    20    -1    20   -29     4     7   -34 
    0    34     1    34   -13   -34    -3   -16 
   65   -24    30   -24    -8   -38    44    41 
   15   -12    15    12   -51    18    27   -15 
   -6   -24    36    24    42    36    48    42 
  -18    24   -21   -24    15     0    51    42 
