2 0
25
   -1    -1 
    0     0 
    7     5 
    1     1 
    1 1     1 1 
   12     4 
  -16 77   -16 77 
    0 -1     0 -1 
 -143 -11  -143 -11 
    2 0     2 0 
   26     6 

   -1    -1 
   -1    -1 
    1     1 

   -3    -1 
    2     0 
    2    -2 
   -4     2 
    1     1 
    0     0 
   -3     1 
   -3    -9 
    8     0 
   -2    -8 
   -1    -1 
   -3     5 
   12     2 
   -8     0 
   10   -10 
   -1     9 
   -6     8 
  -12     4 
    3     3 
   -3    -7 
   12     6 
   12    -4 
    2   -10 
   -4    -6 
   -9     9 
