8 20
25
    1     1     1     1    -1     1    -1     1 
    0    16   -32   -32     0     0     0   -40 
    9     8     8     8     5     5     5     5 
    1     1     1     1     1     1     1     1 
   -5 4     1 0     1 0     1 0     1 1    -5 7     1 1     1 0 
  128    16   -32   -32    16    16    16   -40 
 -229 0  -229 0  -229 0  -229 0  -229 0   167 -28  -229 0  -229 0 
    0 -1     0 -1     0 -1     0 -1     0 -1     2 0     0 -1     0 -1 
  153 -153   153 -153   153 -153   153 -153   153 -153     0 153   153 -153   153 -153 
    2 0     2 0     2 0     2 0     2 0    -1 2     2 0     2 0 
    8     6   -12   -12    -2     1    -2   -16 

   -1    -1     1    -1    -1     1    -1     1 
   -1    -1    -1     1    -1     1    -1     1 
   -1    -1     1     1     1    -1     1    -1 

    0     0     0     0     0     0     0     0 
    0     0     0     0     0     0     0     0 
   -4    -3    -3    -3     0     0     0     0 
   -3     2     2     3    -2    -1     0     1 
   -3     2     3     2     0    -1    -2     1 
    3     0     2     2    -2    -3    -2     3 
   -9    -4     4     6     2    -7     6     7 
   -9    -4     6     4     6    -7     2     7 
    2     4     2    -8   -10     4    -2     4 
    2     4    -8     2    -2     4   -10     4 
   -4    -2     7    -5    10    10    -8    10 
   -4    -2    -5     7    -8    10    10    10 
    6     0     4     2    -7   -12     7    12 
    6     0     2     4     7   -12    -7    12 
    2     2     4     4     1   -10     1   -10 
    6    -6    -6    -3    -9   -12    -3    12 
    6    -6    -3    -6    -3   -12    -9    12 
   -6    12    -4     5     7     6    13    -6 
   -6    12     5    -4    13     6     7    -6 
   -4     4     5     8     5     4     5     4 
   -4     4     8     5     5     4     5     4 
  -12     4    -8    -3    14    -8    12     8 
  -12     4    -3    -8    12    -8    14     8 
    0   -10    -3    16    -3     2    -1    -2 
    0   -10    16    -3    -1     2    -3    -2 
