3 0
25
    1    -1     1 
    0     0    48 
    7     4     3 
    1     1     1 
   -2 1     2 3     1 0 
   16    16    48 
 -241 46  -103 69   -23 54 
    0 -1    -1 0     1 0 
   69 -161   207 -138   138 23 
    2 0     2 0     1 -1 
    4    -2    24 

   -1     1    -1 
   -1    -1     1 
   -1    -1    -1 
    1     1    -1 

    0     0     0 
   -3     0     1 
   -1    -1    -1 
    1     1    -1 
   -1     2     3 
   -5     4     3 
    1     1     1 
   -1    -1     1 
    1    -8     5 
   -4     2     8 
    3    12    -1 
    8    -4    -4 
   -9     6     3 
   -6    -6     6 
  -11    10     5 
    4   -14     0 
   -9    -6     3 
   11    -4    -9 
   -6     0    -6 
    4     4    -4 
  -16     8    -4 
    5     2     9 
    0   -12     0 
  -10   -10     6 
   10    16    18 
