1 0
200
   -1 
    0 
    3 
    1 
    2 3 
   96 
  -85 -114 
    0 -1 
  285 -57 
    2 0 
   48 
    0 
    0 

   -1 
    1 
   -1 

    1 
    1 
    1 
    1 
   -2 
   -1 
   -4 
   -1 
    9 
    4 
   -1 
   -2 
    6 
    0 
    5 
   12 
    6 
  -15 
    6 
   -5 
    9 
   15 
  -12 
   -9 
    6 
   -2 
   14 
   14 
    0 
   10 
    6 
   -3 
  -10 
   -8 
  -22 
  -12 
   -7 
   -5 
   -1 
    0 
  -14 
  -16 
   -7 
    3 
  -18 
  -20 
   14 
   -7 
    4 
  -13 
  -14 
  -12 
  -18 
   11 
  -19 
  -18 
   18 
  -34 
   -4 
   -6 
   -1 
  -31 
  -14 
    4 
   -4 
   22 
    4 
    1 
  -24 
   12 
    2 
   14 
  -13 
  -12 
    8 
   29 
   38 
   -2 
    3 
  -12 
    0 
  -10 
  -15 
  -26 
   16 
   14 
  -22 
   -7 
  -13 
    5 
  -16 
  -16 
    0 
    1 
  -10 
  -32 
  -22 
   24 
   25 
   26 
  -24 
   13 
   30 
   22 
   -3 
  -12 
   26 
  -11 
  -29 
   18 
   24 
   -4 
   13 
   -5 
   -2 
   34 
  -19 
  -12 
   -3 
  -36 
  -20 
  -16 
   20 
   -6 
   46 
   -4 
   49 
   42 
  -37 
   12 
   29 
  -30 
  -18 
   10 
  -33 
    1 
   -2 
   10 
   34 
   29 
    6 
   -9 
   15 
  -10 
   15 
   21 
   54 
   12 
   45 
  -51 
   -4 
  -34 
    8 
  -10 
  -42 
  -49 
   24 
   12 
  -56 
  -12 
   23 
  -54 
   36 
   -9 
  -18 
  -15 
  -15 
  -44 
    9 
   34 
  -14 
   12 
   34 
   13 
  -22 
  -30 
  -26 
    8 
  -24 
  -28 
  -19 
  -42 
  -33 
  -36 
    4 
    4 
    6 
   -9 
   -8 
  -51 
  -12 
  -59 
  -13 
   37 
  -29 
   11 
   -1 
   66 
   10 
   21 
