5 4
25
   -1    -1    -1    -1    -1 
    0     0     0     0     0 
    7     5     5     3     2 
    1     1     1     3     1 
    1 1    11 3     1 1    10 1     1 1 
   16    16    16    96     4 
   95 -63   115 -72    95 -63   115 -72    95 -63 
    1 0     1 0     1 0     1 0     1 0 
    0 -158   316 158     0 -158   316 158     0 -158 
    2 -1    -1 2     2 -1    -1 2     2 -1 
   -4     2    -4    -6     1 

   -1    -1    -1    -1    -1 
   -1    -1    -1    -1    -1 

   -3    -1    -1     1     2 
   -3    -1    -1     1     2 
    1     1     1     1     1 
   -3    -1     1     3    -2 
   -3    -1     1     3    -2 
   -2     4     2     0    -4 
   -2     6    -6    -6     0 
   -2     6    -6    -6     0 
  -10     8     2    -4     8 
  -10     8     2    -4     8 
  -10    10    -2     2     4 
  -10    10    -2     2     4 
   -3    -3     3    -9     0 
   -3    -3     3    -9     0 
   -5    -5    -5   -13   -14 
  -12     2     4     6    -8 
  -12     2     4     6    -8 
   -1     1     5    -9    14 
   -1     1     5    -9    14 
   -8    -4     8    -4     8 
   -8    -4     8    -4     8 
   -3   -11   -13    -9     8 
   -3   -11   -13    -9     8 
   -7   -15   -15     9     6 
   -7   -15   -15     9     6 
