1 4
200
    1 
  144 
    9 
    1 
    1 0 
  144 
  -43 41 
    1 0 
   36 84 
    2 -1 
   -4 

   -1 
    1 
    1 
    1 

    0 
   -1 
    0 
   -3 
    4 
   -2 
   -3 
   -1 
    0 
    7 
    4 
   10 
  -12 
    6 
   11 
   11 
   -4 
   -3 
   -1 
   10 
   -9 
   -7 
    2 
   13 
    2 
  -13 
   16 
   -1 
    6 
    6 
   14 
  -15 
  -20 
   -1 
  -18 
   -8 
   14 
  -10 
  -12 
  -20 
    0 
    0 
   15 
  -16 
   12 
   14 
  -22 
   14 
    3 
   30 
   15 
   30 
   27 
   10 
   -5 
   -9 
   -4 
  -14 
  -16 
  -10 
   17 
   14 
    4 
  -16 
   18 
   -2 
   18 
   15 
   -4 
   35 
  -10 
  -14 
   16 
  -24 
   -9 
   -6 
  -28 
  -14 
   14 
  -32 
  -15 
   -1 
    4 
   13 
  -32 
  -14 
   28 
  -29 
   12 
  -11 
   16 
    4 
  -26 
    8 
   -7 
   32 
    1 
  -31 
   40 
  -28 
   10 
   30 
    1 
   11 
   28 
   15 
  -30 
   -8 
   27 
   48 
  -24 
   23 
  -28 
   24 
   28 
   18 
   -5 
  -29 
   -8 
   30 
   42 
  -27 
   38 
   26 
  -13 
  -11 
  -26 
   43 
   26 
  -34 
   10 
   -6 
   -8 
    7 
    0 
  -38 
  -10 
  -24 
  -25 
  -19 
  -25 
   -9 
    1 
  -48 
   -7 
   29 
   50 
  -30 
   12 
  -58 
  -52 
    0 
  -32 
    4 
   20 
   46 
    6 
   37 
   37 
   -9 
   24 
  -39 
   55 
   16 
   45 
  -54 
    9 
    1 
  -35 
   22 
   28 
  -40 
   16 
  -18 
   15 
  -50 
   57 
  -24 
  -40 
    5 
   16 
   10 
   -2 
    0 
  -17 
  -27 
   58 
   62 
  -33 
   34 
   18 
   -4 
  -28 
  -29 
    4 
   -5 
   52 
  -16 
   14 
   34 
