2 0
1000
   -1    -1 
    0     0 
    5     3 
    2     2 
    0 0     0 0 
    0     0 
    2 -7     2 -7 
    1 0     1 0 
  -16 -16   -16 -16 
    3 -1     3 -1 
    2     2 

    1     1 

   -1     1 
    1    -1 
    0     0 
   -1    -1 
   -1    -1 
    0     0 
    3    -3 
   -3     3 
   -9     9 
    9    -9 
   -5    -5 
   -5    -5 
    4    -4 
   -4     4 
    2     2 
  -10   -10 
  -10   -10 
   -7     7 
    7    -7 
  -11    11 
   11   -11 
    9    -9 
   -9     9 
   -1    -1 
   -1    -1 
   -1    -1 
   -1    -1 
   -4     4 
    4    -4 
   19    19 
   19    19 
    3     3 
    3     3 
    3     3 
    3     3 
   16   -16 
  -16    16 
   10    10 
  -19    19 
   19   -19 
   -5    -5 
   -5    -5 
   -3     3 
    3    -3 
    4    -4 
   -4     4 
  -19    19 
   19   -19 
   -9    -9 
   -9    -9 
   -5     5 
    5    -5 
    2     2 
    2     2 
  -18   -18 
  -18   -18 
   18    18 
  -28    28 
   28   -28 
  -13   -13 
  -13   -13 
  -17   -17 
  -17   -17 
   13   -13 
  -13    13 
   23    23 
   23    23 
  -22   -22 
   -7     7 
    7    -7 
  -17    17 
   17   -17 
    5    -5 
   -5     5 
    3     3 
    3     3 
  -18   -18 
  -18   -18 
   18    18 
   18    18 
   24   -24 
  -24    24 
  -26   -26 
  -26   -26 
  -21   -21 
  -21   -21 
  -11    11 
   11   -11 
   -9    -9 
   -9    -9 
   13   -13 
  -13    13 
   27   -27 
  -27    27 
   31   -31 
  -31    31 
  -24    24 
   24   -24 
  -41   -41 
  -41   -41 
   39    39 
   39    39 
  -17   -17 
  -17   -17 
  -32    32 
   32   -32 
  -12    12 
   12   -12 
   -6    -6 
   -6    -6 
  -25    25 
   25   -25 
   35   -35 
  -35    35 
  -37   -37 
  -37   -37 
    9    -9 
   -9     9 
  -33    33 
   33   -33 
   39    39 
   39    39 
   -1    -1 
   -1    -1 
    8    -8 
   -8     8 
  -17    17 
   17   -17 
   31    31 
   31    31 
  -17    17 
   17   -17 
  -33    33 
   33   -33 
    5    -5 
   -5     5 
  -10   -10 
  -10   -10 
   22    22 
   22    22 
   -9    -9 
   -9    -9 
  -53    53 
   53   -53 
  -25   -25 
  -25   -25 
   -9     9 
    9    -9 
   -6    -6 
   25   -25 
  -25    25 
  -20    20 
   20   -20 
   -9    -9 
   -9    -9 
   -8     8 
    8    -8 
  -56    56 
   56   -56 
  -12    12 
   12   -12 
  -14   -14 
  -14   -14 
  -25    25 
   25   -25 
  -29    29 
   29   -29 
  -13   -13 
  -13   -13 
   25   -25 
  -25    25 
   28   -28 
  -28    28 
   27    27 
   27    27 
   30    30 
   30    30 
   11   -11 
  -11    11 
   39    39 
   39    39 
    3     3 
    3     3 
  -52    52 
   52   -52 
   -9    -9 
   -9    -9 
   39   -39 
  -39    39 
  -42   -42 
  -42   -42 
   32   -32 
  -32    32 
   -5    -5 
   -5    -5 
   49   -49 
  -49    49 
   14    14 
   14    14 
  -21   -21 
  -21   -21 
  -37   -37 
  -37   -37 
  -26   -26 
  -26   -26 
  -21    21 
   21   -21 
  -29   -29 
  -29   -29 
  -35    35 
   35   -35 
    8    -8 
   -8     8 
   63    63 
   63    63 
   41   -41 
  -41    41 
   24   -24 
  -24    24 
  -37   -37 
  -37   -37 
   20   -20 
  -20    20 
    3     3 
    3     3 
  -29   -29 
  -29   -29 
  -33    33 
   33   -33 
   -6    -6 
   -6    -6 
  -60    60 
   60   -60 
   -5    -5 
   -5    -5 
   17   -17 
  -17    17 
  -61   -61 
  -61   -61 
    3    -3 
   -3     3 
   75   -75 
  -75    75 
   61   -61 
  -61    61 
    4    -4 
   -4     4 
  -41   -41 
  -41   -41 
    4    -4 
   -4     4 
   72   -72 
  -72    72 
   45   -45 
  -45    45 
   26    26 
   26    26 
   38    38 
   38    38 
  -57   -57 
  -57   -57 
  -62   -62 
   34    34 
   34    34 
   48   -48 
  -48    48 
   75    75 
   75    75 
   51    51 
   51    51 
  -25   -25 
  -25   -25 
    5    -5 
   -5     5 
   42    42 
   42    42 
   37   -37 
  -37    37 
   23   -23 
  -23    23 
  -63    63 
   63   -63 
  -22   -22 
  -39    39 
   39   -39 
  -14   -14 
  -14   -14 
  -35    35 
   35   -35 
   15    15 
   15    15 
  -48    48 
   48   -48 
   37   -37 
  -37    37 
  -45   -45 
  -45   -45 
   40   -40 
  -40    40 
   37   -37 
  -37    37 
   -9    -9 
   -9    -9 
  -31    31 
   31   -31 
   -1    -1 
   -1    -1 
   60   -60 
  -60    60 
  -10   -10 
  -10   -10 
   19   -19 
  -19    19 
   89   -89 
  -89    89 
   66    66 
   66    66 
  -17   -17 
  -17   -17 
   15   -15 
  -15    15 
  -25   -25 
  -25   -25 
   47   -47 
  -47    47 
   15   -15 
  -15    15 
   30    30 
   30    30 
  -63    63 
   63   -63 
   59    59 
   59    59 
  -41   -41 
  -41   -41 
   55    55 
   55    55 
   35    35 
   35    35 
   -7     7 
    7    -7 
    3     3 
    3     3 
  -33   -33 
  -33   -33 
  -21    21 
   21   -21 
  -53   -53 
  -53   -53 
    7     7 
    7     7 
   78    78 
   78    78 
   39   -39 
  -39    39 
  -79    79 
   79   -79 
   19   -19 
  -19    19 
  -13    13 
   13   -13 
   47    47 
   47    47 
  -87    87 
   87   -87 
   32   -32 
  -32    32 
   43    43 
   43    43 
  -48    48 
   48   -48 
   30    30 
   30    30 
   -9    -9 
   -9    -9 
  -13    13 
   13   -13 
  -12    12 
   12   -12 
   91    91 
   91    91 
   75   -75 
  -75    75 
   51    51 
   51    51 
   43    43 
   43    43 
  -25    25 
   25   -25 
  -35    35 
   35   -35 
   43   -43 
  -43    43 
  -86   -86 
  -86   -86 
    0     0 
    0     0 
   99    99 
   99    99 
   42    42 
   42    42 
   62    62 
   62    62 
   56   -56 
  -56    56 
   69   -69 
  -69    69 
    0     0 
    0     0 
  -17   -17 
  -17   -17 
  -47    47 
   47   -47 
  -46   -46 
  -46   -46 
  -33   -33 
  -33   -33 
  -12    12 
   12   -12 
   -6    -6 
   -6    -6 
  -73   -73 
  -73   -73 
   91   -91 
  -91    91 
   25   -25 
  -25    25 
  -85   -85 
  -85   -85 
    5    -5 
   -5     5 
   53   -53 
  -53    53 
  -89   -89 
  -89   -89 
  -46   -46 
  -46   -46 
   99    99 
   99    99 
   73   -73 
  -73    73 
  -87    87 
   87   -87 
   55    55 
   55    55 
  -13   -13 
  -13   -13 
   -4     4 
    4    -4 
   31    31 
   31    31 
   75    75 
   75    75 
  -38   -38 
  -38   -38 
  -24    24 
   24   -24 
  -93    93 
   93   -93 
  -97   -97 
  -97   -97 
  -56    56 
   56   -56 
   75   -75 
  -75    75 
  -25    25 
   25   -25 
  -45    45 
   45   -45 
  -13    13 
   13   -13 
  -61   -61 
  -61   -61 
   84   -84 
  -84    84 
  -29   -29 
  -29   -29 
  106   106 
  106   106 
   51    51 
   51    51 
  100  -100 
 -100   100 
   -5    -5 
   -5    -5 
   45   -45 
  -45    45 
 -112   112 
  112  -112 
  -77   -77 
  -77   -77 
  -55    55 
   55   -55 
 -105  -105 
 -105  -105 
   62    62 
   62    62 
   11    11 
   11    11 
  -20    20 
   20   -20 
  108  -108 
 -108   108 
   -2    -2 
   -2    -2 
   67    67 
   67    67 
   54    54 
   54    54 
   49   -49 
  -49    49 
   58    58 
    1    -1 
   -1     1 
  -74   -74 
  -74   -74 
    7    -7 
   -7     7 
   50    50 
   50    50 
   59    59 
   59    59 
  -53   -53 
  -53   -53 
  117  -117 
 -117   117 
   62    62 
   62    62 
   22    22 
   22    22 
   83    83 
   83    83 
  -81   -81 
  -81   -81 
  100  -100 
 -100   100 
  -13    13 
   13   -13 
  -12    12 
   12   -12 
    5    -5 
   -5     5 
 -108   108 
  108  -108 
  -34   -34 
  -34   -34 
   75   -75 
  -75    75 
 -112   112 
  112  -112 
   51    51 
   51    51 
   15   -15 
  -15    15 
   87    87 
   87    87 
   -9    -9 
   -9    -9 
   12   -12 
  -12    12 
  -34   -34 
  -34   -34 
  -69   -69 
  -69   -69 
  -40    40 
   40   -40 
 -101   101 
  101  -101 
   -9     9 
    9    -9 
  -85   -85 
  -85   -85 
  -13   -13 
  -13   -13 
  115   115 
  115   115 
   47   -47 
  -47    47 
  -37   -37 
  -37   -37 
   71   -71 
  -71    71 
  -19    19 
   19   -19 
  130   130 
  130   130 
   39   -39 
  -39    39 
  -34   -34 
  -34   -34 
 -109  -109 
 -109  -109 
   42    42 
   42    42 
  -21    21 
   21   -21 
   -7     7 
    7    -7 
  -62   -62 
  -62   -62 
 -117  -117 
 -117  -117 
   75    75 
   75    75 
    9    -9 
   -9     9 
   48   -48 
  -48    48 
   -4     4 
    4    -4 
   31   -31 
  -31    31 
   14    14 
   14    14 
   71   -71 
  -71    71 
   87   -87 
  -87    87 
  -57   -57 
  -57   -57 
  -78   -78 
  -78   -78 
  101  -101 
 -101   101 
  105  -105 
 -105   105 
    8    -8 
   -8     8 
  111   111 
  111   111 
  -61    61 
   61   -61 
  -74   -74 
  -74   -74 
   19   -19 
  -19    19 
  115   115 
  115   115 
  -36    36 
   36   -36 
  111   111 
  111   111 
  -97   -97 
  -97   -97 
   23    23 
   23    23 
 -120   120 
  120  -120 
 -122  -122 
 -122  -122 
   74    74 
   74    74 
   28   -28 
  -28    28 
  -20    20 
   20   -20 
   -9    -9 
   -9    -9 
  128  -128 
 -128   128 
  -68    68 
   68   -68 
  -15    15 
   15   -15 
  -65   -65 
  -65   -65 
  -29   -29 
  -29   -29 
  -63    63 
   63   -63 
   17   -17 
  -17    17 
   32   -32 
  -32    32 
   51    51 
   51    51 
  -65    65 
   65   -65 
 -113  -113 
 -113  -113 
   51   -51 
  -51    51 
   88   -88 
  -88    88 
   59    59 
   59    59 
   87    87 
   87    87 
   51    51 
   51    51 
    3     3 
    3     3 
   79    79 
   79    79 
   57   -57 
  -57    57 
  130   130 
   22    22 
   22    22 
  -81    81 
   81   -81 
   45   -45 
  -45    45 
  -33   -33 
  -33   -33 
   93   -93 
  -93    93 
  -90   -90 
  -90   -90 
 -102  -102 
 -102  -102 
  -34   -34 
  -34   -34 
 -121   121 
  121  -121 
 -117  -117 
 -117  -117 
   47   -47 
  -47    47 
 -107   107 
  107  -107 
  128  -128 
 -128   128 
 -113  -113 
 -113  -113 
  129  -129 
 -129   129 
  -68    68 
   68   -68 
  141  -141 
 -141   141 
   15    15 
   15    15 
  -45   -45 
  -45   -45 
  103  -103 
 -103   103 
  -89   -89 
  -89   -89 
   37   -37 
  -37    37 
  -81   -81 
  -81   -81 
  -19    19 
   19   -19 
   70    70 
   70    70 
   43    43 
   43    43 
   61   -61 
  -61    61 
   -5     5 
    5    -5 
  -20    20 
   20   -20 
 -134  -134 
 -134  -134 
 -105  -105 
 -105  -105 
  -92    92 
   92   -92 
   35    35 
   35    35 
  -42   -42 
  -42   -42 
  109  -109 
 -109   109 
   -5     5 
    5    -5 
  -33   -33 
  -33   -33 
   -7     7 
    7    -7 
  -71    71 
   71   -71 
    9    -9 
   -9     9 
  108  -108 
 -108   108 
   65   -65 
  -65    65 
   79    79 
   79    79 
   51    51 
   51    51 
   91   -91 
  -91    91 
    6     6 
    6     6 
  106   106 
  106   106 
  -89   -89 
  -89   -89 
   63   -63 
  -63    63 
  -12    12 
   12   -12 
  -71    71 
   71   -71 
  -17   -17 
  -17   -17 
   71    71 
   71    71 
  -94   -94 
  147   147 
  147   147 
  -21    21 
   21   -21 
 -105   105 
  105  -105 
    7     7 
    7     7 
  -93   -93 
  -93   -93 
  -47    47 
   47   -47 
   -6    -6 
   -6    -6 
  -14   -14 
  -14   -14 
   60   -60 
  -60    60 
  -54   -54 
  -54   -54 
  124  -124 
 -124   124 
  -26   -26 
  -26   -26 
    3     3 
    3     3 
   21   -21 
  -21    21 
   79    79 
   79    79 
  -96    96 
   96   -96 
   35    35 
   35    35 
   55    55 
   55    55 
 -133   133 
  133  -133 
  -65   -65 
  -65   -65 
  -16    16 
   16   -16 
   15    15 
   15    15 
 -146  -146 
 -146  -146 
   27    27 
   27    27 
   63   -63 
  -63    63 
  -21   -21 
  -21   -21 
  133  -133 
 -133   133 
  115  -115 
 -115   115 
   20   -20 
  -20    20 
   79    79 
   79    79 
  -30   -30 
  -30   -30 
   37   -37 
  -37    37 
   72   -72 
  -72    72 
   55    55 
   55    55 
  -33    33 
   33   -33 
  -63    63 
   63   -63 
   20   -20 
  -20    20 
  -77   -77 
  -77   -77 
  -13   -13 
  -13   -13 
   43    43 
   43    43 
 -166  -166 
  -12    12 
   12   -12 
  -58   -58 
  -58   -58 
 -126  -126 
 -126  -126 
  -20    20 
   20   -20 
  -73   -73 
  -73   -73 
   -3     3 
    3    -3 
   27    27 
   27    27 
   74    74 
   74    74 
 -104   104 
  104  -104 
   17   -17 
  -17    17 
  -64    64 
   64   -64 
  111   111 
  111   111 
   75    75 
   75    75 
  151   151 
  151   151 
   -7     7 
    7    -7 
 -143   143 
  143  -143 
 -134  -134 
 -134  -134 
    3    -3 
   -3     3 
  -19    19 
   19   -19 
   35   -35 
  -35    35 
  -63    63 
   63   -63 
   79    79 
   79    79 
  -59    59 
   59   -59 
 -142  -142 
 -142  -142 
   49   -49 
  -49    49 
 -125  -125 
 -125  -125 
  120  -120 
 -120   120 
 -138  -138 
 -138  -138 
  116  -116 
 -116   116 
  -17   -17 
  -17   -17 
  -85   -85 
  -85   -85 
   80   -80 
  -80    80 
  -91    91 
   91   -91 
   11    11 
   11    11 
   91    91 
   91    91 
  155  -155 
 -155   155 
  158   158 
  158   158 
   71    71 
   71    71 
  -43    43 
   43   -43 
   67    67 
   67    67 
   74    74 
   74    74 
  139   139 
  139   139 
   90    90 
   90    90 
  -60    60 
   60   -60 
   61   -61 
  -61    61 
  118   118 
  118   118 
  -33    33 
   33   -33 
 -155   155 
  155  -155 
  114   114 
  114   114 
   31    31 
   31    31 
  -67    67 
   67   -67 
  -59    59 
   59   -59 
   81   -81 
  -81    81 
 -143   143 
  143  -143 
  135   135 
  135   135 
 -107   107 
  107  -107 
  -82   -82 
  -82   -82 
  -77   -77 
