15 2
25
    1    -1    -1    -1     1     1    -1    -1    -1    -1    -1    -1    -1    -1     1 
   32     0     0     0    28    32     0     0     0     0     0     0     0     0   -64 
    8     6     3     8     7     4     6     4     2     8     8     6     4     4     2 
    1     1     1     1     1     1     1     1     1     1     1     1     1     1     1 
    1 0     7 0     7 0     2 5     1 0     1 0     7 0     7 0     7 0     2 5     7 0     2 5     7 0     7 0     1 0 
   32    32    84    40    28    32     8    48    24    40     8   256    24    16   -64 
 -247 15  -127 60  -127 60  -127 60  -247 15  -247 15    71 -52  -127 60  -127 60  -127 60  -127 60  -127 60  -127 60  -127 60  -247 15 
    0 -1    -1 0    -1 0    -1 0     0 -1     0 -1     1 0    -1 0    -1 0    -1 0    -1 0    -1 0    -1 0    -1 0     0 -1 
  135 -165   255 -120   255 -120   255 -120   135 -165   135 -165   240 90   255 -120   255 -120   255 -120   255 -120   255 -120   255 -120   255 -120   135 -165 
    2 0     2 0     2 0     2 0     2 0     2 0    -1 2     2 0     2 0     2 0     2 0     2 0     2 0     2 0     2 0 
   24     4    -4   -34    12    12    -2    -4    -8    -2     4    -4     4    -2   -20 

    1     1     1     1     1     1    -1    -1    -1    -1    -1    -1    -1    -1    -1 
    1     1     1    -1    -1    -1     1     1     1    -1    -1    -1    -1    -1    -1 
    1     1    -1     1     1     1    -1     1    -1     1    -1     1    -1     1     1 
   -1     1    -1     1     1     1    -1    -1     1    -1    -1     1     1    -1     1 
    1     1     1    -1     1     1    -1     1     1    -1     1     1    -1    -1    -1 

   -1    -1    -1    -1    -1    -1     1     1     1     1     1     1     1     1     1 
   -1    -1    -1     1     1     1    -1    -1    -1     1     1     1     1     1     1 
   -3    -1     2    -3    -2     1    -1     1     3    -3    -3    -1     1     1     3 
    0     0     0     0     0     0     0     0     0     0     0     0     0     0     0 
    1    -1     1    -1    -1    -1     1     1    -1     1     1    -1    -1     1    -1 
    0     4     5    -2    -5     4    -2     0     2    -2    -2    -4     2     0     4 
    8     0    -7     6     7     4     8     0     0    -6     0     0    -8     0     0 
   -1    -1    -1     1    -1    -1     1    -1    -1     1    -1    -1     1     1     1 
   -4     0    -4     6     4     4    -8     4     0    10     0    -8     8    -4    -8 
    4     8     4     0    -4    -4     8     4     4    -4    -4     8    -8     4     8 
    6    -2     6     8     6     6    -4   -10    -8     0    -8     6    -4    -2     6 
   -2     2    -2    -2     2   -10    -8    -2     0     2     0    -6     8   -10     2 
    0     0    -5     2    -5    -8    -8     0   -12    -6   -12     0    -8    -8     0 
   -8     8    -8    -8     8    -4     4     0    -8    -4     8    -8    -4     8     8 
    2    -2    -3    14     3    -6    -2   -14    -2    -2     2    -2     2     2    -2 
    6   -10     6    -4     6     6   -10     6     2     4     2   -10   -10   -10    -2 
   -6     2    -6   -14     6     6    10    -6    -6     2     6    -6   -10   -14     2 
   -8     4     7    -4     7     4     6     0     6     0     6    12     6     8    12 
    4     4     4    -4     4     4     0    12    -8    12    -8    12     0     4   -12 
  -12    -4    -7   -12     7    16    -8     4   -12    -8    12     4     8    -4     4 
   -4    12    11     0    11    -4    -2    -4     2    12     2     4    -2    -4   -12 
    8    -8    -2    16    -2    -8    -6     0   -10   -12   -10    -8    -6    -8     0 
  -12     0     3    -2     3     0    12   -12    -8     2    -8     8    12   -12     8 
   -6     6    -6     0     6    -6   -14    -6     6   -12    -6     6    14   -14     6 
   -6     6    -1     6     1    10    12    18    12     2   -12     6   -12   -14   -10 
