7 0
25
    1     1    -1     1    -1    -1    -1 
    0   -48     0    16     0     0     0 
    6     6     5     2     2     2     2 
    1     1     1     1     1     1    11 
    0 0     1 0     0 0     1 0     0 0     0 0     0 0 
    0   -48     0    16     0     0     0 
  182 -132    48 40  -177 104    48 40   182 -132  -177 104  -177 104 
    0 -1     1 0    -1 1     1 0     0 -1    -1 1    -1 1 
  143 121  -121 88   385 -55  -121 88   143 121   385 -55   385 -55 
    2 0     0 1     3 -1     0 1     2 0     3 -1     3 -1 
   -4   -24   -10     8   -24     3   -11 

   -1     1    -1     1     1    -1    -1 
    1     1     1     1    -1    -1     1 
    1    -1    -1    -1    -1     1    -1 

   -2    -2    -1     2     2     2     2 
    0     0     0     0     0     0     0 
   -2    -2     0    -3     2     2     3 
   -1     3    -1     2    -3     1    -1 
    0     0     0     0     0     0     0 
    0     0     0     0     0     0     0 
   -9     3    -1     8     3    -9     2 
   -4    -6    -1    -4     6     4     2 
    0     2     7    -2    -2     0    -2 
  -10    -4     7     4     4    10    -2 
    4   -10     3     0    10    -4    -3 
  -10    -8    -3    12    -8   -10     3 
    7    -9    -8     4     9    -7    -2 
    0   -12    -8    -2   -12     0    -2 
   -2     2   -10     8    -2     2   -10 
    6     6     6    -6    -6    -6    -9 
    8    12     6    12    12     8    -9 
    3    -9     5    -4    -9     3     8 
    6    -6    -5     4    -6     6    -8 
   -4    -2     7    -2    -2    -4    -2 
   14     2    -7     8    -2   -14     2 
  -12    -6     3    -6    -6   -12   -12 
    9   -15    -3     0   -15     9    12 
    2     0    15     0     0    -2    -9 
  -17    -9   -15    -6     9    17     9 
