1 3
200
   -1 
    0 
    2 
    1 
   -7 5 
   48 
  -64 86 
    0 -1 
 -129 -43 
    2 0 
   -2 
    0 
    0 

   -1 
    1 
   -1 

    1 
    2 
    2 
    0 
   -1 
    5 
   -3 
   -8 
    0 
   -9 
   -8 
    6 
   -9 
   -9 
    1 
    9 
    6 
    9 
    3 
  -12 
   13 
    6 
   -2 
  -14 
   -2 
  -13 
    2 
    9 
   -1 
  -12 
  -12 
    0 
   22 
   -6 
    4 
  -10 
  -10 
    1 
    6 
  -22 
    7 
  -13 
    0 
   18 
  -24 
  -18 
   26 
    4 
   -6 
   13 
   12 
   -5 
    0 
   14 
  -22 
  -21 
   -7 
   -9 
  -25 
    4 
   -6 
   21 
  -13 
    8 
  -16 
  -23 
   23 
    3 
    8 
   16 
   28 
   17 
  -30 
  -34 
  -22 
   34 
    7 
  -11 
   -5 
    2 
  -26 
   -6 
   -6 
   32 
   32 
   22 
  -11 
   21 
    0 
   20 
  -16 
  -28 
   12 
   42 
   19 
    3 
   -8 
  -30 
   21 
  -35 
  -38 
   42 
  -20 
   38 
   24 
   32 
  -25 
   -8 
   23 
   -6 
  -11 
  -37 
   18 
    8 
  -18 
   12 
   36 
    0 
   18 
    0 
   -6 
  -26 
   -9 
   23 
  -25 
  -31 
   46 
   36 
   45 
   21 
   36 
  -40 
  -46 
  -52 
  -52 
  -38 
    2 
   26 
  -40 
    0 
  -37 
   29 
  -23 
  -21 
   -4 
   42 
    8 
    0 
   41 
   16 
   20 
  -16 
  -12 
   18 
  -11 
   36 
  -25 
  -37 
   56 
    8 
   -2 
   10 
  -34 
   23 
  -40 
   45 
   25 
   -7 
  -37 
  -60 
  -22 
  -48 
   22 
   41 
   23 
  -40 
  -12 
   34 
  -22 
    3 
  -21 
   16 
   48 
   50 
   22 
   58 
  -18 
  -10 
  -18 
  -42 
   56 
    4 
   -8 
  -14 
  -41 
   60 
  -52 
   16 
   -6 
  -38 
