1 3
200
   -1 
    0 
    2 
    1 
    2 5 
   48 
   22 -86 
   -1 0 
  -43 172 
    2 0 
    2 
    0 
    0 

   -1 
    1 
   -1 

    2 
    1 
    2 
   -1 
    0 
    5 
   -8 
   -3 
   -9 
    0 
    6 
   -8 
   -9 
   -9 
    1 
    6 
    9 
    3 
    9 
   13 
  -12 
   -2 
    6 
   -2 
  -14 
    2 
  -13 
   -1 
    9 
  -12 
  -12 
   22 
    0 
    4 
   -6 
  -10 
  -10 
    1 
  -22 
    6 
  -13 
    7 
   18 
    0 
  -18 
  -24 
    4 
   26 
   13 
   -6 
   -5 
   12 
   14 
    0 
  -21 
  -22 
   -7 
  -25 
   -9 
   -6 
    4 
  -13 
   21 
  -16 
    8 
   23 
  -23 
    3 
   16 
    8 
   17 
   28 
  -34 
  -30 
   34 
  -22 
  -11 
    7 
    2 
   -5 
   -6 
  -26 
   32 
   -6 
   22 
   32 
   21 
  -11 
   20 
    0 
  -28 
  -16 
   42 
   12 
    3 
   19 
  -30 
   -8 
  -35 
   21 
   42 
  -38 
   38 
  -20 
   32 
   24 
   -8 
  -25 
   -6 
   23 
  -37 
  -11 
    8 
   18 
   12 
  -18 
    0 
   36 
    0 
   18 
  -26 
   -6 
   23 
   -9 
  -31 
  -25 
   36 
   46 
   21 
   45 
  -40 
   36 
  -52 
  -46 
  -38 
  -52 
   26 
    2 
    0 
  -40 
   29 
  -37 
  -21 
  -23 
   42 
   -4 
    0 
    8 
   41 
   20 
   16 
  -12 
  -16 
  -11 
   18 
  -25 
   36 
   56 
  -37 
   -2 
    8 
  -34 
   10 
  -40 
   23 
   25 
   45 
  -37 
   -7 
  -22 
  -60 
   22 
  -48 
   23 
   41 
  -12 
  -40 
  -22 
   34 
  -21 
    3 
   48 
   16 
   22 
   50 
  -18 
   58 
  -18 
  -10 
   56 
  -42 
   -8 
    4 
  -41 
  -14 
  -52 
   60 
   -6 
   16 
  -24 
