4 0
25
   -1    -1    -1    -1 
    0     0     0     0 
    5     4     3     2 
    1     1     1     1 
   -5 3    -5 3    -5 3     7 0 
   48   120    96    80 
   28 49    28 49    28 49    28 49 
    1 0     1 0     1 0     1 0 
  230 70   230 70   230 70   230 70 
    3 -1     3 -1     3 -1     3 -1 
    6    10   -12    -2 

   -1     1    -1    -1 
   -1    -1    -1    -1 
   -1     1     1     1 
   -1    -1    -1     1 
    1     1    -1     1 

   -1     0     1     2 
    0     0     0     0 
    1     1     1     1 
    1    -1    -1    -1 
    1     1     1    -1 
   -3     0    -3     4 
   -1     4    -3    -4 
    0     8    -6     0 
    0    -2     8     0 
   -1    -1     1    -1 
   -2     6    -4     4 
    4     0     2     2 
   13     6     3    -2 
    7   -12     3    -8 
    1    -2     5   -10 
    1    -4    -9     6 
   -3   -14    -9    -4 
   -4     0   -12    -4 
   -9     6     9    -4 
   -3     4     5    -8 
   11    -8    11     2 
  -14     0     6    -8 
    8    12    12    12 
  -10   -10   -12    -2 
   -3    10     3    -2 
