11 0
200
   -1     1     1    -1    -1     1     1     1    -1     1     1 
    0     4     8     0     0     8    -8   -32     0   -48   -16 
    8     4     4     8     6     4     8     8     8     6     4 
    1     1     1     1     1     1     1     1     1     1     1 
    1 1     1 0     1 0    -5 3     1 1     1 0     1 0     1 0     1 1     1 0     1 0 
    8     4     8    32     8     8    -8   -32    24   -48   -16 
  -38 -5   -38 -5   -38 -5    11 -22   -38 -5   -38 -5   -38 -5   -38 -5   -38 -5   -38 -5   -38 -5 
    1 0     1 0     1 0     1 0     1 0     1 0     1 0     1 0     1 0     1 0     1 0 
  -24 -48   -24 -48   -24 -48   120 0   -24 -48   -24 -48   -24 -48   -24 -48   -24 -48   -24 -48   -24 -48 
    1 1     1 1     1 1    -1 2     1 1     1 1     1 1     1 1     1 1     1 1     1 1 
    2     1     2     1     2     2    -2    -8    -6   -12    -4 

    1     1     1     1     1     1    -1    -1    -1    -1    -1 
    1     1     1    -1    -1    -1     1     1    -1    -1    -1 
   -1    -1     1     1    -1    -1    -1    -1    -1    -1     1 
   -1     1    -1    -1     1    -1    -1    -1    -1     1    -1 

   -1    -1    -1    -1    -1    -1     1     1     1     1     1 
   -1    -1    -1     1     1     1    -1    -1     1     1     1 
    0     0     0     0     0     0     0     0     0     0     0 
   -2     2     2    -2     0     2    -2    -2    -2     0     2 
    1    -1     1     1    -1     1     1     1     1    -1     1 
   -4    -4     0     4    -2     0    -4     4    -4     6     0 
    0    -4     8     0    -4     8    -8     0     0    -4     0 
    8    -4    -4     0     2     4     0     0     0    -6     4 
   -8     0     0    -8    -4    -8    -8     0    -8     4     0 
    0    -8    -4     0     2     4     8    -8    -8    -6    -4 
   -2   -10    10   -10     4     2     6    -2   -10     4    10 
    6    -2     6    -2     2   -10     6   -10     6     2    -2 
    8    12     0    -8    12     8    -8     0     8     4     0 
   -8    -4     0     0     0     8     8     8     0     0     8 
   -6     2     6     2    -8     6    10    10    10     8    -2 
    6   -14    -2   -10    -2    14   -10     6   -10    -2    -2 
    6    10   -10   -10   -10     6     6     6   -10     6     6 
    4     4     4     4    -4   -12    12   -12   -12    12    -4 
  -12   -12    -4   -12     0    -4    -4     4     4     0     4 
   12    12    -4     4   -12    -4   -12    12    -4     4    12 
    4    -4     0   -12    14   -16     4    -4     4     6     8 
    0    12     0    -8     8     8     0    16    -8    -8    -8 
    0     4     8    -8    -8     0   -16     0     8     8     0 
  -14    18    14     2     0     6    10     2    -6    16   -10 
   -6     2    10    10    14     2    18    10   -14    -2     2 
   18     2   -14    10   -18     2     2     2   -14    -2    -6 
   -6    18    14   -14     4    14    10    10    10   -12   -10 
    0     8     8     8     8    -8     8     0    16     8    -8 
   -8     0   -20     8   -10   -12    16    16     0    14    -4 
  -14    10    18     2   -10    -6    -6     2    -6     6    -6 
    2    18    -6    18    14    10   -14     2   -14    -2    -6 
   10    18    -6   -22   -18    -6    10    10    10    14    -6 
   18    -6     6   -14    -4    14    -6     2   -22    12   -18 
   14   -10    22   -18    -6    -2   -10    -2    22    10   -18 
   -2    14    -2    -2   -18   -18    14    -2    14   -18   -18 
   20     4     8   -12    -6   -24    20   -20   -12   -14    16 
  -20     4    12     4   -20    -4     4    -4    -4    12    12 
   10    10    -6    10   -14    10    -6   -22    -6   -14    10 
  -20     4   -12    12    16     4     4   -12   -12    24    -4 
  -20    20    20    12    16   -12    20     4    20   -24    12 
  -10    22   -10    22   -10    14    14     6   -18     6    -2 
   22    22    22   -10    -2    -2    -2     6    -2    14    14 
  -24   -12     8   -24   -24     0    24     0     8     0     8 
  -24   -20   -16    -8    -4    24     8     0     8   -12     0 
  -16     0    -8    24   -16    -8    -8     0     0     0   -24 
  -16    -8     8     8   -20     0   -16    16    24    -4    16 
  -24     8    -8   -24     8    16    -8    16    -8   -16    -8 
    8   -16    24    16     8     0    24    24     0   -24    16 
    6     6   -26   -18     2    22     6   -10   -26   -14    14 
  -10   -10    14    -2   -26    14     6     6     6    22   -26 
  -12    12    -4    12    20   -12   -28     4    12    20   -12 
   20    28   -20    12   -12    20    20   -12    12     4   -12 
    2   -14    18    18    -6   -30    18     2   -14    -6    18 
  -22    -6    14    -6    28    22   -14    -6   -30   -20     6 
   14    10    14   -18    18   -18   -18   -18    14   -14    14 
   14   -14     6    14   -22    22   -18   -18    30    26     6 
   10    18   -10     2    -8     6   -22    26    10   -24    14 
   16   -28     0     0    24    32    -8     0    16   -24     8 
    0    28   -16     0    -8    16    -8   -32    16     8    24 
   26    -6   -30     2   -14   -14    10   -22    -6   -14    26 
  -14    -6   -26    -6    -4   -10   -14    34   -14   -20    14 
  -34    18    22   -18    -6     6    -2    -2   -18    -6   -26 
   14    -6     6    30   -10    22    30   -18    -2   -10     6 
   20   -28    20   -28    28   -12    12    12   -20    20    -4 
   -4   -20    32    12     2   -16   -20    36    28   -22     8 
   34   -14     2     2    18    34    34   -30   -30   -30   -30 
  -14    -6    10    18   -30    18    -6   -30    -6    18     2 
   -6    26   -22     2    -2    -6    10    10    -6    14    34 
    8     8    24    -8   -24    16     8    32   -24   -32    24 
   -8   -16    16    32     4    -8     8     8    32    20    -8 
    4   -28    28    -4    16   -12    36    36   -20    32     4 
   20   -20   -28    -4    20     4   -20    36   -12   -12    20 
  -24    12    -8    24     0   -24   -16   -24     8   -16     0 
    0    12   -12     8    18   -20    -8    -8   -24   -22    12 
    6    -6    38   -10    22   -26     6     6     6   -10   -10 
  -26    18   -18   -10    -6   -34     6   -26   -10    10    -2 
   -2     6    38    22    -2   -26    14    14   -18   -34    14 
  -26   -34   -14   -34   -20    -6    -2   -26    14   -20   -30 
    2    18    10   -30   -38    18   -22    18    10   -22     2 
  -22     2     6    10   -24    -2     2    26   -14    24    30 
  -36   -12    -4    12   -20    -4    36     4   -28   -12   -12 
   12    36     4    -4     0     4    36     4    20    24    28 
  -10   -26   -18   -10   -30    22    -2   -26   -34    18     6 
  -10   -10    -2    22    34    38    -2     6    30    18   -10 
  -14   -14    10    26    34   -38     2     2   -14   -14    34 
   -6   -14   -10   -30    16     6    26    10    26     0   -34 
   12    36   -24     4    10   -24    12     4    12   -30   -24 
    4   -12    -4    36   -16   -36   -36    20   -12   -16   -12 
  -30   -14   -14    18    22   -38    10    18   -22     6    -6 
   10   -30   -18    -6   -20     6    34   -38    18   -36    22 
   40    -8    24   -16   -16    32   -24    -8   -32    16   -32 
  -24    16    -8    40     8     0    -8   -16   -24   -16    -8 
  -12   -12     8    -4     6   -24     4    12   -28   -34    24 
  -20    36   -20    12   -12    12   -12    12    -4    36   -28 
  -32     0   -24    -8    -8    -8     8    32    16    24     8 
   40    -8    20    -8    -6    12    32    16    32     2   -12 
   -4    -4     4     4   -16   -36    28   -20    20     0    -4 
   -4    20    36   -12    44     4     4   -36    -4   -20   -28 
  -34    -6    14   -18    10   -18   -34    30    -2   -22   -34 
   -2     2   -10    14    42   -26    -2    30    14    10   -26 
  -22    42    -6    -6   -10   -30    18    -6    18     6   -30 
   18    26   -10    34   -12    14   -22     2    -6   -28    -2 
    2    18    18   -30    -2    18     2     2     2    -2   -14 
  -14    18    10   -46    22    42   -14   -14    18   -10    10 
  -28    36   -36    36    16    -4    12    36   -28    48     4 
   -4   -28     0    36   -18   -16    12   -44    28    38    16 
   24     4    12     0    -6     4    16     0    16    34    36 
  -24    44   -36     0    26    20   -16   -32   -16   -14   -12 
   -6    26   -14   -22    30    34    42    -6   -22    -2    18 
   10   -30    -6   -38    22    18    34    26     2     6    18 
   28    20    40    28   -34    -8   -20    36   -20    38   -16 
  -44    -4    -4   -28   -16    44    -4    28    28    24     4 
  -16     8   -32   -24    16   -16    -8    16    16   -32   -48 
  -16   -32    48     8     0    -8    16   -16    -8     0   -24 
  -22    18   -18    42    12   -10    18    -6   -30    -4   -10 
  -46    18    42    18   -30    18    -6    34    26   -14    34 
    4    -4     8   -28    10   -40   -28   -20    36   -14   -16 
  -20    44   -28   -28   -28   -44   -28    44   -36   -28    20 
   16   -12     0   -32   -48    32   -24   -48     0   -32    24 
  -40     4    36    16    14    -4   -32    32     0    22    12 
  -26    -6    -6   -42   -16    26   -26    38     6    16   -22 
   14   -14   -34    30   -18    30   -18   -18    46    46   -18 
  -42   -10    38   -10    10   -10   -26    22     6    42   -10 
  -10   -26   -10   -10    18    22   -42   -10    22   -14   -42 
  -44    44     4    12    12    -4   -12    36   -36   -36   -36 
   36   -20    44   -12    -8   -36   -36    28    -4    16     4 
   28   -20   -44    20   -28    20   -28   -20    44    20    20 
   28    36   -28    20    -8   -20   -20    12     4    40   -36 
   -2   -50    10   -26   -44    34   -26   -34   -10   -44    26 
   14   -18     2   -42     0   -38    22   -18     6     0   -46 
  -40    -4   -24   -24     0   -16    24   -16     8   -40   -24 
  -24   -12    24    -8   -24     0    24    16   -24   -16    40 
   16   -32    -8    32   -12   -16    48    40    32   -52   -24 
  -16   -24   -40    -8    -4    48    32   -32     8    12   -32 
    8   -32   -32    32    -8    32     0    40     8    24    16 
   -8    40     8   -48    -8   -32   -40   -40    16   -40    32 
   22    -2   -42   -42     2    22    22    22    22   -30    22 
  -10   -10    38    22   -10    -2    14   -26    46   -26   -50 
    6   -14     6   -26   -18     6   -26     6     6    14   -26 
  -34   -38    18   -34    24     2    14   -34   -18    24    34 
   30   -30   -50    30   -22   -18    -2    -2    -2   -22   -18 
  -18    -6    14   -18   -26    -2    46   -18    30     6   -18 
    8   -40   -20    24    46    20    32    32   -16   -26    -4 
    0    16    16     8    24   -16    40   -32   -16     8    48 
   22   -26   -14    -2     4   -38    14    54    -2     4    50 
  -10   -10    34    30    28    -6    -2   -42    14    -4    50 
  -48     4    16    32     0     0    56   -48   -48   -16    -8 
   48   -20    40    32     4     8    40    16   -48    36   -16 
   26    26    10   -46   -50   -38    42    10   -38   -50   -14 
   44    -4     8   -36   -18   -24   -20    20    12   -10   -48 
    4    36    -4     4    40   -20   -20    44   -20   -16    20 
  -40    36    24   -24    24    56     0    -8   -24    40     0 
    0     4   -36   -24    30     4     8    24    40   -42    20 
   18     2   -14    18   -50     2   -30   -14   -30    14     2 
   18    18     2    18   -30     2   -14   -46   -14    50   -30 
   28   -28     4    20    40    12   -52   -36    20   -40    -4 
   28    52   -12   -20   -48   -12    52   -28    20    56   -52 
  -28    -4   -36    20     8    -4    12   -52    28   -16     4 
  -28    -4    44   -20   -32   -12   -28   -44    44    16     4 
  -24   -60   -16    24    20    -8   -40   -48   -40    28    16 
  -24    12    -8    40   -24    32    -8    48   -56   -48    -8 
  -14    58   -22    18     6    -6    34    18    34     6    -6 
    2   -54   -30   -30    -2   -14    18   -30    18    30    18 
   12   -20   -20   -52   -36   -20    52     4   -28    20   -44 
   28   -36   -12   -12    36   -52    -4    -4     4   -44    -4 
   -4   -12   -56    20   -14    40   -36    36   -20   -38   -24 
  -36    20    40   -12   -38    24    12     4    28   -62   -40 
  -22    18    54    26    48   -34   -46    26    34     0   -18 
   18    26   -30   -30    10   -46     2    18   -30    42     2 
   32     4     8   -48   -36   -24    24   -48    48    -4    16 
  -56    20    60    16   -46    36    32    16   -16    -6    52 
   16    40    36    16    54   -52   -24   -40   -24    -2    36 
   -8    32    16   -40   -12    40    24    16    40    12   -16 
    6   -22    14   -42   -10   -18     6   -58     6   -42    30 
   54   -30   -34     6    42    14    22    22     6    42   -18 
  -42    46   -14    14   -28    26    14   -42    -2   -28    34 
  -58    14    10   -34     0     2   -18    38   -34   -32   -54 
   24    24   -16    56    -4   -56   -24   -32   -40    36    32 
  -32   -16    -4    48    10     4   -40   -24    40   -14    -4 
  -38    -6    42    -6    14   -54    -6   -38    -6    14   -54 
   10    42   -30    42   -42    18    26    42    -6     6    18 
    6    10   -42    54     2    54     6    38   -58   -30   -58 
  -10     2    38    38   -18    54   -10   -10   -26    -2   -10 
  -56    24    -8    32   -48    32    56     8   -16   -16    64 
   40    48   -56     8    24    32    -8    48   -40   -32   -24 
  -26    -2   -58   -26    -6   -10    22   -26   -10    58   -42 
   38    54   -26   -26    22    14   -50   -10    46     6    -2 
  -24    36    48    -8    -4   -24   -24     0    24   -12    64 
  -24   -28    40   -64   -24    32    -8    40     0   -24   -48 
   38    42   -50    22    46   -18     6     6   -26    46    62 
  -18    18   -30    62    56   -30    14   -18    46    56   -46 
   28     4    52   -44     8   -36   -36    60    20    56    -4 
   -4     4    20    44    56   -28    52    36    36   -64   -52 
    2    50   -14   -62   -34    18    34     2    34    -2   -46 
   18   -62    26   -46   -34   -54     2    50    34    -2    10 
   -4   -12    52    52   -12    52     4    12   -52     4   -12 
  -20    -4    -4   -60    68   -44   -36    28    52   -60   -28 
  -18    42   -18   -34    38    62   -18   -50    30     6    62 
   -2   -14   -34    14   -30   -34   -66    30    30     2   -18 
   42   -38    42    -6   -42    -6    -6    42   -38    22   -54 
