6 2
100
    1     1    -1    -1     1     1 
  -18   -18     0     0     6     6 
    9     9     6     6     3     3 
    3     1     1     1     1     1 
    1 0     1 0    -5 3     2 3     1 0     1 0 
  -18   -18    16    16     6     6 
   11 11    65 11    59 -10    59 -10    11 11    11 11 
    1 0     0 1     2 0     2 0     1 0     1 0 
   54 0     0 -54     0 54     0 54    54 0    54 0 
    2 -1     2 -1    -1 2    -1 2     2 -1     2 -1 
   -3    -3    -3     3     4     1 

    1    -1     1    -1    -1    -1 
    1    -1    -1     1    -1    -1 
   -1    -1    -1    -1    -1    -1 

    0     0     0     0     0     0 
    0     0     0     0     0     0 
    1     1     1     1     1     1 
   -3    -3     0     0     3     3 
   -3     3     0     0    -3     3 
    3     0     0     0     0    -3 
    6     3    -3     3    -3    -6 
    6    -3     3    -3     3    -6 
    5    -4    -4    -4    -4     5 
    5    -4    -4    -4    -4     5 
    2     2    -7    -7     2     2 
    2     2    -7    -7     2     2 
   -6     0    -3     3     0     6 
   -6     0     3    -3     0     6 
  -13    14     5     5    14   -13 
   -9     9   -12    12    -9     9 
   -9    -9    12   -12     9     9 
  -12   -12    -3     3    12    12 
  -12    12     3    -3   -12    12 
   14     5    -4    -4     5    14 
   14     5    -4    -4     5    14 
    0   -12   -12    12    12     0 
    0    12    12   -12   -12     0 
   18    -6   -12    12     6   -18 
   18     6    12   -12    -6   -18 
   -1    17    -1    -1    17    -1 
   -1    17    -1    -1    17    -1 
   -4    14    -4    -4    14    -4 
   -4    14    -4    -4    14    -4 
    6    -6    12   -12     6    -6 
    6     6   -12    12    -6    -6 
   -6   -12   -12    12    12     6 
   -6    12    12   -12   -12     6 
   -4    -4   -13   -13    -4    -4 
   -4    -4   -13   -13    -4    -4 
   20    11   -16   -16    11    20 
   20    11   -16   -16    11    20 
  -10    17    26    26    17   -10 
    9     6    -9     9    -6    -9 
    9    -6     9    -9     6    -9 
  -16   -16    -7    -7   -16   -16 
  -16   -16    -7    -7   -16   -16 
   12    -3     9    -9     3   -12 
   12     3    -9     9    -3   -12 
   -7     2    20    20     2    -7 
   -7     2    20    20     2    -7 
    8     8     8     8     8     8 
    8     8     8     8     8     8 
   14    14   -13   -13    14    14 
   14    14   -13   -13    14    14 
    0    -6   -21    21     6     0 
    0     6    21   -21    -6     0 
  -12     0     0     0     0    12 
  -12     0     0     0     0    12 
   18   -27    12   -12    27   -18 
   18    27   -12    12   -27   -18 
  -34   -25   -25   -25   -25   -34 
    6    27   -15    15   -27    -6 
    6   -27    15   -15    27    -6 
  -19    -1   -10   -10    -1   -19 
  -19    -1   -10   -10    -1   -19 
    3    30   -12    12   -30    -3 
    3   -30    12   -12    30    -3 
  -10     8     8     8     8   -10 
  -10     8     8     8     8   -10 
   -6   -12   -24    24    12     6 
   -6    12    24   -24   -12     6 
  -34     2    38    38     2   -34 
   17   -10     8     8   -10    17 
   17   -10     8     8   -10    17 
   20    20   -16   -16    20    20 
   20    20   -16   -16    20    20 
   24    24    36   -36   -24   -24 
   24   -24   -36    36    24   -24 
   21    -6   -24    24     6   -21 
   21     6    24   -24    -6   -21 
   20   -34     2     2   -34    20 
   20   -34     2     2   -34    20 
  -12    36   -12    12   -36    12 
  -12   -36    12   -12    36    12 
  -12    18    24   -24   -18    12 
  -12   -18   -24    24    18    12 
    8   -10    17    17   -10     8 
    8   -10    17    17   -10     8 
   29   -25    29    29   -25    29 
   29   -25    29    29   -25    29 
   12   -30    24   -24    30   -12 
   12    30   -24    24   -30   -12 
   18   -30    24   -24    30   -18 
   18    30   -24    24   -30   -18 
  -13    -4    32    32    -4   -13 
  -13    -4    32    32    -4   -13 
   27   -24    27   -27    24   -27 
   27    24   -27    27   -24   -27 
  -16    38    20    20    38   -16 
  -16    38    20    20    38   -16 
   14   -13    -4    -4   -13    14 
   14   -13    -4    -4   -13    14 
   15   -15    24   -24    15   -15 
   15    15   -24    24   -15   -15 
