2 2
25
   -1     1 
    0    64 
    8     4 
    1     1 
   -2 1     1 0 
   48    64 
 -148 0  -148 -99 
   -1 0     0 -1 
  297 0   297 -99 
    2 0     2 0 
   -8    24 

    1    -1 
   -1    -1 
   -1    -1 

    0     0 
    0     0 
   -3     1 
    1     1 
   -1     1 
    0     0 
   -4     4 
    1     7 
   -1     9 
   -4     0 
    6     2 
    3     5 
   -7     1 
    4     4 
   -5    -3 
   -6     6 
  -12     0 
   -4     0 
    4   -12 
    4    12 
   -8    12 
   12     8 
   12    -4 
    0   -16 
   -6     2 
