1 0
1000
   -1 
    0 
    4 
    2 
    2 3 
   16 
  -12 -1 
    1 0 
  -40 10 
    3 -1 
   -2 
    0 
    0 

    1 
    1 
    1 
    1 

    0 
   -1 
   -1 
   -1 
   -1 
    4 
   -4 
    0 
    0 
   -8 
    2 
   -6 
   -8 
    4 
  -10 
   10 
  -14 
   -4 
  -12 
  -12 
    8 
   16 
   -8 
  -10 
   14 
  -14 
   -6 
    4 
    0 
   -6 
   -6 
  -14 
   10 
  -14 
    2 
   -8 
   -4 
   14 
   12 
    4 
   10 
   10 
   16 
   24 
    0 
   -8 
    0 
   -4 
   22 
  -26 
  -12 
  -12 
   26 
    2 
  -18 
    6 
  -18 
    0 
   24 
  -30 
   10 
   34 
   10 
  -28 
   28 
  -14 
  -14 
   10 
  -16 
    4 
    4 
   -4 
  -36 
    0 
  -10 
   30 
   -6 
    2 
   -2 
  -26 
  -12 
   -4 
  -22 
  -22 
   26 
    2 
   24 
   28 
   30 
   38 
  -20 
  -16 
  -40 
   20 
   12 
  -16 
   36 
   -4 
    6 
  -18 
    6 
   14 
   18 
  -30 
   36 
  -24 
  -16 
    0 
   18 
   34 
   -4 
   44 
   -8 
   -8 
   -2 
    6 
  -40 
  -20 
  -12 
  -16 
   42 
   -6 
   46 
   -2 
  -12 
   24 
  -20 
   12 
   26 
   26 
  -48 
  -16 
    8 
   12 
    8 
   -8 
  -22 
  -38 
  -14 
   18 
   18 
   -6 
  -56 
   -4 
  -46 
    2 
    8 
  -24 
   10 
   20 
  -12 
   12 
  -48 
   18 
    2 
    4 
   56 
   -8 
  -20 
    8 
  -48 
   18 
   34 
  -24 
   12 
   12 
  -20 
  -54 
  -46 
   -4 
   16 
   16 
  -40 
   18 
   -6 
   34 
  -14 
   24 
   -8 
   42 
  -38 
   54 
  -34 
  -12 
  -48 
  -46 
   18 
   48 
  -28 
   58 
   42 
  -52 
  -32 
  -22 
   26 
  -20 
   44 
  -18 
   22 
   18 
  -22 
   10 
   58 
   42 
  -22 
  -20 
   20 
    2 
   58 
    8 
   32 
  -36 
    4 
   42 
   42 
   36 
   40 
  -48 
  -36 
  -38 
   58 
   12 
   64 
   58 
  -70 
   66 
   18 
   60 
  -40 
  -46 
   -6 
   -8 
  -24 
  -54 
  -14 
  -12 
   16 
  -18 
   30 
   -4 
   36 
    0 
   24 
  -52 
  -24 
  -32 
   60 
   34 
    2 
  -56 
  -12 
   12 
  -20 
    0 
  -52 
   -6 
  -22 
   10 
   26 
    2 
  -38 
  -30 
   18 
    2 
   68 
  -36 
   34 
  -46 
  -54 
  -38 
  -42 
  -58 
  -48 
  -28 
   26 
  -38 
   32 
   20 
  -60 
  -48 
   64 
  -40 
  -18 
  -72 
    0 
  -22 
  -46 
  -32 
   48 
  -58 
   30 
  -56 
   36 
  -80 
   48 
   50 
   18 
  -12 
   48 
  -68 
  -76 
   58 
   82 
  -72 
   44 
   22 
   70 
   40 
    8 
  -66 
  -26 
  -16 
  -76 
  -60 
   12 
    2 
    2 
   26 
   42 
  -48 
   68 
    6 
   22 
  -52 
  -52 
  -24 
   20 
   26 
   58 
   88 
   84 
  -74 
  -10 
   -2 
  -50 
  -22 
  -62 
   82 
  -46 
  -64 
   88 
   26 
   90 
  -34 
   94 
   80 
  -52 
  -22 
   -6 
  -38 
  -22 
   18 
   18 
  -64 
   96 
   64 
   36 
  -12 
    0 
  -88 
   76 
   18 
   34 
  -44 
   20 
  -36 
   -4 
  -22 
   90 
  -20 
  -12 
  -10 
  -66 
  -14 
   42 
   24 
  -36 
   24 
   56 
   98 
   26 
  -48 
  -36 
  -10 
   38 
   42 
  -78 
  -68 
  -60 
  -64 
  -68 
   48 
  -24 
  -38 
 -102 
  -28 
  -44 
   -6 
   -6 
  -62 
   90 
   34 
   26 
  -48 
  -92 
  -68 
   36 
   44 
  -80 
  -78 
   82 
    4 
   24 
  -78 
    2 
  -94 
   66 
  -60 
   40 
   90 
   26 
  -38 
   42 
   40 
   84 
  -52 
  -52 
   30 
   14 
  -36 
   36 
   16 
  -12 
  -86 
   10 
   78 
   38 
   42 
   10 
   -4 
   56 
  -96 
  -44 
  -46 
  -30 
   -2 
   78 
  -80 
  104 
   42 
   34 
  -54 
 -102 
    2 
   90 
   68 
   52 
  -32 
   48 
 -102 
  -70 
   48 
   92 
  -68 
  -12 
   -8 
  -60 
   24 
   -8 
 -108 
 -108 
   18 
  -94 
   64 
   24 
  -54 
   18 
   26 
   34 
  -62 
   26 
   76 
   40 
  -42 
   70 
   20 
   20 
   92 
  -84 
   58 
  -22 
 -104 
   12 
  -30 
   82 
  -14 
  -14 
   66 
  -62 
  -64 
  -76 
  -24 
  -56 
  -38 
  -78 
   34 
  -22 
   86 
  -34 
   24 
  -24 
   -6 
   12 
   48 
  -46 
   10 
    4 
  -96 
   34 
 -110 
   50 
   18 
   90 
 -110 
  -68 
   -4 
  -30 
   98 
   26 
  -62 
 -102 
 -102 
   18 
   34 
   80 
   32 
   76 
  -28 
  -76 
   96 
  -68 
  112 
   88 
   28 
  -54 
 -110 
   36 
  -84 
    4 
  -32 
   98 
  -62 
  -76 
   28 
   42 
   34 
   50 
  -78 
  -88 
   -8 
  -54 
  -94 
   50 
    2 
  -84 
   20 
  -40 
   88 
  -36 
   28 
  -14 
   50 
   -6 
   90 
  -70 
  -38 
    8 
  -32 
   58 
  -14 
  124 
    0 
   16 
  100 
 -102 
   98 
  -76 
 -100 
   34 
  114 
  -38 
  -70 
   78 
   70 
   76 
   40 
   44 
   48 
   66 
  -30 
  -78 
  -54 
   10 
  -86 
   56 
   96 
   12 
 -120 
 -112 
  -32 
   16 
  108 
  -14 
   18 
  -36 
  112 
 -100 
 -100 
  -94 
   58 
  114 
  -46 
  -40 
   40 
  -60 
   20 
   -8 
   60 
   66 
   66 
   92 
   32 
  -26 
  -26 
   64 
 -128 
  -74 
   54 
  -16 
   56 
  -30 
    2 
   42 
  -54 
  -14 
   18 
   36 
  -76 
   -6 
    2 
  -46 
  -54 
  132 
   72 
 -104 
   32 
  -22 
  -14 
   56 
   92 
 -120 
   48 
  -76 
  -56 
   14 
  -42 
  -30 
  -30 
    8 
  -40 
   72 
  -28 
  108 
   -8 
  106 
  -86 
    8 
   96 
   82 
   66 
   60 
  -36 
  -20 
   44 
   34 
   26 
  -38 
  -70 
  126 
   54 
   90 
   58 
   -2 
   30 
  120 
   20 
  -74 
  -54 
 -134 
    8 
  -12 
    0 
   -8 
  -70 
   66 
   16 
  -80 
   26 
  -70 
   82 
 -142 
  -14 
   -6 
   68 
  136 
  -50 
  -82 
   40 
  -80 
   72 
  -48 
  -56 
    4 
 -114 
  134 
  -40 
  -44 
   40 
  -52 
  -84 
   76 
  -82 
   30 
  -34 
  -82 
  -48 
   40 
 -118 
   10 
   92 
    8 
  -46 
  -30 
   12 
  -84 
   30 
  -42 
  -82 
  -18 
 -116 
  -80 
  -20 
 -116 
  -56 
   96 
  -58 
  -66 
  -86 
   82 
 -136 
  -40 
   18 
  114 
   30 
   38 
    8 
  -60 
  -24 
   -8 
  -46 
 -110 
   28 
  -16 
  -68 
   24 
  -64 
   36 
  -20 
   40 
  -20 
   60 
  -66 
   38 
  -38 
  -78 
   80 
   44 
  114 
   58 
   74 
   82 
   10 
  -70 
  -28 
  100 
  -84 
   56 
  -80 
   20 
 -102 
  -38 
  150 
   70 
   50 
  146 
  -70 
    0 
  -12 
  -32 
   80 
   66 
  -62 
 -102 
  -70 
 -132 
   24 
   -6 
   90 
  -70 
   -6 
  112 
  -80 
   46 
  -98 
  104 
  108 
 -134 
 -134 
  -70 
  138 
 -152 
 -100 
 -106 
   -2 
 -140 
  -68 
   70 
  -90 
   98 
   42 
 -132 
  156 
   30 
  -90 
   76 
  -68 
 -102 
  -54 
  -70 
  122 
   10 
   90 
  -36 
   52 
   62 
   86 
  -68 
   44 
    4 
  -32 
  -56 
   -8 
  -30 
  106 
  -54 
  -38 
   72 
  -68 
  -76 
  -52 
  102 
 -122 
  -72 
  -96 
 -148 
  -96 
  128 
 -100 
  -14 
   18 
  -94 
    2 
  126 
  102 
  134 
   24 
    0 
  -38 
  -38 
  -50 
   94 
  -52 
 -160 
  -86 
  162 
  120 
   52 
  -62 
   98 
  -70 
  138 
  132 
  -20 
 -152 
  -92 
  -44 
   64 
 -114 
   54 
   18 
  -62 
   14 
 -130 
   24 
 -112 
   -8 
   16 
  -22 
  -30 
  108 
 -128 
  -92 
  108 
  -76 
  -16 
   36 
 -152 
  -78 
   -6 
   16 
   12 
 -134 
    2 
 -124 
   72 
    6 
  -58 
  132 
  -60 
   70 
  -66 
  136 
  -32 
   34 
  -86 
   50 
   82 
  -68 
 -148 
  -20 
   84 
  110 
    6 
  162 
  -46 
  -32 
  -92 
 -126 
  -70 
  -26 
   46 
 -136 
  -60 
  -94 
   98 
  -34 
 -146 
  138 
  -46 
  130 
   18 
    0 
   52 
  -32 
    0 
 -166 
  -38 
   40 
  120 
  -68 
   72 
   22 
   30 
  158 
  -50 
   20 
  160 
   72 
  108 
   52 
 -128 
   44 
   32 
  -14 
  114 
   88 
  -56 
  -50 
  -34 
   -6 
