4 0
100
    1    -1     1     1 
  -24     0     4     8 
    6     6     2     2 
    1     1     1     1 
    1 0    -2 1     1 0     1 0 
  -24    52     4     8 
  -15 61   -55 83   -15 61   -15 61 
    1 0     1 0     1 0     1 0 
 -184 46   138 138  -184 46  -184 46 
    0 1     2 -1     0 1     0 1 
  -12    13     2     4 

   -1    -1     1     1 
   -1    -1     1    -1 
    1    -1    -1     1 
   -1     1     1    -1 
    1    -1     1    -1 

   -2    -2     2     2 
    1     1    -1    -1 
    1     1    -1     1 
   -1     1     1    -1 
   -3    -1    -2     0 
    3     3     0    -4 
    1    -1    -1     1 
   -1     1    -1     1 
    8     0     6    -4 
    5     7     4     6 
    5     7    -2    -8 
   -7    11    -6    -2 
  -12     0     8     0 
    0    -4    -8     4 
    5   -11    -6     2 
   -9   -11    -2     6 
   12     4     8    -6 
    6    -6     0     8 
    9    13     8     0 
   11    -5    14   -12 
   11   -13    14    -4 
   -6    -6    -8     8 
   -9    -3     0    -6 
    3    -1    -6     2 
    9     5    -8    -6 
   -7     5    10    18 
   11    -9     8    14 
   -7    -1     8    18 
    8     0    16   -14 
   -6   -14   -14    -6 
   18    10    -6     6 
  -15    -3    16   -18 
   18    -6     6    12 
    2   -14     0    -6 
   14   -18   -18    14 
   20    -8     8     8 
  -13    -1   -12    12 
    2     2    -6    -2 
   -6    -6     4   -20 
   -9   -21   -24    24 
   -7   -21   -14   -12 
   20   -12    10   -22 
  -15   -17     0    18 
  -21   -27   -16    -6 
  -16     8     0    -8 
   20    -4     0   -16 
  -19     7    20    -6 
   26   -14   -20    16 
   14   -22   -14    24 
   -4    -4    10    26 
   -6   -10   -28     0 
   12     0    -8    -4 
    3    27    18   -10 
   27    -5   -22   -22 
   30    -6    18   -16 
   18    30    -2    30 
   14    14   -20   -24 
   27   -31    30    24 
  -24    -4    16   -24 
   29     1   -26    26 
   26    10     8    -6 
   -9   -23   -22    24 
  -18    -6    30   -20 
    8    28    -4    -4 
  -16   -20   -26   -26 
   36    36    36    16 
   -6   -18    32   -24 
   20    -4    10   -14 
  -22    -2    -6    -8 
  -10   -30    38   -16 
   20   -12   -20   -10 
  -31    33     8   -12 
   -9    -7     0   -24 
    6   -14    28   -16 
   12    12    16     6 
  -18    22   -14   -18 
   14     2    22    20 
    2   -22    14    -6 
   12   -24    34    12 
  -18   -18   -18   -10 
   -3    29   -30   -20 
   12   -20    -6    36 
    5    -9   -10    20 
  -34   -38    10    22 
   14    -6   -38    10 
   20     0    18     8 
  -24    -4   -32     0 
    6    -6    18   -22 
  -18    14     6    26 
    0   -16    12    20 
  -31   -13     8     6 
  -22     6    -4    24 
  -18   -14     4   -22 
    3     3   -12    28 
    8    32   -16   -16 
  -25    13   -18    -8 
   -4   -12   -12    20 
   20     4    10   -22 
  -21    37    -6    20 
   -6   -26   -14   -18 
