3 0
100
   -1     1     1 
    0   -12    -4 
    6     3     1 
    1     1     1 
    2 3     1 0     1 0 
   12   -12    -4 
  -49 -77   -33 -51   -33 -51 
    0 -1     1 0     1 0 
  187 -33  -187 33  -187 33 
    2 0     1 -1     1 -1 
    2    -8   -12 

   -1     1    -1 
   -1    -1    -1 
    1     1    -1 

   -2     1     3 
    0     0    -2 
    0     3     1 
    1    -1     1 
    3     0     4 
    0     0     0 
    5    -1    -3 
   -1     2     4 
    4    -2    -8 
   -4    11    -3 
   -8    -8     2 
   -7     2     8 
   -6     9     7 
    7    -8     0 
    0     3    11 
   -1    -1     1 
   -4     5     1 
  -10    -4    -4 
   -8     4     4 
   -4    -7    -5 
    5    14     2 
    2   -13   -15 
   -1   -10    12 
   15    18    16 
   14    14    12 
   18     3     3 
   10     7   -13 
    5    -1   -11 
   16     4     6 
    4   -20    -4 
   -9   -12     0 
  -16     5    -3 
   18   -12     8 
  -17    -5   -21 
   -7    -4     0 
   18    -9     9 
   -5   -11    -5 
    4   -17    -1 
   -5   -11    -9 
  -26   -20    20 
   12    15    -5 
   14     2    -2 
   10    22    -2 
  -12    24     4 
  -10   -13    -7 
   24    24     8 
  -23    10    28 
   20    26    28 
    7    13   -15 
  -23    13    -7 
    0    15     1 
   21     0   -18 
  -18    21    29 
  -14    22     2 
   -6     0     0 
   -8    -2   -20 
  -18    -3   -11 
   21    18    20 
    8   -22    18 
   28    22    22 
  -20   -14    30 
   18    12   -24 
    2   -10    34 
   17   -13   -35 
  -25    17   -25 
   18    30    10 
  -11   -11    17 
  -22     2   -32 
   22     7     1 
   19    13     3 
   36    24   -14 
   36   -15   -37 
   36    -6    24 
   -6    -9   -15 
    5   -34     6 
   22    10   -16 
  -34    11     7 
  -18   -24    18 
   -6     3    11 
   15   -12    -2 
  -36    -3    15 
   10    28   -16 
   15     6    34 
   22   -14   -22 
   21     6   -30 
  -26    28   -30 
    0    27   -11 
  -24    -6     8 
   -6   -15    25 
  -24    -9    15 
   -6    -6    14 
  -20    -8    32 
  -36     0   -36 
    5     5   -21 
   30    12    20 
  -32   -14    34 
   26    17    35 
  -19   -34     6 
    1    34   -30 
  -20   -20   -18 
