2 0
200
    1    -1 
   12     0 
    3     3 
    3     1 
    1 0     1 1 
   12     4 
  122 -162   -40 -81 
    0 -1    -1 0 
  243 81    81 162 
    2 0     2 0 
   24     2 

   -1     1 
    1    -1 
    1    -1 

    0     0 
    0     0 
    2     2 
   -3     3 
   -1     1 
    3    -3 
    0     0 
   -9     9 
   -4    -4 
   -7    -7 
   -1    -1 
   -7    -7 
    9    -9 
    3    -3 
   -1    -1 
   -6     6 
   -6     6 
    9    -9 
   12   -12 
    5     5 
   -4    -4 
    9    -9 
    3    -3 
   -3     3 
   -9     9 
   -7    -7 
  -10   -10 
  -13   -13 
   11    11 
    6    -6 
    3    -3 
   18   -18 
    9    -9 
   -7    -7 
  -22   -22 
   20    20 
  -16   -16 
    5     5 
   -9     9 
  -15    15 
   -7    -7 
   17    17 
  -24    24 
   -9     9 
   -4    -4 
  -16   -16 
    8     8 
   29    29 
    5     5 
  -10   -10 
    3    -3 
   -3     3 
   21   -21 
  -27    27 
   30   -30 
   18   -18 
    2     2 
  -21    21 
   -9     9 
   17    17 
  -34   -34 
   15   -15 
   -6     6 
    8     8 
   -1    -1 
   18   -18 
   -9     9 
    2     2 
    8     8 
  -19   -19 
   -1    -1 
   11    11 
    9    -9 
    0     0 
    9    -9 
   18   -18 
    2     2 
    2     2 
   15   -15 
  -27    27 
  -33    33 
   39   -39 
   17    17 
   17    17 
    5     5 
  -37   -37 
   36   -36 
  -21    21 
   -9     9 
    9    -9 
   11    11 
  -40   -40 
  -33    33 
  -33    33 
   17    17 
   11    11 
  -31   -31 
   11    11 
  -18    18 
   15   -15 
   15   -15 
    9    -9 
  -13   -13 
   17    17 
  -15    15 
  -21    21 
   21   -21 
  -15    15 
  -33    33 
  -33    33 
  -37   -37 
   20    20 
   29    29 
   -7    -7 
   33   -33 
  -30    30 
    5     5 
   -4    -4 
   45   -45 
    9    -9 
  -39    39 
    6    -6 
   -1    -1 
    2     2 
   36   -36 
  -12    12 
  -25   -25 
  -28   -28 
  -13   -13 
   38    38 
   21   -21 
   -9     9 
   -7    -7 
    8     8 
    5     5 
   32    32 
    2     2 
   38    38 
   30   -30 
   30   -30 
   15   -15 
   30   -30 
   32    32 
   17    17 
   11    11 
   11    11 
  -33    33 
    0     0 
   17    17 
    5     5 
   44    44 
   24   -24 
   24   -24 
  -27    27 
   15   -15 
   20    20 
   20    20 
  -13   -13 
   -1    -1 
   -3     3 
    9    -9 
  -21    21 
   57   -57 
    3    -3 
   12   -12 
   -9     9 
   45   -45 
  -54    54 
   21   -21 
  -60    60 
   45   -45 
  -16   -16 
    8     8 
   -9     9 
  -30    30 
   11    11 
   35    35 
   32    32 
  -31   -31 
   45   -45 
   54   -54 
  -27    27 
   -9     9 
   59    59 
  -49   -49 
   26    26 
   41    41 
    0     0 
   -9     9 
   27   -27 
    9    -9 
   59    59 
  -37   -37 
   47    47 
   -7    -7 
   -1    -1 
   11    11 
   39   -39 
  -27    27 
   18   -18 
