16 19
200
   -1    -1    -1    -1    -1     1    -1     1    -1     1     1     1     1     1    -1     1 
    0     0     0     0     0     8     0   -32     0   -96  -432   -40   -80   -32     0   -64 
    8     8     5     4     4     2     2     8     8     6     6     5     4     4     4     2 
    1     1     1     1     1     1     1     1     1     1     1     1     1     1     1     1 
    1 4     1 4     1 4     2 5     1 4     1 0     1 4     1 0     1 4     1 0     1 0     1 0     1 0     1 0     1 4     1 0 
  128    16     8    32   360     8   224   -32   240   -96  -432   -40   -80   -32   200   -64 
 -157 0  -157 0   -19 -67  -157 0  -157 0  -157 0  -157 0  -157 0  -157 0  -157 0  -157 0  -157 0  -157 0  -157 0  -157 0  -157 0 
    0 -1     0 -1     1 0     0 -1     0 -1     0 -1     0 -1     0 -1     0 -1     0 -1     0 -1     0 -1     0 -1     0 -1     0 -1     0 -1 
  105 -105   105 -105   420 -105   105 -105   105 -105   105 -105   105 -105   105 -105   105 -105   105 -105   105 -105   105 -105   105 -105   105 -105   105 -105   105 -105 
    2 0     2 0    -1 2     2 0     2 0     2 0     2 0     2 0     2 0     2 0     2 0     2 0     2 0     2 0     2 0     2 0 
   38     6    -1    -6   -54     2    18   -10    14   -30  -126    -8   -34   -10   -10   -14 
   -1     0     0     0     0     0     0     0     0     0     0     0     0     0     0     0 
    0     0     0     0     0     0     0     0     0     0     0     0     0     0     0     0 

    1     1     1     1     1     1     1    -1    -1    -1    -1    -1    -1    -1    -1    -1 
   -1    -1    -1    -1    -1     1    -1    -1     1    -1    -1    -1    -1    -1     1    -1 
    1    -1    -1     1     1     1    -1     1     1     1    -1     1     1     1    -1     1 
   -1    -1    -1    -1    -1    -1    -1     1    -1     1    -1     1    -1    -1    -1     1 
    1    -1    -1     1     1     1    -1    -1     1    -1    -1    -1     1     1    -1    -1 

   -1    -1    -1    -1    -1    -1    -1     1     1     1     1     1     1     1     1     1 
    0     0     0     0     0     0     0     0     0     0     0     0     0     0     0     0 
   -3    -3     0     1     1     3     3    -3    -3    -1    -1     0     1     1     1     3 
   -1     1     1    -1    -1    -1     1    -1    -1    -1     1    -1    -1    -1     1    -1 
    1     1     1     1     1     1     1    -1     1    -1     1    -1     1     1     1    -1 
    0     0    -6     0     6     6     0     0     4     0     0     6    -6     0     2     0 
   -6     0    -9    -2     4     0     6     4    -4    -6    -6    -5     4    -2    -8    -2 
    6    -4     5     2    -4     6     2     0     6     6     6     9    -4     2    -2    -6 
    2     8     2     6    -6     8     2    -4   -10     2   -10    -4    -2    -2    -8   -10 
    2    -4    -4    -2    -2     2   -10     8     8   -10     2     2    -6     6     2     2 
    6     6     6    -2    -2     6    -6     6    -2     2     2     0    -2    -2    10    -6 
    6     6     0    -2    -2    -6    -6     6    -6     2     2     6    -2    -2    -2    -6 
  -12     8   -10    12     0     0    -4     0     8   -12    12     0    -8     4    -8    12 
   12     0     0    -4     8     0   -12    -8     4   -12    12    10     0   -12     0     4 
   -1     1     1    -1    -1    -1     1     1    -1     1     1     1    -1    -1     1     1 
    6    -6     9     6     0   -12     6    -2   -14    -6     6    13     0     6     0    10 
   -6     2   -13    -6     0     0   -10     6     6    -6     6    -9     0    -6    -4    -6 
   10    -4    -1    14    -4     4   -10    12     4    -6    -6    -9     4    -2     4     6 
  -10   -12     9     2    -4    -4    -6     4     0     6     6     1     4   -14   -12    10 
   -2     4     4    10     4    -8    -2     4    -8   -10     2    16     4   -14     4   -14 
   -2     4    16   -14     4    -8   -14     4    12     2   -10     4     4    10     4    -2 
   12   -12     6   -12    -6    -6    12    12   -12   -12   -12    12    -2     4     2    12 
  -12   -12   -12    -4     2    -6   -12    12     4    12    12    -6     6    12    -6   -12 
   10    10   -11   -14    -2    10    -2    14    10    -6     6     5    14     2    14     2 
  -10   -14    -5    -2   -14    14    -2   -10   -18    -6     6    11     2    14    -2     2 
   -6     6    15    10    -8    12    18    -6     2   -10     2    -9     0    -6     4     6 
   -6    -6    -9    -6     0    -6     6     6    -8     2   -10    15    -8    10    14    18 
   12     4     7    -4     8    -6     4    -4    14    -4    -4    -1    -8     4   -14    -4 
   12    -4    -1     4    -8    -6    -4     4     2    -4    -4     7     8    -4   -18     4 
   14     6     3     6   -12   -16   -18    18   -18    -6     6   -21    20   -10    12    18 
  -14   -18    21    10   -20     4   -18    -6    -6    -6     6    -3    12    -6    -8    18 
    6    10    10   -18     0    -6    -2   -18    12    18     6    -6   -16    14    -6    -6 
   -6    18     6   -14    16    18     6   -10   -16    -6   -18   -10     0    18    14     2 
    2     2    17     2     8     8    14    14     2     2    14    17   -16     2     0     2 
    2    14    17     2   -16   -10     2     2     4    14     2    17     8     2   -10    14 
  -14    12     0   -18    12     4     6    20    -4    14     2     2    12     6     8     2 
  -14    20     2     6    12    -8     2    12     4     2    14     0    12   -18   -20     6 
   10    18   -18    -6     6    10     6    18   -18   -10   -10   -18     6    -6   -10     6 
  -12   -20    16    12    18   -12   -20    20     6   -12   -12   -10   -18    12   -12    -4 
   12   -20    10   -12    18    12     4    20    14    12    12   -16   -18   -12    12    20 
   -6    10   -14     2   -22    12   -14   -14    16     2   -22    -2     2     2   -24    10 
   -6   -14    -2     2     2     0    10    10   -20   -22     2   -14   -22     2   -20   -14 
  -20     0    -6    -4    14     4    12    16    -2    12    12    22   -22    -4   -12   -20 
   20   -16   -22     4    22    20    20     0     6   -12   -12     6   -14     4   -12   -12 
  -26    -4   -16    18    -6    10    14     8   -24    14     2    -4    -2    10   -10     2 
  -26     8    -4    10    -2   -20     2    -4   -10     2    14   -16    -6    18     4    14 
  -16    -8     1    16   -20   -16    -8     0   -20     8   -16     9     4    -8   -16   -24 
  -16     0     9    -8     4    20   -24    -8     0   -16     8     1   -20    16     4    -8 
  -18    10   -14     6    -6    12    10   -22   -24     2     2    20   -14    22    -8    26 
  -18   -22    20    22   -14    12    26    10   -16     2     2   -14    -6     6   -24    10 
   10   -12   -24     6   -12   -20    18   -12   -28   -18   -18   -12    12     6    -8    18 
  -10    12    12    -6   -12   -16   -18    12   -12    18    18    24    12    -6     4   -18 
   -2   -14    16    -2   -26    -2    -2    -2     6    18    30   -14     6    30    14   -14 
    2     2    14   -30    -6    14    14    14   -14   -30   -18   -16    26     2   -14     2 
    6   -18    -9   -26   -14    18    30   -22    14    18   -18    11     2   -10    18     2 
   -6    22   -11    10    -2   -18    -2    18    18    18   -18     9    14    26    -6   -30 
  -18    18    27    14    14    18   -30    18     2     2     2    27    14    14    14   -30 
   -2     0   -24   -30    12    -8    -6    24    -8     6   -18     0    -4     2     0    18 
    2   -24     0    -2     4     8   -18     0   -20    18    -6    24   -12    30     0     6 
    6   -10    11   -10     8   -24    14   -14    14    26    14    19    16   -26    24    10 
    6   -14    19   -26    16    18    10   -10    24    14    26    11     8   -10   -10    14 
   10   -30    18    -6     0    28   -18   -10    10    18    30   -34    16    10     0     2 
  -10    10    34   -10   -16   -16    -2    30   -10   -30   -18   -18     0     6   -20    18 
   32   -28   -19     0     0    -4     8    12    20    32     8   -27     8    32    -4     0 
   32    12   -27    32     8    20     0   -28   -20     8    32   -19     0     0    -4     8 
  -18    -6     0   -34   -10     6    30   -18    26   -30   -18     0     6   -18    30    18 
   18    18     0    18    -6     6   -18     6   -18    18    30     0    10    34    -6   -30 
   22     2    17   -26   -14    -2   -10     2   -34   -10   -10    17   -14   -26   -10   -10 
  -36   -24     3     4    28    24   -12     0   -28   -28   -28   -21     4    28    -8    12 
  -36     0   -21    28     4   -12    12   -24   -16   -28   -28     3    28     4    20   -12 
   20    28   -23    20    20    -4     4   -28    -4    20    20     5   -12   -12   -12    20 
   20   -28     5   -12   -12    32    20    28    -4    20    20   -23    20    20    32     4 
   24    16    -2   -16     8    24   -32     0     0   -24     0    12     0   -24    16     0 
  -24     0   -12    24     0   -24     0   -16   -20     0    24     2    -8    16    16    32 
   26     6   -30   -22     2    14    -6   -18    10    -6    -6    24    26    26    30    -6 
  -26    18   -24   -26   -26   -20     6    -6     0     6     6    30    -2    22    36     6 
   14    26    14    -2     4   -28   -10    22    34     2   -10    22   -36    30    28   -14 
   14    22    22    30   -36    14   -14    26    36   -10     2    14     4    -2   -30   -10 
   30   -18    12   -34     2    24    18    30    12    18   -30    30     2    14    -8    18 
  -30   -30   -30   -14    -2    30   -18    18     6    30   -18   -12    -2    34   -22   -18 
  -18    20    29     2     8    12   -10    -4    24    -6   -30     5   -24   -30   -36    14 
   18     4    -5    30    24    12   -14   -20     8    30     6   -29    -8    -2   -12    10 
   26    -2     7    26   -10    14   -26    -2    34    38   -10    -5     6    -6    26    22 
   26    -2    -5    -6     6   -10    22    -2   -22   -10    38     7   -10    26   -14   -26 
   -2   -10   -34    14     8     4    38   -14   -38     2    38   -26    32   -34     4   -14 
   -2   -14   -26   -34    32   -26   -14   -10    36    38     2   -34     8    14    26    38 
  -14   -16    -4   -18   -24    34   -34   -28     2    18   -30    -4    32    14    26    38 
   14    28     4   -14   -32     8   -38    16    12    30   -18     4    24    18   -24    34 
   30   -18   -12   -18    -6    24    -6     6   -20   -30    -6    18    -6    30   -16    18 
  -30    -6   -18   -30     6    -6   -18    18    -6     6    30    12     6    18   -34     6 
   22   -24   -18    18     0    16    18   -24    16     2   -10    -6   -16    26   -24   -18 
   22   -24    -6    26   -16    16   -18   -24   -24   -10     2   -18     0    18   -24    18 
  -16     4   -26    24   -12    20    -8    36    12    24   -24   -42    12     0    28     0 
   16   -36    42     0   -12     4     0    -4   -12    24   -24    26    12   -24    12     8 
    6     8   -28    42   -24    12   -10     8    -8    14     2     8   -40     2    32     2 
    6     8     8     2   -40   -12     2     8     4     2    14   -28   -24    42    24   -10 
  -36   -20   -11    28   -20   -12    28     4    32    -4    -4   -11    28    28   -28   -20 
  -36     4   -11    28    28   -36   -20   -20    -4    -4    -4   -11   -20    28     4    28 
   14    -2    13    14    26     2   -26    -6   -18    -6     6   -15   -22    14   -30    42 
  -14     6    15   -14    22   -26   -42     2    18    -6     6   -13   -26   -14     2    26 
  -10    -6     3   -18   -18     2   -18    22   -14   -30     6    -5    30    30    -6   -38 
   10   -22     5   -30   -30    10    38     6    22    -6    30    -3    18    18   -42    18 
  -34    42    18   -18   -24   -10   -18     6     0     2    14    -6   -16   -34   -34    18 
  -34     6    -6   -34   -16    -4    18    42     2    14     2    18   -24   -18   -20   -18 
  -40   -12    42   -24    12    20    24    12     4     0   -48   -12    36     0    12     0 
   40   -12    12     0   -36    -8     0    12   -28    48     0   -42   -12    24   -16   -24 
   -4    12   -42    -4     2    26    36    -4   -24   -12    36    14     6    12    38   -28 
    4     4   -14   -12    -6   -26    28   -12    20   -36    12    42    -2     4    -6   -36 
   10    -2    34    18    36    -8    22   -46   -10    -6   -18     2    36    18    28     2 
  -10    46    -2   -18   -36     8    -2     2   -18    18     6   -34   -36   -18   -36   -22 
  -26   -24   -24   -14   -38    46    42   -28    44    26   -10   -28     6    42   -34   -10 
  -26   -28   -28    42     6   -20   -10   -24    34   -10    26   -24   -38   -14   -28    42 
  -16     0   -45     0   -12    20    48   -24    32    32   -16    15    12   -48   -44     0 
  -16   -24    15   -48    12   -40     0     0   -20   -16    32   -45   -12     0   -16    48 
   18    26     2    50   -22    18    14     2    22   -42    30   -10    26     2    -2   -10 
  -18    -2    10    -2   -26     0    10   -26   -48   -30    42    -2    22   -50    24   -14 
   -8    16   -17    16    16   -14    16    -8   -34     8   -16   -29     0   -24   -26   -32 
   -8    -8   -29   -24     0   -14   -32    16   -30   -16     8   -17    16    16   -46    16 
  -20     0   -42    12   -24    16    12    24   -24    12   -12    30   -16   -28   -24    12 
   20   -24   -30    28    16    32   -12     0   -36    12   -12    42    24   -12    48   -12 
   10    30    21    26    -4   -14     6   -38   -16    18     6    25   -36    42   -10    34 
  -10    38   -25   -42    36     2   -34   -30    12    -6   -18   -21     4   -26    34    -6 
   10    14    20     2    14    34   -22    -2   -46   -46     2    -2   -10     2   -14   -38 
   10    -2    -2     2   -10    10   -38    14   -14     2   -46    20    14     2    18   -22 
   42    24   -36    30   -24    18    18   -12   -42    30     6    12     0    30   -26    18 
  -42    12   -12   -30     0    24   -18   -24    -4    -6   -30    36    24   -30    -8   -18 
  -22     0    12   -10     2   -22    18    12     4   -46   -10    24    14   -34   -42     6 
  -22    12    24   -34    14   -28     6     0    50   -10   -46    12     2   -10    36    18 
    6   -10    -1   -10    26     6    26   -26    22    26   -22    19    26   -10    -6    10 
    6   -26    19   -10    26    -6    10   -10    -6   -22    26    -1    26   -10   -10    26 
  -30     8     5     6   -48   -24   -46    48   -36   -42    30   -51     8   -10    24    -6 
   30   -48    51    10    -8     0     6    -8    16   -30    42    -5    48    -6   -16    46 
   28    -8   -17     4    28    28   -44    40    48   -28    20     7   -28    44    20    28 
   28    40     7    44   -28    28    28    -8     0    20   -28   -17    28     4    44   -44 
   20   -32    31   -52    44   -40     4   -16    24    20   -52   -25     4   -20    -8    -4 
   20   -16   -25   -20     4     8    -4   -32    12   -52    20    31    44   -52    -8     4 
  -30    22   -38   -54     6   -54    34    38    22     2    26     2    22   -38    26   -22 
  -30    38     2   -38    22     6   -22    22    22    26     2   -38     6   -54    46    34 
   -6   -42   -42    -6    -6    -6   -54    -6   -22   -42    -6   -18   -38    10    -6   -42 
    6     6    18   -10    38    30    42    42   -18     6    42    42     6     6    50    54 
   -6    38    44    -6    -6    54    14     2   -14   -30   -18    32   -38    10   -22     2 
    6    -2   -32   -10    38     6    -2   -38    -2    18    30   -44     6     6   -18   -14 
   38   -32    -2    34    -8   -16    34   -56    40    26    14   -20    24    42    28   -50 
   38   -56   -20    42    24    -4   -50   -32   -32    14    26    -2    -8    34    24    34 
   38     6    24    14   -34    38   -54     6   -46     2   -46     0     6    30    50    42 
   38     6     0    30     6    14    42     6   -38   -46     2    24   -34    14    50   -54 
    2     0   -21    30     0    32     6     0    20   -30    18   -21    40    -2    24    54 
   -2     0    21     2   -40    40   -54     0     4   -18    30    21     0   -30     0    -6 
  -42    -6    27     6     6   -30     6    -6   -22    38    38    27     6     6    26     6 
   14   -16    32   -22    38    26   -46   -20   -44     2    14   -50   -22     2   -14    46 
   14   -20   -50     2   -22   -40    46   -16   -14    14     2    32    38   -22   -16   -46 
    6     0   -15   -14   -20   -12    18    36   -16     6   -18    -3    44   -46    36    18 
   -6   -36     3    46   -44    18   -18     0   -46    18    -6    15    20    14    -6   -18 
   54   -14    37    30   -30    42    22   -10   -30    42   -18    -7    18   -18    34    50 
  -54    10     7    18   -18   -54   -50    14    54    18   -42   -37    30   -30    30   -22 
    2    20   -52    14    -4    20   -34    52   -44    14     2    28    12     6    36    10 
    2    52    28     6    12    44    10    20   -20     2    14   -52    -4    14    -4   -34 
  -30   -20    10    22   -44   -12   -14    -4    60    26   -10   -28     4    46    44    38 
  -30    -4   -28    46     4    12    38   -20    28   -10    26    10   -44    22   -44   -14 
   32    40   -56   -24   -42   -40    16    56    50   -24    24    32   -14    40   -16    32 
  -32   -56   -32   -40    14    -8   -32   -40    -6   -24    24    56    42    24   -48   -16 
   34    34   -50   -38   -50   -50   -50    30   -38    -6     6     6    30   -54   -38   -30 
  -34   -30    -6    54   -30   -34    30   -34   -34    -6     6    50    50    38    30    50 
   34    44   -13    54   -24   -44    26    48     0    30     6   -33     0   -42   -12    42 
  -34   -48    33    42     0    26   -42   -44   -42    -6   -30    13    24   -54   -10   -26 
  -50    28   -29   -38   -20    -8   -38   -60    20   -42    30    51    36   -54    -4   -30 
   50    60   -51    54   -36   -16    30   -28    52   -30    42    29    20    38   -28    38 
   50     2   -19    10   -20   -58   -58   -18    48   -30    30     9    12    -6   -30    42 
  -50    18    -9     6   -12   -38   -42    -2   -24   -30    30    19    20   -10    18    58 
   44   -24     0   -36     0     8    12   -16   -40    12    36   -40    24    36   -24   -52 
  -44    16    40   -36   -24     4    52    24    12   -36   -12     0     0    36    36   -12 
   32    24     9   -40    -4    44   -48    16    48     8    56   -11     4    -8   -20    16 
   32    16   -11    -8     4     8    16    24   -52    56     8     9    -4   -40    40   -48 
    2    46     4    34    34   -58   -26    42   -58   -54     6    -6    18    18    42    42 
   -2   -42     6   -18   -18   -26   -42   -46   -10    -6    54    -4   -34   -34   -34    26 
  -50   -26   -20    38   -10   -50   -14   -50   -14     2    26   -50    14    38   -30   -38 
  -50   -50   -50    38    14    58   -38   -26    22    26     2   -20   -10    38    46   -14 
  -34    24     6   -22    14    32   -42    60    10    62    50     6   -22    50   -16    -6 
  -34    60     6    50   -22    26    -6    24   -20    50    62     6    14   -22    34   -42 
    6    26   -58    30   -42    42    14    30     6    18     6    18   -26    -2    42    42 
   -6   -30   -18     2    26    18   -42   -26    30    -6   -18    58    42   -30    30   -14 
   -6   -18   -54   -54   -30    18    42   -42   -18    -6    42    -6   -54    -6    -6    -6 
    6    42     6     6    54   -24     6    18   -20   -42     6    54    30    54    16   -42 
    6   -40    14   -46   -16    24   -22    16    -8     2   -34    46    64   -38     8    -2 
    6    16    46   -38    64    48    -2   -40     8   -34     2    14   -16   -46   -16   -22 
  -46     6   -12    -6   -42    26    -6    54   -10   -22    50    60   -10   -22   -14    18 
  -46    54    60   -22   -10    14    18     6    34    50   -22   -12   -42    -6   -50    -6 
  -10    24     3    10    64   -64   -42   -20     8   -54    18    19    56    26   -40    22 
   10    20   -19   -26   -56    10   -22   -24    -6   -18    54    -3   -64   -10   -18    42 
    6    30   -45   -10    26    18    30    10   -14    -6    30   -17    26    38    18    10 
   -6   -10    17   -38   -26   -42   -10   -30    42   -30     6    45   -26    10    34   -30 
   36     4     1    12   -24    24    28     4     4   -52    44   -35    40   -44   -56    52 
   36     4   -35   -44    40    48    52     4    -4    44   -52     1   -24    12    48    28 
  -62   -38   -62   -62    16   -26    34    46   -16    62   -46    -2    56   -46    14    46 
  -62    46    -2   -46    56   -32    46   -38   -42   -46    62   -62    16   -62    32    34 
   48    44    32     8    44    24    32   -44   -20   -16    56    28    28    -8     8   -56 
   48   -44    28    -8    28    36   -56    44    28    56   -16    32    44     8    44    32 
  -46   -18   -63    18   -30   -22    54     2    54    18    54    41   -46     2     6   -46 
   46    -2   -41    -2    46   -38    46    18    50   -54   -18    63    30   -18    50   -54 
   54    42   -18    38   -46    42   -42     6    -6    42     6   -18    34   -26   -54    -6 
