2 0
100
   -1    -1 
    0     0 
    5     3 
    2     6 
   -5 3    -5 3 
   88   264 
  -23 81  -242 19 
    1 0    -1 1 
 -290 220   280 130 
    2 1     3 -1 
  -88  -264 

    1    -1 
   -1     1 
    1     1 
   -1    -1 

   -1     1 
    1     1 
   -1     1 
    1    -1 
   -1    -1 
   -4     0 
    6    -6 
   -6     6 
   -1     5 
   -5     5 
    7    -7 
   -3    -7 
    6    -6 
   -4     0 
    3     5 
    1     3 
    5     9 
  -14     6 
    0     0 
    4    -4 
    4    -4 
   -7    -3 
   13    -3 
   -9    -3 
   15    -3 
  -12     8 
  -12     8 
   14    14 
   -4    -4 
   10     6 
  -18    18 
  -20     0 
   12     0 
   -9     5 
    7   -13 
    9    11 
    1    -7 
    6    26 
   10     6 
  -10     6 
   14     2 
   -4    20 
    0     0 
  -16   -24 
  -17   -25 
  -15    -7 
    6   -10 
   20     8 
   -2    14 
  -10   -22 
    0   -12 
   12   -24 
   18   -18 
   20    12 
   12     0 
  -24    12 
  -11    11 
    3    27 
   33     9 
   20   -28 
    2   -10 
    9   -27 
   31   -15 
    1     1 
   32   -28 
   -8     0 
   -6     6 
    5    -7 
   -2   -10 
   28     8 
  -10   -34 
   24   -16 
   18   -18 
   -4   -24 
  -22    30 
   16   -12 
  -14     2 
   -6   -34 
  -29    33 
  -17    -3 
  -30   -30 
   24    36 
   22   -10 
   12     8 
   20   -16 
  -28    20 
   20    12 
   12    36 
   30    -6 
  -18   -30 
    4    -4 
  -22   -22 
   -3     3 
   31   -33 
   -8   -16 
  -40    20 
   -4   -40 
   40    -4 
   -6     6 
   24   -12 
