1 0
100
   -1 
    0 
    2 
    1 
   -2 1 
    4 
  -28 -75 
    1 0 
 -282 -47 
    2 -1 
    1 

   -1 
   -1 
   -1 
   -1 

    1 
    2 
   -1 
    1 
    2 
    0 
    4 
   -1 
   -6 
    7 
   -8 
    1 
    1 
    1 
    5 
  -12 
   -6 
  -14 
  -14 
  -14 
    2 
    1 
   -7 
    8 
    5 
   18 
    8 
  -16 
   13 
   17 
   -1 
  -12 
  -10 
    5 
    6 
   10 
   -6 
  -10 
   12 
  -25 
    1 
   22 
  -10 
   -8 
   15 
    6 
  -19 
    1 
   -6 
   22 
   23 
  -27 
  -20 
    0 
  -10 
  -15 
   -9 
  -15 
    3 
   -8 
  -15 
   -1 
   21 
    1 
  -18 
    8 
  -18 
   22 
   -8 
  -25 
   27 
    6 
  -31 
   12 
   25 
  -20 
  -29 
    6 
  -11 
    8 
   27 
  -28 
   15 
  -19 
  -30 
   14 
   -9 
   10 
   -4 
  -15 
    1 
   24 
  -33 
  -12 
    7 
   17 
   -2 
    4 
   10 
   42 
