9 0
200
    1     1    -1    -1     1     1     1     1    -1 
    0   -56     0     0   -96    24     0   144     0 
    8     7     6     6     6     3     6     6     5 
    1     1     1     1     1     1     1     1     1 
    1 1     1 0    -2 1     7 0     1 0     1 0     1 1     1 0    -2 1 
   16   -56     8    64   -96    24    32   144    16 
   58 25   119 29   119 29   113 -172   119 29   119 29    58 25   119 29   119 29 
    1 0     1 0     1 0    -2 -1     1 0     1 0     1 0     1 0     1 0 
  -18 108   324 -90   324 -90  -324 90   324 -90   324 -90   -18 108   324 -90   324 -90 
    1 1     2 -1     2 -1    -1 2     2 -1     2 -1     1 1     2 -1     2 -1 
    4   -12    -2    12   -16     4    -8    36    -4 
    0     0     0     0     0     0     0     0     0 
    0     0     0     0     0     0     0     0     0 

    1    -1    -1    -1     1    -1    -1    -1    -1 
   -1    -1    -1     1    -1    -1     1     1    -1 
    1     1     1     1     1     1    -1    -1    -1 
    1    -1     1    -1     1    -1    -1    -1    -1 

    0     0     0     0     0     0     0     0     0 
    0     0     0     0     0     0     0     0     0 
   -1    -1    -1    -1    -1    -1     1     1     1 
   -2    -1     0     0     0     3     0     0     1 
   -3     0    -3    -2     2     4    -3     0     2 
   -1     0    -1     2     6    -4    -3    -6     4 
   -2    -7     4    -2     4     1    -6     0    -3 
   -1     6     3     6    -4    -6     3     6    -6 
   -4     8     0    -8     0     4   -10     8    -6 
   -6    10     4     4     0    10   -10     8     0 
    7    -7     1     2     6    -7    -7     2     9 
   -4    -8     2    -2     2    -8     8   -10    10 
   -6     3     0    -8    -2     7     6    -6   -11 
  -10     1    -2    -8    10   -11   -12    -6     3 
    8    -6     8     6   -10    -6     2     2    -8 
    8     6    -2     2   -14    14   -12     6    -6 
   -9    12     1     0    -4     0    -9    -6    10 
   14     3    10    -2     6     7    -6   -12    -7 
    0     4    -8    -6    -6     0    12     6     6 
  -12    -5    12   -12     0    15     8     8    -3 
    1   -11     1    -4    -4     5     5    -4    -7 
   -8    -8     0    12     6     0     0   -12   -10 
    3    10   -15    -4    -6     2    -9   -12    -6 
  -14   -11     6     4    -6    13    -6   -12    -7 
    3     4    -5    18     8     0   -15     0   -16 
    4   -16   -14    10     2     4     8   -10   -16 
    2   -12    12    10     2    -8   -16     2   -10 
   -1     1    -1     1    -1     1     1     1     1 
   -4    10    -8     0    20     6     2   -16   -16 
  -12     9    -6    18    12    -3   -12     6    15 
   -1     6   -19     0   -14     6    -3     6     0 
   -9   -10   -17     6     0    18    -3    12    -6 
  -10    16    -2    -4   -14    20    -6     6     6 
  -10   -14    12     2    14   -10   -10   -10     4 
   13     9   -11   -14   -22   -11   -13    14    -1 
    6    -2    16    -4    12   -10    20   -16    -2 
  -19    21    -1     4     8     1    -7    20   -13 
   15    15    15    14    -6    -1    -1    26    -1 
  -23   -20   -21     8     0   -16     3     0    10 
  -24   -15    -6     4   -12    25   -12    18    21 
   11    13    15    18   -10   -15     5    14    23 
   -8     8   -12   -10     2    -4     2     2   -20 
   -2   -19    12   -20    -2     1   -12    18    15 
  -18    -8    -2    20    18   -16   -18   -18    12 
   20   -11     0    16    24    13   -16    20    21 
    9    16    21     4   -12    -8    11   -16    16 
  -21    19     5    -8     8    19    17     8    -9 
   28    -4    14   -20    -4    -8   -22    -4   -26 
   -6     8    -2   -22    -6    -4    14   -22     4 
   10    -8   -30   -14    26    -8   -28   -10     2 
  -26    15   -28    12   -12    -9   -12    18   -25 
    2    12   -24    16     0    28     0   -18    20 
   -9    22     7    -6    -8    -6   -27    24    -4 
   12    -3   -12    -4    26   -19     6    12    -7 
  -26   -25    -2   -10     6    -1    18     6    23 
  -20    -3    -2     8     4    17     0   -12   -21 
  -14   -15   -18   -10    -2     5    14   -22    -5 
   15    28    15    18     0     0    15    30    18 
  -26    23    -8    -6    24    15    12    12   -25 
  -29   -19     1   -14    10     1    23    14   -25 
   19   -11     1    10    -6     1    -1   -10    -9 
   -9    26    17   -16   -12    14    -9    -6    -6 
    2   -24    18     2    34    20    18    24    12 
  -18   -10     4    12    12    30   -22    -4   -12 
  -22    32     4    28     4    28     8   -28    10 
    3   -28   -15    36    30     0    21    -6   -12 
  -24     1     4    14     8    29     6    -6   -29 
   36   -24    12    -2     6     4   -34    38    -2 
  -18    12    10    16     8   -32   -28     8   -24 
   21     8    17   -28    12     8    -1     8    24 
   25   -19    25   -24    12    -3    -7    20   -15 
   11    -5   -15    12    16   -33    23    32    29 
   32    12     4    -6   -16   -12   -24    -6     6 
   24     4    16     6    16    12    24    -6    14 
  -10     9    16    -6    30    33    24     6   -11 
   -3   -18   -13   -16    24    26   -15    30    24 
  -22   -10   -10     2   -10   -10   -10    26    22 
  -12     2     2   -10    18    38    20     2   -38 
   21    -8    -3   -10   -24   -16    -9   -24    30 
    2    38   -18    20    18    14    18   -18    20 
  -27   -16     3   -16     0   -16   -33   -36     6 
  -30    16    24    12   -12     0    36   -30    24 
  -27    26   -31     6     6   -30    35    26   -18 
  -30   -39     2    26    30   -19   -10    26     3 
   19    29    13   -14    26   -23    35   -10   -13 
   38   -28   -36   -26   -18   -20    -4    14   -30 
   18   -29    24    18    18    -9    12    24    33 
   16    20    18    -6    26   -36   -42     0   -12 
    5    30   -27    -6    20   -18   -21   -12     6 
   24   -15    30   -36     6   -15     0   -36   -27 
  -30     0    32   -16    -4   -40   -22    -4   -24 
  -16    16    10   -32   -16     4   -22    32   -16 
   -3   -24    21    18     6   -24   -33    18    18 
  -14   -12    24   -10    -6   -28   -18   -36   -20 
  -17     4     1     8    40    20    -7    20   -32 
  -19   -25     9     0     8    27   -13   -40   -19 
   13   -28   -23   -40   -28    -4     5    -4    20 
   -3   -20   -13   -20    24   -20    29    20   -12 
   11    42    39    18     2    30   -21    24    -6 
  -37    10    17   -24   -12    -6    27    42    20 
    0    15   -30    18    16   -21   -18    -6     5 
  -11    12   -29    24   -10    36    39   -30    42 
  -27    -7   -23     2    30    17   -43     2    25 
  -40    -8    34   -22    -2   -28    14   -22    10 
   42    17   -12    18    18    21   -42    36    -9 
   37    36   -15   -18   -42   -12    15   -18   -10 
   40   -18     8    -6    36   -42   -12    30    14 
   35    -6    19    46   -12    -2    15   -30    32 
  -32    18    22    20    18     2     6   -36   -38 
   21   -34     9    18    24   -30    -9   -12    30 
   10    16   -42    44     4    -4   -10   -28    16 
  -11   -16    23    12     4    24   -31    -4    -4 
  -29   -28    21   -24   -32    36   -31    32    40 
  -18   -22    26   -24   -12    -6    20    20   -34 
  -12    25   -28    24   -22   -15    30     0   -43 
   -4   -18    14   -26   -12    22    36    30   -38 
    1   -28    17   -32     4   -20     5    -4    -4 
  -34    28   -28     4    16     4   -40    -4     2 
   -9   -32    31    18   -24   -12    -9    -6   -18 
  -26   -24    22   -38   -32    16     6   -36   -36 
   26    36   -18    16    24   -44    18    -6   -32 
   34   -33   -38    26    30    23   -12    18    23 
  -16    -4   -36    10    46    -8   -10   -10   -16 
   13    22   -27    10   -14   -26   -49   -22    38 
   12     9    24   -20   -44    25   -42   -30    29 
   34    15    14   -32    16    31   -24    30   -33 
   16    20   -40    12    28    48     8   -28   -28 
  -32    42   -10     8    -4   -34    32    -4    50 
  -50   -50   -32    26   -10   -10   -46   -10   -14 
   50   -10    -4    10    46    10     8    26    16 
  -35    36   -49   -24   -22    12    21    36    -6 
  -48   -34    48    24   -18    42     0     0    -6 
  -48   -14   -16    -8   -48    10   -22    32     8 
  -40    -6    18   -28    -4    26   -16   -16   -28 
   20    48    20    24    40    12    20   -16    22 
  -32    13     4   -16   -28    41   -40    32     7 
   50    -6    -2    38    10   -34    26    26    46 
  -22    34   -28   -22    50    26   -34     2   -46 
   -7    34    37   -42    14    42   -39   -24    -6 
    6    14   -18     4    16   -26     6   -42   -16 
  -47   -44     5    14     2    44   -15    24   -24 
   42    12   -10   -12    12    12    42    30     6 
   24   -29   -28    44   -12   -25    20   -16   -51 
   24    23   -32   -24    24    15    56    20     3 
   14    21    30    38    46    29    14    14   -31 
    4   -10   -16    10   -34    10    38   -34    44 
    4    42    16    42    16    54    12   -18    12 
  -14    13    18   -30    24    21    12    36     5 
  -42   -25   -38    -2    22    19   -34     2   -27 
   17    25   -15    36     4     9    17   -28   -19 
  -11   -12   -29   -52    28   -28     5    -4     4 
   14   -57   -32   -54    32    -9    48   -12     3 
  -54    12    26   -58     0    44    30    36    24 
  -45   -36     3   -50    20    40    33    36     2 
  -14    -5    28    24   -18     3    30   -12    35 
  -34    50    46   -44    28   -26    38   -16   -20 
  -23    45    15    52     4    25   -31    -4   -17 
  -10    22   -16   -36     4     6    44   -28    -4 
  -24   -33   -12   -28   -28    23     8    44    27 
   24    38   -40    20     2   -22   -12    36    50 
   -5   -24   -23    12    -2    12    -9   -24   -12 
  -30   -29   -46    16    34    -5   -48    60     7 
   18    37    30     6    20   -15    42    -6    31 
   51     2    29   -56   -12   -26   -15    24    24 
  -47   -20     7   -12   -32     0   -33   -12   -12 
  -28   -25    36     6   -26    27    48     0    57 
   30    25    28     6    30   -27   -12    24    27 
  -58   -18   -12    52     6    46    24     0   -34 
   30    -9   -36    -6   -32     3     6    42   -31 
  -38    -8   -26    14   -56    32    -6     0    48 
    9    42    33    22    16   -14   -15   -18     2 
   53    47    33   -44    16   -29    23    32    53 
   10   -36    20     0   -32    12     2    56    52 
   51     0    15    -6   -34    48    51   -48   -56 
   18   -18    30   -12   -60     6    42     0   -42 
   26    22   -38    22    -2   -14    32    14   -44 
  -30    37    50   -38   -30   -35   -34     2   -15 
   17    24    31   -24     8    24    -1   -28   -32 
  -30    26     4     0   -40     6   -34    20   -42 
  -26    50   -42    14   -28   -34   -18   -24    24 
  -51    34    11    12     6   -30    -9   -42     0 
    6    41    10   -30   -18    57    24    30    45 
  -10     4     2   -16     0   -28    54   -42   -22 
  -24    -8     6    28     8   -32   -52    20    18 
   58   -46    22   -56    40    34   -28   -64   -50 
   -5   -39    39     2   -26    29   -55    26   -41 
   15    41   -41   -26    22    13   -43   -34    -9 
    9    48    19     0    38    12    57    36     4 
  -35   -24   -29    16     2    52    21   -12    12 
  -60     1    60    10    54    25    -6     6   -15 
   -6   -50    56    20   -44   -10    24    48   -10 
  -59   -31    57   -44     4    25    17    44    41 
   58   -46   -40    20    -4   -34   -40    -4   -14 
   -4    22    16   -30   -62    -6    38   -34    64 
  -29   -43    11    30   -50    45    11   -34   -35 
   16    52   -10   -20   -40    -8   -16   -52   -32 
  -28   -65   -28   -28   -52   -25   -52    20    35 
   30    26   -10    24    24   -42    -6    42    12 
  -18     5     8    42   -50   -27   -60     6     5 
   58    18   -42    42    24   -18    42    24   -56 
