1 0
200
    1 
    0 
    6 
    1 
    1 1 
   16 
  -79 31 
    1 0 
  -66 110 
    2 -1 
    4 
    0 
    0 

   -1 
    1 
   -1 
   -1 

    1 
   -2 
   -1 
   -3 
    1 
    0 
    1 
   -6 
   -2 
   -2 
    1 
    3 
  -12 
    6 
   10 
   -9 
   -9 
   -4 
   -4 
  -16 
    8 
    0 
  -14 
   -9 
  -13 
   -7 
   -5 
   -8 
  -18 
   -9 
   -9 
  -10 
  -10 
   10 
  -10 
    2 
    4 
   19 
  -10 
   26 
   -9 
  -23 
  -18 
    4 
  -20 
  -26 
  -14 
   28 
  -11 
   11 
   24 
    6 
   23 
   17 
   -5 
   21 
    7 
   18 
  -24 
   21 
   -5 
   14 
   18 
  -24 
   -6 
   29 
  -21 
   26 
   22 
   10 
   -8 
  -18 
   18 
  -12 
   21 
    5 
   -1 
  -13 
   -3 
    1 
  -30 
   -6 
   23 
   17 
   31 
  -39 
  -20 
   -6 
   31 
  -31 
  -22 
  -30 
  -26 
  -34 
    0 
   -2 
    0 
   14 
   -6 
  -26 
   22 
  -18 
  -15 
   41 
  -38 
  -10 
  -14 
  -38 
    1 
  -27 
    0 
  -26 
   44 
   -2 
   -3 
   37 
  -36 
   46 
  -26 
  -10 
  -50 
  -14 
   29 
  -25 
  -24 
   36 
   28 
  -18 
    6 
  -38 
   -4 
  -30 
   -2 
   -2 
   18 
   50 
   47 
   17 
  -14 
    6 
  -14 
    2 
  -24 
   -8 
   35 
  -25 
  -30 
   20 
  -15 
   52 
  -46 
   44 
  -36 
  -35 
   -3 
  -28 
   -6 
   34 
   -2 
   22 
   26 
   21 
   23 
  -32 
   30 
   46 
    0 
  -59 
  -27 
  -48 
  -14 
  -10 
  -26 
  -42 
  -30 
  -58 
  -26 
    6 
   50 
  -43 
   21 
   29 
   31 
  -44 
   24 
   38 
  -46 
   -2 
    4 
  -10 
  -54 
  -36 
    0 
  -46 
   62 
  -48 
   -8 
   15 
  -31 
  -11 
