3 2
100
    1    -1    -1 
    8     0     0 
    2     4     4 
    1     1     1 
    1 0    -5 3     2 5 
    8    16    24 
   68 -45     8 -30     8 -30 
    0 -1    -1 0    -1 0 
   45 45   -15 60   -15 60 
    2 0     2 0     2 0 
    4    -4     2 

    1    -1    -1 
   -1    -1     1 
    1     1     1 
    1     1    -1 

   -1     1     1 
    0     0     0 
    3     1     1 
    0     0     0 
   -1    -1     1 
    0     0    -6 
   -4     0    -6 
   -4     0     6 
    8    -8    -8 
    8    -8     4 
    6     2   -10 
   -6    -2    -2 
    8     0     0 
    8     0     0 
  -10   -14    -2 
    6    -6     6 
    6    -6     0 
    0    12    -6 
    0   -12    -6 
   12    -8     4 
  -12     8    -4 
   -8   -12   -12 
    8    12   -12 
   10    -6     0 
  -10     6    -6 
    6    10    -2 
   -6   -10   -10 
    8     4    16 
   -8    -4     8 
   -6     6     6 
   -6     6    12 
   14     6   -18 
   14     6   -12 
  -18    14     2 
   18   -14    22 
   -4   -16   -16 
    4    16   -20 
  -10   -14    10 
   12   -12     0 
  -12    12   -12 
   26    -2    -2 
   26    -2    10 
    0     0    12 
    0     0   -12 
  -16   -16     8 
  -16   -16    -4 
  -16   -16     8 
   16    16    16 
   22   -10    14 
   22   -10   -10 
   20   -24   -12 
  -20    24   -24 
  -18    30    -6 
  -18    30     0 
    6     6    18 
   -6    -6    12 
   -2    34    10 
   28     0    30 
  -28     0   -30 
  -26   -14    10 
   26    14     2 
   30   -30   -24 
   30   -30   -18 
   28   -20    28 
   28   -20    -8 
   18   -18   -24 
   18   -18    18 
    2    26    14 
   24     8    32 
  -24    -8     4 
  -20    20   -28 
  -20    20    20 
   36    24    -6 
   36    24     6 
    6     6    30 
   -6    -6   -24 
  -14    22    -2 
   14   -22    38 
  -10    30     6 
   10   -30    12 
   28    12    24 
  -28   -12    12 
   -6    22    10 
   -6    22   -26 
  -18    34    10 
   18   -34     2 
   16    36    18 
   16    36   -30 
   30     6   -30 
  -30    -6   -24 
    8    -8     4 
   -8     8     8 
  -16   -36     6 
  -16   -36   -18 
  -16   -20    -8 
   16    20    20 
    4    -4    20 
    4    -4   -28 
   14   -42   -18 
  -14    42     0 
