59 4
100
   -1     1     1    -1    -1     1     1     1     1     1     1    -1     1     1    -1    -1     1    -1    -1     1     1     1     1     1     1     1     1     1    -1    -1    -1    -1    -1     1    -1     1    -1     1     1     1    -1    -1     1    -1    -1    -1    -1    -1     1    -1    -1     1    -1     1     1    -1     1    -1     1 
    0    16    16     0     0    16    16    16    12     8     8     0     8    20     0     0    12     0     0    84    60    64     8    32    12     0   -20     0     0     0     0     0     0  -128     0   -36     0   -48    -8   -16     0     0   -40     0     0     0     0     0   -60     0     0   -48     0   -60   -32     0   -32     0   -12 
   10     8     8     8     8     8     8     8     6     4     4     4     4    10     8     6     6     6     6     6     6     4     4     4     2    10    10     8     8     8     8     8     8     8     8     6     6     6     4     4     4     4     4     4    10    10    10     8     6     6     6     6     6     6     4     4     4     4     2 
    1     1     1     1     1     1     1     1     1     1     1     1     1     1     1     1     1     1     1     7     1     1     1     1     1     1     1     1     1     1     1     1     1     1     1     1     1     1     1     1     1     1     1     1     1     1     1     1     1     7     1     1     1     1     1     1     1     1     1 
    2 3     1 0     1 0     2 3     2 3     1 0     1 0     1 0     1 0     1 0     1 0     2 3     1 0     1 0     2 3     2 3     1 0    -5 4     2 3     1 0     1 0     1 0     1 0     1 0     1 0    -2 1     1 0    -2 1     2 3     2 3     2 3     2 3     2 3     1 0     2 3     1 0     2 3     1 0     1 0     1 0     2 3     2 3     1 0     2 3     2 3     2 3     2 3     2 3     1 0     2 3     2 3     1 0    -5 4     1 0     1 0    -5 4     1 0     2 3     1 0 
  160    16    16    32    32    16    16    16    12     8     8    16     8    20    48    72    12    48   128    84    60    64     8    32    12    16   -20    16     8     8    16     8     8  -128    72   -36    32   -48    -8   -16     8     8   -40     8    72     8   288    24   -60    56     8   -48    16   -60   -32    32   -32    64   -12 
   83 -70   -67 -19   -67 -19    83 -70    83 -70  -259 29  -259 29   -67 -19  -259 29  -259 29   -67 -19    83 -70  -259 29   -67 -19  -301 26    83 -70   -67 -19    83 -70    83 -70   -67 -19   -67 -19   -67 -19   -67 -19   -67 -19   -67 -19   -67 -19   -67 -19   -67 -19    83 -70    83 -70    83 -70    83 -70    83 -70   -67 -19    83 -70   -67 -19  -301 26   -67 -19  -259 29   -67 -19    83 -70  -301 26   -67 -19  -301 26    83 -70    83 -70    83 -70    83 -70   -67 -19    83 -70    83 -70   -67 -19    83 -70   -67 -19   -67 -19  -301 26   -67 -19    83 -70   -67 -19 
    1 0     1 0     1 0     1 0     1 0     0 1     0 1     1 0     0 1     0 1     1 0     1 0     0 1     1 0    -2 -1     1 0     1 0     1 0     1 0     1 0     1 0     1 0     1 0     1 0     1 0     1 0     1 0     1 0     1 0     1 0     1 0     1 0     1 0     1 0     1 0     1 0    -2 -1     1 0     0 1     1 0     1 0    -2 -1     1 0    -2 -1     1 0     1 0     1 0     1 0     1 0     1 0     1 0     1 0     1 0     1 0     1 0    -2 -1     1 0     1 0     1 0 
  336 96  -192 48  -192 48   336 96   336 96   144 144   144 144  -192 48   144 144   144 144  -192 48   336 96   144 144  -192 48   144 144   336 96  -192 48   336 96   336 96  -192 48  -192 48  -192 48  -192 48  -192 48  -192 48  -192 48  -192 48  -192 48   336 96   336 96   336 96   336 96   336 96  -192 48   336 96  -192 48   144 144  -192 48   144 144  -192 48   336 96   144 144  -192 48   144 144   336 96   336 96   336 96   336 96  -192 48   336 96   336 96  -192 48   336 96  -192 48  -192 48   144 144  -192 48   336 96  -192 48 
   -1 2     2 -1     2 -1    -1 2    -1 2     2 -1     2 -1     2 -1     2 -1     2 -1     2 -1    -1 2     2 -1     2 -1    -1 2    -1 2     2 -1    -1 2    -1 2     2 -1     2 -1     2 -1     2 -1     2 -1     2 -1     2 -1     2 -1     2 -1    -1 2    -1 2    -1 2    -1 2    -1 2     2 -1    -1 2     2 -1    -1 2     2 -1     2 -1     2 -1    -1 2    -1 2     2 -1    -1 2    -1 2    -1 2    -1 2    -1 2     2 -1    -1 2    -1 2     2 -1    -1 2     2 -1     2 -1    -1 2     2 -1    -1 2     2 -1 
    2    -8   -20     1     1     8     8     4     6     4    -4     3     4     2    -3    -1    -2    -2    -2    14    14     4    -2     4     2     4    -4     4    -2     6    -4    -1    -7   -20     6    -4     2    -8    -4    -4    -1    -4    -8    -2    -3    -1    -8    -3    -6    -7    -1   -12     6   -14    -8     2    -8     2    -2 

    1     1     1     1     1     1     1     1     1     1     1     1     1     1     1     1     1     1     1     1     1     1     1     1     1    -1    -1    -1    -1    -1    -1    -1    -1    -1    -1    -1    -1    -1    -1    -1    -1    -1    -1    -1    -1    -1    -1    -1    -1    -1    -1    -1    -1    -1    -1    -1    -1    -1    -1 
    1    -1    -1    -1    -1    -1    -1    -1    -1    -1    -1    -1    -1    -1    -1    -1    -1     1     1    -1    -1    -1    -1    -1    -1     1    -1    -1    -1    -1    -1    -1    -1    -1    -1    -1     1     1    -1    -1    -1    -1    -1    -1    -1    -1     1    -1    -1    -1    -1     1     1    -1    -1    -1    -1    -1    -1 
    1     1     1    -1    -1     1     1     1     1     1     1    -1     1    -1     1     1    -1    -1    -1    -1    -1    -1    -1    -1    -1     1    -1    -1     1     1     1     1     1    -1     1    -1    -1     1    -1    -1     1     1    -1     1    -1    -1     1    -1     1    -1    -1    -1     1     1     1    -1     1    -1     1 
    1     1     1     1     1     1     1     1     1     1     1     1     1    -1    -1    -1    -1    -1    -1    -1    -1    -1    -1    -1    -1     1     1     1     1     1     1     1     1     1     1     1     1     1     1     1     1     1     1     1    -1    -1    -1    -1    -1    -1    -1    -1    -1    -1    -1    -1    -1    -1    -1 

   -1    -1    -1    -1    -1    -1    -1    -1    -1    -1    -1    -1    -1    -1    -1    -1    -1    -1    -1    -1    -1    -1    -1    -1    -1     1     1     1     1     1     1     1     1     1     1     1     1     1     1     1     1     1     1     1     1     1     1     1     1     1     1     1     1     1     1     1     1     1     1 
    0     0     0     0     0     0     0     0     0     0     0     0     0     0     0     0     0     0     0     0     0     0     0     0     0     0     0     0     0     0     0     0     0     0     0     0     0     0     0     0     0     0     0     0     0     0     0     0     0     0     0     0     0     0     0     0     0     0     0 
    0     0     0     0     0     0     0     0     0     0     0     0     0     0     0     0     0     0     0     0     0     0     0     0     0     0     0     0     0     0     0     0     0     0     0     0     0     0     0     0     0     0     0     0     0     0     0     0     0     0     0     0     0     0     0     0     0     0     0 
   -1    -1    -1    -1    -1    -1    -1    -1    -1    -1    -1    -1    -1     1     1     1     1     1     1     1     1     1     1     1     1    -1    -1    -1    -1    -1    -1    -1    -1    -1    -1    -1    -1    -1    -1    -1    -1    -1    -1    -1     1     1     1     1     1     1     1     1     1     1     1     1     1     1     1 
   -4    -2    -2    -2    -2    -2    -2    -2     0     2     2     2     2    -4    -2     0     0     0     0     0     0     2     2     2     4    -4    -4    -2    -2    -2    -2    -2    -2    -2    -2     0     0     0     2     2     2     2     2     2    -4    -4    -4    -2     0     0     0     0     0     0     2     2     2     2     4 
    2    -4    -4     0     0     4     4     4     0    -4     0     0     0     2     2    -6    -2     2     2     2     6    -4    -2     4     6    -2     4    -4    -4    -4     0     0     0     4     4    -4     2     2    -4     0     0     0     4     4    -6    -2     2    -2    -6    -2    -2    -2    -2     2    -4     0     2     4    -6 
    4     0     0    -4     4    -8     0     0     0    -8     4     4     4    -2    -6     6     2    -8     0     6    -6     4    -2     4     2    -4     4     0     0     8    -4    -4     4     0     0     4    -8     0     0    -4    -4    -4    -8     8     6     2     4     6     6    -6    -6     0     8    -2    -4     0     2    -4    -2 
   -4     0     0    -8     0     0     0     8     0     8    -8     0     8    -4     0     0    -4     0    -8     4    -4    -4    -8     4     4     4    -8    -8     0     0    -4     0     8     0     0     0     0    -8    -4    -8     0     8     4    -8     0     4    -4     0     4    -4     8     8     0     4    -4     0     8     4    -4 
    8    -8     8     4    -4     0     0     8     4     8    -4     4    -4     2     2    -2    -2     0    -8    10     6     8    -2    -8    -2    -8     8    -8     0     0    -8     4    -4    -8     8     0     0     8    -4     4    -4     4    -4    -8   -10    -2    -8    -2    -6   -10     2     8     0     2     8     8     2    -8     2 
    8     0    -8     4    -4     8    -8     8    10    -4     0     0    -8    -4    10     4    -4     8     0     0     4     8    -6     0    -8    -8     6    -8     8    -8     0     4    -4     8     0     2     8     0     0     8     0     0     0     4     4     4     8   -10    -4     0     4     0    -8     4     0    -8     6    -8     8 
  -10    10    -6    10    -6    -6     2    -6   -10     2    -6     2    10   -10    -6     2    -2     6     6     6    -2     2     2     2    -2   -10    -2    -6     2    -6     6    -6    10    -6    10     6    -6    -6   -10    10     2    -6    -2     2    -6   -10    10    -6    -2     6    -6     6     6    -2     2     6     2     2    -2 
   -6     2    10     2     2     2    10    -6    -4     6   -10   -10    -2     8    10     8    -4    -6    10     4    -4     2    -2    10     8    -6     8    -6    10     2    -2     2     2    10     2    12     6   -10    10    -2   -10   -10     2     6   -12     8     6    10    -4     4     0    10    -6    -4    10     6    -2     2     8 
    2     8     0     8     0    -8     0     8     0     8     0    -8    -8     0   -12     0     0   -10    -2    -8     0    12    -4    -4     8    -2    -8    -8     0     8     0     0    -8     0    -8    -8    10     2     8     8     8     0    -8    -8     0     0    -2    12     0     8     8     2    10     0     4   -12     4   -12    -8 
   -6     0    -8   -12    -4     8     8    -8    -6    12     0     0    -8     4    10   -12   -12    -2    -2    -8    -4     4    -6    12     0     6     6     8    -8    -8     0     4    12     8     0     2     2     2     0     8     0     0     0   -12   -12    -4     6   -10     4     8     4     2     2    12   -12   -12     6    -4     0 
  -10   -10   -10     6   -10     6    -2   -10    -4     2    -6     2    -6     4     2    -4     8   -10    -2    -8    -8    -2    -2    -2    12   -10     8   -10    -2     6    -6   -10     6   -10   -10     4    10     2    -2    -6     2    -6   -10     2     8     4    10     2    -8    -8     4    -2   -10     8    -2     2    -2    -2    12 
    0     6   -10   -10     6     6   -10     6     6     6   -10     6     6     6     2     6   -10    -4     4    -2     6    -6    10    10    14     0    -2     6   -10     6    -2     6   -10   -10     6    14    -4     4    -2     6     6   -10    -2     6     6     6     0     2     6    -2     6     4    -4   -10    10    -6    10    -6    14 
    2    -6    10    -6    -6    -6    10    10     6     2     2     2   -14    10    -2    -6     2     6   -10     2     2    -2   -10    14    -6     2    -2    10    10    -6     2    -6    -6    10    -6     6    -6    10    -6   -14     2     2    10     2     2    10    -2    -2     2     2    -6   -10     6     2    14   -10   -10    -2    -6 
   -6    -4     4     4   -12    12   -12     4    12    12     4     4    -4    -8    -8   -12     0     2    -6     0     0     4     0    12    -8     6    12    -4    12   -12     8    12    -4    -4     4    -4     2    -6    -8     4    -4    -4     0   -12   -12     8    -6     8     0     0    -4     6    -2     0   -12     0     0    -4     8 
   10    12   -12     4   -12    -4     4   -12    12     4    -4    -4   -12    12     0     0    -4   -14    10     4    12   -12     8    -4     4   -10    -4    12    -4     4    -8    12    -4    12   -12     4   -14    10     0    12     4     4     8    -4     0   -12    10     0   -12    -4     0   -10    14     4     4     0    -8    12    -4 
   12    -4    -4     8     8     4    12     4    -8    12     0    -8    16    -2    14    10   -14    12    -4   -10    -6     4     2    -4     2   -12     4    -4   -12    -4    12    -8    -8     4     4    12   -12     4    -8   -16     8     0    -8   -12     2     2   -12   -14     6    10    -2     4   -12    14     4    -4    -2    -4    -2 
   -8   -12    -4    -4    12   -12     4    12     4     4     4    12    -4    12   -16     4   -12     8     0   -12     4    12     0   -12    -4     8    12   -12    -4    12     4   -12     4     4    12    -4     8     0    -4     4   -12    -4    12    -4     4   -12    -8    16    -4    12   -12     0    -8    12    12     4     0   -12     4 
   14     0    -8     8     0     0     8   -16    12     8     8     0     0    -8    -8     0     8     2    10    -8    -8     4    16     4     8   -14    -4    16    -8     0   -16     0    -8     8     0     4    -2   -10     8     0     0    -8     8    -8     0     8   -14     8     8     8    -8   -10    -2    -8    -4   -12   -16    -4    -8 
   10    16     8     0     8     0     8     0    12    -8     0     8    -8     0    -4     0    -8     6    -2    -8     8    12   -12    12     0   -10    12     0    -8     0     0    -8     0    -8   -16   -12    -6     2     0     8    -8     0     0     8     8     0   -10     4    -8     8    -8     2    -6     8   -12    -4    12   -12     0 
   16   -10    14     6     6     6   -10   -18    -6    -2   -10    -2    -2    -6   -10    18   -14     8    16   -14     2     6    -2    -2    -6    16     2   -18   -10     6    14     6     6    14   -10    10    -8   -16     6    -2    -2   -10   -10    -2    -6    -6   -16   -10     2   -14    -6    16     8   -14    -2     6    -2     6    -6 
  -18     2    -6    18     2   -14     2    10    12     6    14   -10     6   -12     6     0     0     6   -10     8    16    -6    -6    18   -12   -18     0    10     2   -14    10     2    18    -6     2   -12     6   -10    14     6   -10    14   -18     6     4   -12   -18     6    16     8     0   -10     6     0    18   -14    -6    -6   -12 
   18   -10   -10   -10     6     6    14   -10     8    -6   -14    10   -14   -16     2     8    -4     2    -6    12    12    14     6   -18     8    18    12   -10    14     6     2     6   -10   -10   -10    16    -2     6    -2   -14    10   -14     6    -6    12   -16   -18     2    12    12     0    -6     2    -4   -18    -6     6    14     8 
  -10    -2    14    -2    -2   -18   -10    -2     2   -10    14     6    -2    -6     2   -10    18   -18    14     2     2   -18   -14    -2    10   -10     2    -2   -10   -18    10    -2    -2    14    -2    -6    18   -14    10    -2     6    14     2   -10    14    -6    10     2     2     2    -2    14   -18    18    -2     2   -14   -18    10 
   -4    16     0    -4     4    -8    -8    16    16     8   -20     4    12     6    18   -14    10    -4   -12     6   -14     0     6     0     2     4   -12   -16     8     8     8    -4     4     0   -16     4     4    12     4   -12    -4    20   -12    -8    10    -6     4   -18    14    -6    14    12     4   -10     0    -8    -6     0    -2 
    8     0    16     0     8     0     8    -8     4     8    -8    -8    -8    16     4    -8     8     0     8     8     8    16   -20    -8     0    -8     4     8    -8     0    16    -8     0   -16     0    12     0     8   -16     8     8     8    16    -8    16   -16     8    -4    -8    -8    -8    -8     0    -8     8    -8    20   -16     0 
    6     2   -14   -14    18     2    18   -14     6    -6    -6    -6    10   -10    -2     6    14     6     6     6    -2     2   -18    18    -2     6     6   -14    18     2    -6    18   -14   -14     2   -18     6     6     2    10    -6    -6    18    -6    -2   -10     6    -2    -2     6     6     6     6    14    18    10   -18     2    -2 
  -16    -2     6    -2    -2    14    -2     6    18   -10   -18     6     6     2     6    18    10    -8     0    -6    -6    14    14   -10   -14   -16    10     6    -2    14     6    -2    -2     6    -2     2     8     0    14     6     6   -18    -2   -10    -6     2    16     6    -6    -6    -6     0    -8    10   -10   -18    14    14   -14 
  -18     2   -22     2   -14    18   -14    -6     0   -18     6   -18    14    -8   -10   -12    -4    -2    -2     4    12   -14    18    -6     8   -18    12    -6   -14    18    18   -14     2   -22     2    -8    -2    -2    -2    14   -18     6   -18   -18     0    -8   -18   -10    12     4   -12    -2    -2    -4    -6    18    18   -14     8 
   12   -10   -10   -10   -10   -10    22   -10    18     6     6     6     6    18   -10    -6    18    20    20     2   -14   -18     6   -18     2    12    18   -10    22   -10     6   -10   -10   -10   -10   -14   -20   -20     6     6     6     6     6     6    10    18   -12   -10   -14     2    -6    20    20    18   -18    -2     6   -18     2 
  -18    -2    14    -2    -2    -2    -2    14     2   -18    -2   -18   -18    -2     2    14   -18   -10   -10    14   -18    -2     2    14    -2   -18     2    14    -2    -2    -2    -2    -2    14    -2     2   -10   -10    14   -18   -18    -2    14   -18    -2    -2   -18     2   -18    14    -2   -10   -10   -18    14    -2     2    -2    -2 
    2    -2    22   -18    14    14   -18   -10    14    14    22   -18    -2    -6   -14     2    -6    10   -14    10    10   -18     2   -10    -6     2    14   -10   -18    14    -2    14   -18    22    -2    -2    10   -14   -18    -2   -18    22    14    14     2    -6     2   -14    10    10    10   -14    10    -6   -10   -10     2   -18    -6 
   -8     4    -4     4    20    20     4    -4    -8   -20   -12    12    -4   -12    -4     4   -20     8    16     4    12   -12    -4    -4   -20     8     8     4    -4   -20    12   -20    -4     4    -4   -16     8    16   -12     4   -12    12    20    20     4    12    -8     4   -12    -4    20   -16    -8    20     4     4     4    12    20 
  -20   -20    12    -8    -8    20    12    20     4     4     8   -16    24    10     6    22     6     4     4    10    14   -20   -14     4    -2    20   -16   -20   -12   -20     4     8     8   -12    20   -16    -4    -4    24   -24    16    -8     8    -4    -2   -10    20    -6   -14   -10   -14    -4    -4    -6    -4   -20    14    20     2 
  -14   -22    -6   -22    10    10    10    -6     2    10    -6    10    10    18    -6   -22   -14   -14     2     2   -14    -6    10    10     2   -14   -14    -6    10    10    -6    10   -22    -6   -22   -14   -14     2   -22    10    10    -6    10    10    -6    18   -14    -6   -14     2    -6     2   -14   -14    10    -6    10    -6     2 
   12     4   -20    -8   -24   -20   -12    20   -18     0    20   -12    12    16    -2     0   -16    20     4     4    24     4   -10    20   -20   -12    10   -20    12    20    -4    24     8    20    -4   -26   -20    -4     4   -12    12   -20     4     0     8   -16   -12     2   -24    -4    24    -4   -20    16   -20    20    10    -4    20 
   16   -12    12     0    16   -20   -12     4    -6    -8   -12     4    -4     0    18     0   -16     8   -24    12   -24   -12    10     4   -12   -16    14    -4    12    20   -12   -16     0   -12    12   -14    -8    24    12     4    -4    12    -4     8    -8     0   -16   -18    24   -12   -24    24    -8    16    -4   -20   -10    12    12 
  -18     6    -2   -10    22    22   -10    -2   -22   -18    22    14    -2   -10   -14   -10    -2   -18    22    -2    14    14    10    22   -10   -18   -14    -2   -10    22    22    22   -10    -2     6    -6   -18    22    -2    -2    14    22    -2   -18   -18   -10   -18   -14    14    -2   -18    22   -18    -2    22     6    10    14   -10 
   -2     6   -18   -10    22   -10    22    14     2    -2   -10    -2    14    -2    -6   -10   -10   -10    -2   -26     6    -2   -14    22    14    -2    10    14    22   -10   -10    22   -10   -18     6     2   -10    -2    -2    14    -2   -10    -2    -2    14    -2    -2    -6     6   -26    -2    -2   -10   -10    22   -10   -14    -2    14 
    6     0    -8   -12   -20   -24     8     8    -6    12   -16     0   -24   -12   -14   -12     4    -6    -6    24    12   -12   -14   -20     0    -6   -10    -8    -8    24     8    20    12     8     0    18     6     6    -8    24     0    16     8   -12     4    12    -6    14   -12   -24   -12     6     6    -4    20   -20    14    12     0 
   10     0    -8    20    -4   -24    24    24   -18     4     8    -8     0     0    10   -24    24    22   -26   -20     0    12    18   -12    -4   -10    -6   -24   -24    24     8     4   -20     8     0    14   -22    26    16     0     8    -8     0    -4    -8     0   -10   -10     0    20   -16    26   -22   -24    12     4   -18   -12     4 
  -12    16   -24     8    16   -16    -8   -16    16   -24     8   -16     0     4    24     4    20    20     4     4     4    -8    16    -8    20    12     8    16     8    16    16   -16    -8    24   -16    16   -20    -4    -8     0    16    -8     8    24    -4    -4    12   -24    -4    -4    20    -4   -20   -20     8     8   -16     8   -20 
    8     0     0     8     0    16    24     8    -8   -16     8   -24    -8     8   -24    16   -16    16   -24    24     0     8     0     0   -16    -8     0    -8   -24   -16   -16     0    -8     0     0    16    16   -24     0     8    24    -8     0    16    -8    -8     8    24     0   -24   -16    24   -16    16     0    16     0    -8    16 
   16    24     0     8    16     8   -16    24    -8    16    24   -16     0    16    12    16    -8     8     8   -16    24    16    -4   -16     8   -16    -8   -24    16    -8     0   -16    -8     0   -24    16    -8    -8   -16     0    16   -24    16   -16    24   -16   -16   -12   -24    16     8    -8    -8     8    16   -24     4   -16    -8 
  -16   -16    -8    20    12    24   -24     8    -2    20     8    -8    16    16   -14    -8     8    16    24    12   -16    16    10    -8    -4    16    10    -8    24   -24   -16   -12   -20     8    16    -2    16    24    -8   -16     8    -8    -8   -20    24   -16   -16    14    16   -12     0   -24   -16    -8     8     0   -10   -16     4 
   -2    -6    -6    -6    10    10     2    -6   -22    10   -14    26   -14    26   -18   -10    26   -10   -10   -22   -22    26    22    10    -6    -2     2    -6     2    10    14    10    -6    -6    -6   -14    10    10    22   -14    26   -14    14    10     6    26     2   -18   -22   -22   -18   -10   -10    26    10     6    22    26    -6 
  -10    10    26    10    -6    -6    18    -6   -10     2    26   -14   -22   -10   -10   -22    -2    14    14    14    14    26     6    -6   -26   -10     6    -6    18    -6    -2    -6    10    26    10    -2   -14   -14    14   -22   -14    26     6     2    18   -10    10   -10    14    14   -30    14    14    -2    -6     6     6    26   -26 
    0   -12   -12   -28     4    20   -12    20     0    12   -20    12   -20   -28    12    12    12    -8    24   -12    -4    -4    28    28    -4     0   -16   -20    12   -20   -20    -4    28    12    12     8     8   -24   -12    20   -12    20    20   -12   -20    28     0   -12     4    12   -12   -24     8   -12   -28     4   -28     4     4 
   -4     4   -12    12    12   -12   -12   -28    12    20    -4    12    12   -12    24   -12   -20     4   -12    12   -20    12    24    12   -12     4   -12    28    12    12   -28   -12   -12    12    -4   -28    -4    12    -4   -12   -12     4    12   -20   -28    12     4   -24    20   -12    12    12    -4    20   -12    -4   -24   -12    12 
    6    -6   -30    -6    10   -22    -6   -14   -24     6    14     6    22    -8     6    12    28   -18    14    20   -20   -14   -30    -6    24     6   -12   -14    -6   -22   -14    10    -6   -30    -6     0   -18    14    14    22     6    14   -18     6    24    -8     6     6   -20    20    -4    14   -18    28    -6    -6   -30   -14    24 
   12    -2    14   -18   -18    -2   -18   -18    18    30   -18   -18    30    22     2   -18     6    28   -20    22     6    -2     2    14     6    12   -14   -18   -18    -2     6   -18   -18    14    -2     2   -28    20     6    30   -18   -18    22    30    -2    22   -12     2     6    22    14   -20    28     6    14   -26     2    -2     6 
    4   -18    30    30    14    14    14   -18    -6   -26     6     6    22     2   -30   -30   -22     0    24    18    26     2   -14   -14    -6     4    10   -18    14    14   -18    14    30    30   -18    18     0    24    22    22     6     6   -26   -26    10     2     4   -30    26    18   -14    24     0   -22   -14    10   -14     2    -6 
   30    18   -14    18   -14   -14    18    18   -18    18   -14   -14    18    14    10   -18   -18   -14    18   -18    14   -10    26   -10   -18    30    -2    18    18   -14   -14   -14    18   -14    18    14    14   -18   -14    18   -14   -14   -14    18    14    14   -30    10    14   -18    14    18   -14   -18   -10   -10    26   -10   -18 
  -14   -26   -10    22     6   -10    -2    22    -4   -14    10   -14    -6    20     2    20     8    26   -30   -24    24   -34    30   -18   -20   -14    24    22    -2   -10     2     6    22   -10   -26     4   -26    30   -10    -6   -14    10    30   -14    16    20    14     2    24   -24    -4   -30    26     8   -18    10    30   -34   -20 
    0    32    16   -24   -32     0     0     8     0     0    16    24    16   -16    16   -12    -8     4    12    24     8    -4     8   -28     0     0     8    -8     0     0    20    32    24   -16   -32    -8     4    12    28   -16   -24   -16    20     0     4    16     0   -16    -8   -24   -12   -12    -4     8    28    -8    -8     4     0 
   -8     0    16   -16    -8   -16     0     8     0    -8     0     8    32   -16   -20    12    24   -12    12    24   -24    20   -20    28   -16     8   -32    -8     0    16    12     8    16   -16     0   -24   -12    12    20   -32    -8     0    28     8    12    16    -8    20    24   -24    -4   -12    12   -24   -28    24    20   -20    16 
  -26   -34    14    14    30    14     6    14     8   -14    26   -14    10    -8     2     8     4    -2   -10   -28    20    22     6     6    32   -26    12    14     6    14    34    30    14    14   -34   -16     2    10    14    10   -14    26     6   -14   -20    -8    26     2    20   -28    16   -10    -2     4     6    10     6    22    32 
    2    22     6   -26     6   -26    -2   -10    14   -10    30   -26    14    14     6    26    14   -30   -30     6    14   -10     6     6    22     2   -18   -10    -2   -26    -6     6   -26     6    22    30    30    30   -14    14   -26    30    -6   -10    -6    14    -2     6    14     6   -30   -30   -30    14     6    18     6   -10    22 
   10    18     2     2    34   -14   -30   -30     6    10    -6    -6   -22   -14   -10    -6    10   -18   -34   -22    10    22    30     6     2    10   -18   -30   -30   -14    -6    34     2     2    18     6    18    34    34   -22    -6    -6    18    10    18   -14   -10   -10    10   -22    -6   -34   -18    10     6   -18    30    22     2 
  -32    -2   -18   -18    -2   -34   -18    -2    -6    22    22   -26     6    18   -18    -6    -6    28     4    10    -6   -30     6    18    18   -32    18    -2   -18   -34   -10    -2   -18   -18    -2    10    28     4    -2     6   -26    22    30    22    18    18   -32   -18    -6    10    10     4    28    -6    18    18     6   -30    18 
    4    36   -28    24     8    -4   -12   -20    -8     4    32    -8    16    18   -22    -2    -2   -20   -20    10    22   -12    22   -20    30    -4    -4    20    12     4    28    -8   -24    28   -36   -28    20    20   -32   -16     8   -32   -16    -4   -10   -18    -4    22   -22   -10    26    20    20     2    20   -28   -22    12   -30 
   20   -12   -20   -32    32   -20   -28   -12    22   -16   -20    -4   -12    20    34    28    28   -28     4    -8    20    -4   -14    28    -8   -20    10    12    28    20     4   -32    32    20    12   -10   -28     4    20    12     4    20     4    16   -12   -20    20   -34   -20     8    12    -4    28   -28   -28    36    14     4     8 
   -4    30     6    30   -34    14   -18     6     6    14   -10    -2   -18    14   -18    30    30    20    -4    14   -18   -34    30     6   -18    -4     6     6   -18    14    14   -34    30     6    30    22   -20     4    -2   -18    -2   -10    30    14    -2    14     4   -18   -18    14   -10    -4    20    30     6   -26    30   -34   -18 
   -6   -30   -30    18    18    34     2    34    -6   -30     2   -30    34   -30    30   -30    18    -6    10    10   -30    18    22   -14    -6    -6    34    34     2    34   -14    18    18   -30   -30    18    -6    10    18    34   -30     2   -14   -30     2   -30    -6    30   -30    10    18    10    -6    18   -14     2    22    18    -6 
  -30   -10     6    22   -10     6    -2   -10     2   -18    22   -34     6    10    -6    14     2   -14     2     2   -14    22    10   -26    10   -30     2   -10    -2     6   -22   -10    22     6   -10    26    14    -2    26     6   -34    22     2   -18   -26    10    30    -6   -14     2   -26     2   -14     2   -26   -14    10    22    10 
    4     8   -32    24    16    -8   -32     8    -8    -8    16     8     8    28     4   -20    -4   -12     4    28   -20    16   -28   -16    12    -4    -8    -8    32     8     8   -16   -24    32    -8    24    12    -4   -16    -8    -8   -16   -32     8     4   -28    -4    -4    20   -28    -4    -4    12     4    16    16    28   -16   -12 
   -8   -32   -24    28     4    -8    -8    -8    10    28   -24    24    16    16   -18    -8   -24    32    -8     4   -32    16    22    -8     4     8    -2     8     8     8   -24    -4   -28    24    32    26    32    -8     0   -16   -24    24    16   -28    24   -16    -8    18    32    -4     0     8   -32    24     8    24   -22   -16    -4 
  -16   -36   -12    -4   -20   -20    -4    20    16    20    28    20     4    12   -12    28    20    16    -8   -20   -12    12   -28    20   -28    16    32   -20     4    20     4    20     4    12    36    -8    16    -8    28    -4   -20   -28    -4   -20    -4   -12   -16    12    12    20    28     8   -16   -20   -20    -4    28   -12    28 
   12    36    20    20   -28     4     4    36     4   -36    28    -4    12    -8    20    -8   -16   -20   -20    -8   -32     4    20   -28   -16   -12   -20   -36    -4    -4    20    28   -20   -20   -36    20    20    20    28   -12     4   -28   -20    36   -16     8   -12   -20    32     8   -24    20    20    16    28    20   -20    -4    16 
   -8     8   -24    36    12     0     8     8    24   -32    12    12   -20    30   -30     6    18    20    12     6   -22   -12     6   -12    18     8   -36    -8    -8     0    36   -12   -36    24    -8    -4    20    12   -24    20   -12   -12     0    32   -10   -30    -8    30    22    -6    -6   -12   -20   -18    12    32    -6    12   -18 
    8    24     8     0   -24    24    24    16   -24     8     8     0   -24   -24   -16    36     0    36    12     0   -16   -36   -24   -12    24    -8     0   -16   -24   -24     4    24     0    -8   -24     0    36    12   -36    24     0    -8    36    -8   -28    24     8    16    16     0   -12   -12   -36     0    12    32    24    36   -24 
   36   -26   -10   -10     6   -26   -10     6    18    30   -18    -2   -34    18    26    -6    -6   -24     0   -30    10   -30    -6    18   -22    36    18     6   -10   -26   -18     6   -10   -10   -26    -6   -24     0    38   -34    -2   -18     6    30   -30    18    36    26    10   -30    -6     0   -24    -6    18    18    -6   -30   -22 
   -2    -6    -6    -6    26    -6    10    -6   -30    10   -38    10    26    -6   -30    -6   -22    26   -38    10    10     6    18     6    -6    -2    18    -6    10    -6   -14    26    -6    -6    -6    34   -26    38   -30    26    10   -38    18    10    26    -6     2   -30    10    10    26   -38    26   -22     6    14    18     6    -6 
   -2    26   -14   -22   -22    26    34     2   -28    -2    14    30     6    32    10   -16    20    22   -26   -20    20   -22    -2    34   -16    -2    32     2    34    26    22   -22   -22   -14    26   -28   -22    26    18     6    30    14   -22    -2    -4    32     2    10    20   -20    -8   -26    22    20    34    14    -2   -22   -16 
   -6   -14    18    18   -30     2   -22   -14     2    18   -38   -14    26   -14    18    38     2    18    18    -6    34    10    18    -6    -6    -6    18   -14   -22     2    14   -30    18    18   -14   -30   -18   -18    38    26   -14   -38   -18    18    22   -14     6    18    34    -6    -2    18    18     2    -6    -2    18    10    -6 
    6    26   -14    10    -6   -22    10     2   -36   -18     6    30    -2   -20    22     0   -24   -10    22   -32    24    10   -22     2    28     6   -16     2    10   -22    -6    -6    10   -14    26    20   -10    22    30    -2    30     6    14   -18   -12   -20     6    22    24   -32   -32    22   -10   -24     2    -6   -22    10    28 
   -8   -18   -10   -34   -34    -2    30    22   -18    -2   -10    -2   -18   -10    14     6    38   -24    32   -10    22    38   -18   -18   -10    -8   -18    22    30    -2    14   -34   -34   -10   -18    30    24   -32   -18   -18    -2   -10   -18    -2   -26   -10     8    14    22   -10   -18    32   -24    38   -18    -2   -18    38   -10 
  -36     4   -20   -24     8    12     4    36     6     0     4   -28    -4     0    -2     0     0    20   -28   -28   -24    36     6    36    12    36    18   -36    -4   -12    28    -8    24    20    -4    -2   -20    28     4     4    28    -4    36     0     8     0    36     2    24    28    40    28   -20     0   -36   -28    -6   -36   -12 
   16     4    28   -32     0   -36   -12    36     6    16    -4    12     4    -4   -14   -12    20   -24    24     0    12    20    18   -12    16   -16    -6   -36    12    36   -28     0    32   -28    -4     6    24   -24    20    -4   -12     4    36   -16    12     4   -16    14   -12     0    36   -24    24   -20    12    12   -18   -20   -16 
    6     6    30   -26   -26   -10    22    -2   -10     6    -2   -10    38   -30    18   -22    34    -2    38     2    18   -18     2   -10   -14     6   -10    -2    22   -10   -26   -26   -26    30     6    22    -2    38    22    38   -10    -2   -10     6    10   -30     6    18    18     2   -14    38    -2    34   -10    22     2   -18   -14 
  -26   -26   -34    22   -10   -10   -10    -2    14   -26   -18     6    22    18     2     2   -30   -26   -34     2    18    30    34   -26    34   -26    -2    -2   -10   -10     6   -10    22   -34   -26    -2   -26   -34   -10    22     6   -18    22   -26     2    18   -26     2    18     2   -22   -34   -26   -30   -26   -10    34    30    34 
   22   -10   -26    22   -26     6    30   -26    20   -14    10    34    -6   -20   -14   -28   -16   -18    22    16     0    -2    14    14     4    22   -32   -26    30     6    26   -26    22   -26   -10    12    18   -22    -2    -6    34    10    22   -14   -16   -20   -22   -14     0    16   -20    22   -18   -16    14     2    14    -2     4 
  -30    -2    14   -34    -2    14   -26    -2   -10   -18   -10   -34    38    30     2   -22   -34   -14   -14    -2    14    30    26    14    14   -30    -2    -2   -26    14    34    -2   -34    14    -2    14    14    14   -22    38   -34   -10   -14   -18   -38    30    30     2    14    -2     2   -14   -14   -34    14   -38    26    30    14 
    6   -20   -12    36     4    -4    36    36   -12    12     4   -12   -36   -24   -24    12   -16   -34   -10    32   -16   -12     0    12    24    -6   -12   -36   -36     4   -16    -4   -36    12    20    20   -34   -10    32    36    12    -4    24   -12   -36    24     6    24    16   -32   -12    10    34    16   -12   -24     0    12   -24 
  -14    -4    12    40    24   -12     4   -12     0    28    24   -24   -24    22   -18   -18    10    -6    -6     6   -30     4   -30   -36   -14    14    12    12    -4    12    24   -24   -40   -12     4   -12    -6    -6    -4    24    24   -24   -12   -28    14   -22   -14    18    30    -6   -22     6     6   -10    36   -16    30    -4    14 
   26   -38    18   -22    26    10    -6    34   -24    38   -18    22     6    -8    30    12   -20   -22   -22    20   -36    10    -6   -30     8    26   -12    34    -6    10    18    26   -22    18   -38   -16   -22   -22    30     6    22   -18    30    38   -24    -8    26    30   -36    20    -4   -22   -22   -20   -30    18    -6    10     8 
   12   -18    22    30   -34    30   -18   -10    18     6    14     6    38   -30    -2    18   -22    12    36    -6    -6     6   -10    14    18    12    10   -10   -18    30   -10   -34    30    22   -18   -30   -12   -36    14    38     6    14    -2     6    -6   -30   -12    -2    -6    -6    10    36    12   -22    14     6   -10     6    18 
  -24    16   -24     4   -20    24    40     8    22    36     8    -8     0    16    18    -8     8    16    -8   -20   -16    40    26   -16    28    24     2    -8   -40   -24     8    20    -4    24   -16   -26    16    -8    32     0     8    -8   -16   -36     8   -16   -24   -18    16    20   -32     8   -16    -8    16   -16   -26   -40   -28 
   -8    -8    32   -40    16    40    16   -24    -8    16    24    32   -32    24    -4    16    16   -16    16    -8   -16   -24   -20    -8    32     8   -40    24   -16   -40    24   -16    40   -32     8    16    16   -16    -8    32   -32   -24     8   -16   -24   -24     8     4    16     8    24   -16    16   -16     8   -24    20    24   -32 
   30   -12    -4   -12   -28    20    12    12    12   -12    20   -28    12   -12   -28    24   -12    14   -26    28    36    36    36   -36   -36   -30   -12   -12   -12   -20   -32    28    12     4    12   -28    14   -26    -8   -12    28   -20     0    12    -8    12    30    28   -36   -28    -8    26   -14    12    36   -32   -36   -36    36 
  -30   -12   -28     0    32    12    -4    -4   -12    12    -8    24   -24   -22    38   -30     6     2   -14    34   -34   -28    18    12   -42    30     0     4     4   -12     8   -32     0    28    12   -16     2   -14   -12    24   -24     8   -36   -12   -30    22   -30   -38    34   -34   -10    14    -2    -6   -12   -24   -18    28    42 
   28    16   -32   -12    -4    40     8    32    16    -8    20    12   -12   -22   -26   -26     6    12    20    26    -2     8   -14    -8    30   -28    -4   -32    -8   -40    16     4    12    32   -16    12   -12   -20    36    12   -12   -20   -28     8    -2    22   -28    26     2   -26    26   -20   -12    -6     8    -8    14    -8   -30 
   16   -32    16    16    24    32    -8    -8   -20    40    24     8    -8   -16    28    16    -8   -16    24    24    24   -40   -12     0   -32   -16    12     8     8   -32   -24   -24   -16   -16    32    20   -16    24     8     8    -8   -24    24   -40     8    16    16   -28   -24   -24   -16   -24    16     8     0   -40    12    40    32 
  -40    36    -4    28    28     4   -12    -4    16    -4   -36   -28     4   -20   -16   -20    44    -8    16     4   -20     4    16   -20     4    40    16     4    12    -4    12   -28   -28     4   -36    40    -8    16   -20    -4    28    36   -20     4    20    20   -40    16    20    -4    28   -16     8   -44    20    20   -16    -4    -4 
    4   -20   -20    20   -12    -4    -4    28   -44    28     4     4    36   -24    -8    40    16   -28   -12    24     0    12    32    -4   -16    -4     4   -28     4     4    44    12   -20    20    20     4    28    12    20   -36    -4    -4     4   -28    16    24    -4     8     0   -24    -8    12    28   -16     4   -20   -32   -12    16 
    0    30    14   -18   -34    -2    14    -2    18   -42   -10   -26   -26   -30    14    -6    42    12   -12    42    10    18   -10     2    18     0    26    -2    14    -2   -26   -34   -18    14    30    18    12   -12    14   -26   -26   -10    14   -42    18   -30     0    14    10    42    10   -12    12    42     2    18   -10    18    18 
    2   -30     2    34   -30    34    18    34   -18     2   -14    34    18    22     2    30   -10   -42   -42     6    22   -26    18     6   -26     2    30    34    18    34   -38   -30    34     2   -30   -18    42    42    42    18    34   -14    -6     2   -34    22    -2     2    22     6   -18   -42   -42   -10     6    14    18   -26   -26 
