9 0
200
    1     1     1     1    -1    -1     1    -1    -1 
    0     0    32     8     0     0     0     0     0 
    6     6     4     2     2     4     8     6     4 
    1     1     1     1     1     1     1     1     1 
    7 0     7 0     1 0     1 0     2 3     2 3    -7 5     2 3     2 3 
   48    16    32     8    96    96    16   224    16 
 -154 -22  -157 60  -157 60  -157 60  -157 60  -157 60  -154 -22  -157 60  -157 60 
    1 0     0 -1     0 -1     0 -1     0 -1     0 -1     1 0     0 -1     0 -1 
  285 -330   -15 -105   -15 -105   -15 -105   -15 -105   -15 -105   285 -330   -15 -105   -15 -105 
   -1 2     2 0     2 0     2 0     2 0     2 0    -1 2     2 0     2 0 
   -3     4     4     4    -8    -8    -1    -2    -8 
    0     0     0     0     0     0     0     0     0 
    0     0     0     0     0     0     0     0     0 

    1     1     1     1     1     1    -1    -1    -1 
    1     1     1     1     1    -1     1     1     1 
    1     1    -1     1    -1    -1     1    -1    -1 
   -1     1     1     1    -1     1    -1     1    -1 
    1    -1     1    -1     1     1    -1     1    -1 

   -1    -1    -1    -1    -1    -1     1     1     1 
   -1    -1    -1    -1    -1     1    -1    -1    -1 
   -1    -1     1     3     3     1    -3    -1     1 
   -1    -1     1    -1     1     1    -1     1     1 
    0     0     0     0     0     0     0     0     0 
   -2     2    -4    -4     2     0    -2     0     2 
   -4    -6    -4     0    -4     0    -4     0    -4 
    0    -4    -8     0    -8     0     8     8     0 
   -1     1    -1     1    -1    -1     1    -1     1 
    2    -2     0    -8    10     4   -10     8    -2 
   -2    -8     2    -6     2    -2    -2    -6     2 
   -4     0    -2   -10   -12     2   -12     6    -4 
  -12   -12     8     0     4     0    -4     0    12 
   -6     4     4     0    -2   -12    -2     4    -6 
    2     4   -10   -10    10    10   -10   -10    -2 
   -2    -6    -2    -6     2     6    -2    -6     2 
    0     0     6   -10    -8    -6    -8    -6     0 
  -12   -10     0     4     0   -12     0    -4   -12 
    4     8     4     4     4    12     4     0     4 
    2    -4    -8     4     2   -16     2    12     2 
    8   -12     4     4    12     4   -12    -4    -8 
  -10     8   -12     0    -6   -12    -6    -4   -10 
   12    -8     0     8    -8     0    -8     0    12 
   10   -10    -6     6   -10    -6    10     2   -10 
  -10     2    -6    -2   -10    -6    10    14    10 
  -16    -8     2     2    -8    14    -8     2   -16 
    2    -6    -6     6    -6   -14     6    -2    -2 
  -14     0     4    -8   -14    -4   -14    -8   -14 
  -16    -4    -8     0     4    16    -4     0    16 
    0   -14     6   -10    16   -18   -16     2     0 
   -4   -12   -14     2   -20     6   -20   -10    -4 
    2     6    10    -6    14    -6    14   -18     2 
   -6     8   -18     6    14    18   -14     6     6 
  -16    14    -6     2    24   -14   -24     2    16 
   -2    18    -2    -2   -18    14   -18   -18    -2 
    6   -22   -20    -4     6    -8    -6    -4    -6 
  -16    -4   -12     4   -20    -4   -20   -20   -16 
   -2    -6    -6   -10    -2    10     2   -10     2 
    4   -12     4    12   -20    12    20     0    -4 
    4   -20    -4   -20    12   -12   -12   -24    -4 
  -20    -2     2    10     4    10    -4   -22    20 
   -2   -10    -2    10    14    -2   -14     2     2 
    8    20    -8   -24   -20     0    20     8    -8 
    0    24    -8    16    -8    24     8   -20     0 
   20   -24     8    24   -20   -16   -20   -24    20 
    8    18   -20    16     0   -16     0    16     8 
    4   -20    -8   -16     0    16     0    -8    -4 
    0    10    28     0   -28   -16   -28    -8     0 
  -20    -8     6   -18    -4   -22    -4     6   -20 
    2    -6   -10   -10    -6    14    -6     6     2 
   -2   -16     8     4    -6     0    -6     8    -2 
  -18   -12    16   -12    -6     0    -6     0   -18 
  -18     6     2   -30    18    18    18    -2   -18 
    2   -14    10   -18   -18    18    18   -22    -2 
    6    18   -18    22    18    30    18    10     6 
  -18     6   -18    -2    -2   -18    -2    -2   -18 
   26   -28     6    22     2    10    -2   -18   -26 
   -8   -10     4     0    20     0    20     0    -8 
  -16   -24   -32    16    32     0    32   -28   -16 
   -8   -28     2    26    16   -10    16   -22    -8 
  -30     8    -2   -10    22   -14   -22   -10    30 
  -30    -6    14    30   -10   -18   -10    22   -30 
   -2   -18     6    18   -14   -18    14    -6     2 
   -4   -36    -4   -28    20     4   -20    -4     4 
   -6   -22     4    12   -30    -8    30   -12     6 
    6   -34     2    18    -6    18    -6   -30     6 
   36    30    22   -26    28     6   -28    26   -36 
  -18    22    -6    26    22     2    22   -30   -18 
  -20    28    24   -16   -24   -32    24    24    20 
   -8   -26    20   -16    -4   -16    -4    32    -8 
    4   -10   -16     4   -20    20   -20    28     4 
    6    -8    24   -20    -2   -16    -2    36     6 
    0    20    24    -8     8   -24     8    -4     0 
    6    -6     8    24   -22    12    22   -12    -6 
   34   -26     6    14     6     6     6    18    34 
    2    34     6     6   -30    30   -30   -26     2 
  -12   -36    30    -2    -4   -22    -4   -18   -12 
   -2     2   -18    10    14    -2   -14   -14     2 
   10   -10   -38   -10   -30    -6    30   -10   -10 
  -14    -2    18    -2   -18    18    18   -22    14 
    4    -4    20    28   -12   -12    12   -32    -4 
    8   -24     4    20   -12    12    12     4    -8 
   -4    26    10   -22   -12    10    12    26     4 
  -20    18    -6   -22     4    10    -4    -6    20 
    2    10     2    -6   -10   -22   -10   -14     2 
   14   -10   -14    38     6   -14    -6   -18   -14 
    2    18    28    -4   -18   -24    18    24    -2 
   -4    10    32     4   -36    12   -36    36    -4 
   12   -18    -2    30    36   -18   -36   -30   -12 
  -34   -16     6    14   -34    18    34   -10    34 
   -8    32    24   -40   -40    32   -40    32    -8 
  -24   -16    -8    16    32   -32   -32    40    24 
   12   -12    12     4   -28   -36    28   -36   -12 
  -20     0   -12   -36    20   -12    20    -8   -20 
  -20    32    16   -24    24   -16    24    32   -20 
   16     8    32    16    12   -32   -12     8   -16 
   20   -42    -8   -20     4    -4     4    -4    20 
  -20    20    28   -12    20    20    20   -12   -20 
   -6   -10    22    30    10   -42    10   -10    -6 
    0    28   -18    30   -24    42   -24    42     0 
  -22    -6   -14    14   -22   -30    22     6    22 
  -18   -20     6     6    14    42   -14    22    18 
   10    10   -22     2   -18     2   -18    26    10 
   -2     2     2    30     2   -38    -2   -10     2 
   32    30    16   -12   -24   -12   -24   -28    32 
   12   -28   -28    28   -28    36    28   -12   -12 
  -10    -6    -8    16    10   -12   -10    36    10 
    0   -16    32   -16    12     0   -12    24     0 
   42     2   -22    26   -34   -30   -34     2    42 
   26   -38     2   -42   -18    -6    18   -18   -26 
   12     4   -44   -12    44     4   -44    12   -12 
   -4    24   -12     4    20    28   -20    -4     4 
  -22     8   -20     8    10    -4    10   -16   -22 
  -32   -32    24    40    32   -40    32     0   -32 
   14    24   -10   -18   -10   -30    10    30   -14 
    4   -14     6    -2    -4   -18     4     2    -4 
  -12   -12    12   -28   -32    28    32    -4    12 
   32    36     4     4   -12    -4   -12    44    32 
  -32     0   -24   -32   -40   -48   -40    44   -32 
   30    22   -24     0    26    36   -26   -12   -30 
   34   -12   -22   -30   -18   -18    18    34   -34 
  -18     2    30    22    -6    30    -6   -34   -18 
  -38    10   -10    38   -22    14   -22    38   -38 
   34    22   -50   -10    10   -34    10    22    34 
   -6    24   -24    44    -2   -24    -2    48    -6 
   -4     8   -36    36    36   -12   -36    12     4 
   26    28   -16    20   -38   -16   -38   -20    26 
   -8    42   -40    28    24   -28    24    20    -8 
   42    -8    18   -46   -22   -26    22    26   -42 
  -26    50    22   -38    38   -26   -38    -6    26 
   24     0   -32     0     8     0    -8   -52   -24 
   16   -32    24    16     0   -24     0   -36   -16 
   -8     0   -16    24   -48    -8    48    -8     8 
    8    22    28   -24   -12   -40   -12    24     8 
  -34    -8   -20   -32    -2    -4    -2   -32   -34 
  -12     2    -4    40     4    32     4     0   -12 
  -46   -10    22    38    10   -10    10   -42   -46 
  -38    10   -42   -22     6    -2    -6   -38    38 
    2     6   -26     6    14     6    14    -6     2 
  -14    24    -6    -6   -10     6    10    26    14 
  -44   -10   -14    26    12    42   -12     6    44 
  -54    42    30    -2    46   -18    46     6   -54 
  -20    20    16   -32    40    40   -40    16    20 
   48    -8    16    24    44    56    44    32    48 
    2    10   -34    18   -30    -2    30   -30    -2 
   10    12   -14    -6   -30    -2    30    50   -10 
  -44   -30    20    32   -24    24   -24    24   -44 
    8    48    16   -48    48   -48    48    12     8 
   30   -34    10    10     6    50     6   -22    30 
  -22    14    44    44   -22    -8    22   -36    22 
  -20     4    44     4     4   -20    -4    -4    20 
  -24   -30    28    24   -24     0   -24    32   -24 
   12   -56    48     8    28     0   -28    48   -12 
  -46    50    18    58   -50    18   -50   -42   -46 
  -30   -22     2    18    50    18    50    34   -30 
  -32   -34    -8     4   -36   -52   -36    52   -32 
   40   -24   -52   -36    44   -44   -44    28   -40 
   16   -32   -44   -28    36   -20   -36    12   -16 
  -44   -32    12   -44   -20    44   -20    36   -44 
  -24    20   -40   -24    12     0   -12   -40    24 
  -40    32   -48     8   -28     0    28   -48    40 
    6   -18    34    34   -42    -6   -42   -14     6 
  -18    46    18   -54    10   -30    10    46   -18 
  -12    -4    28   -28    -4    36     4    16    12 
  -18    -8    24   -12    18   -24    18   -40   -18 
  -24    36    12   -20   -44   -36    44    12    24 
  -10    22    36   -36   -46   -48    46   -56    10 
  -10   -36   -26    46    42    18   -42    22    10 
   22   -46   -30   -38    18    -6    18    -6    22 
  -28    34   -52   -48   -20     0   -20   -48   -28 
   44   -52    48   -16   -12    24    12    24   -44 
  -12   -48   -16    48    52   -32   -52   -16    12 
   28   -32   -40    48     4    -8    -4   -56   -28 
    0   -30    26   -30    48    42   -48   -42     0 
  -14    34     6   -10   -34     6   -34   -18   -14 
  -22    12   -14   -38    10    -2   -10   -54    22 
   10    14    38   -14   -38   -50    38   -14   -10 
  -16     8    16     0     8   -32    -8    32    16 
  -34   -14     0   -56   -10    28    10   -48    34 
   50   -54    -6    10   -30   -54   -30   -38    50 
   24   -40   -30    10     8    30     8    -2    24 
  -38    10   -42    62   -50    54   -50    18   -38 
   28    20    30     6   -28    -6   -28   -38    28 
   48   -24   -16    24    24    56    24    -8    48 
  -16    12    48    32    28    -8   -28   -40    16 
   26   -54    46     6     6    14     6   -10    26 
   14   -22   -50    26    26    22   -26    58   -14 
   24    64     8    24    24    24   -24   -12   -24 
   12    16    16   -40    12   -24    12   -48    12 
  -48    38   -22    58    32   -30   -32   -34    48 
  -42   -48    -6    42    14   -18   -14   -30    42 
  -36    16   -28    28   -28   -28   -28    36   -36 
   40   -32    -4   -20    28     4   -28    -4   -40 
   10    14   -14     2    38     2    38   -46    10 
   48     2    54   -34   -64    -2    64   -18   -48 
   26    28    16   -28    18    32    18   -36    26 
   28    -8   -36    20    28    20    28    12    28 
   48    48    38    30   -40    42   -40    -6    48 
   62   -66    14   -50   -34   -18   -34    54    62 
  -10   -38    26    58    -6    42    -6   -18   -10 
