2 0
200
    1     1 
   12    36 
    6     6 
    1     1 
    1 0     1 0 
   12    36 
   65 -43    65 -43 
    1 0     1 0 
    0 -108     0 -108 
    2 -1     2 -1 
    3     3 

    1    -1 
   -1     1 
    1     1 

    0     0 
    0     0 
    0     0 
    0     0 
   -3     3 
    0     0 
   -6     6 
    6    -6 
   -1    -1 
    8     8 
   -4    -4 
    2     2 
    3    -3 
   12   -12 
   -4    -4 
   -9     9 
   -6     6 
   -6     6 
    6    -6 
   -7    -7 
    2     2 
   -3     3 
    0     0 
   -6     6 
  -15    15 
    8     8 
    2     2 
  -16   -16 
   14    14 
   -6     6 
   18   -18 
    3    -3 
    6    -6 
   14    14 
   23    23 
    2     2 
   -4    -4 
   -1    -1 
   -9     9 
  -15    15 
    2     2 
   23    23 
    0     0 
  -24    24 
   11    11 
   20    20 
  -19   -19 
   26    26 
  -22   -22 
   -4    -4 
  -12    12 
  -21    21 
  -18    18 
   12   -12 
   21   -21 
  -18    18 
  -10   -10 
    6    -6 
   18   -18 
  -28   -28 
  -16   -16 
   12   -12 
   -9     9 
   -1    -1 
  -34   -34 
  -24    24 
   15   -15 
  -34   -34 
   17    17 
   14    14 
   -4    -4 
   29    29 
   24   -24 
  -18    18 
    6    -6 
  -12    12 
   20    20 
  -16   -16 
   18   -18 
   24   -24 
   27   -27 
    3    -3 
   29    29 
   17    17 
   32    32 
  -40   -40 
  -12    12 
  -36    36 
  -30    30 
  -24    24 
   14    14 
    5     5 
  -18    18 
   12   -12 
  -25   -25 
   32    32 
  -34   -34 
   20    20 
    3    -3 
  -24    24 
   45   -45 
    6    -6 
   17    17 
   -7    -7 
  -24    24 
  -18    18 
   12   -12 
   24   -24 
   24   -24 
   18   -18 
   32    32 
   17    17 
   20    20 
  -22   -22 
   -6     6 
  -21    21 
   14    14 
   23    23 
   24   -24 
  -42    42 
   12   -12 
   15   -15 
   14    14 
  -25   -25 
  -15    15 
  -39    39 
   -7    -7 
   20    20 
    8     8 
    8     8 
    3    -3 
  -21    21 
   32    32 
   -4    -4 
   23    23 
   50    50 
  -37   -37 
   26    26 
   21   -21 
  -30    30 
  -18    18 
  -42    42 
    8     8 
  -31   -31 
   14    14 
   38    38 
    0     0 
   42   -42 
  -34   -34 
   14    14 
   44    44 
  -12    12 
  -18    18 
  -42    42 
  -18    18 
  -52   -52 
    5     5 
  -28   -28 
    8     8 
   24   -24 
   -9     9 
   12   -12 
   30   -30 
   48   -48 
   39   -39 
  -18    18 
  -18    18 
  -12    12 
   57   -57 
   -6     6 
    0     0 
    2     2 
   -1    -1 
   27   -27 
   24   -24 
   20    20 
    2     2 
  -19   -19 
  -40   -40 
  -21    21 
  -42    42 
   18   -18 
  -36    36 
  -46   -46 
  -19   -19 
   47    47 
   11    11 
    9    -9 
  -21    21 
   39   -39 
   36   -36 
   20    20 
  -19   -19 
  -25   -25 
   29    29 
   11    11 
   38    38 
  -36    36 
    3    -3 
  -15    15 
