7 0
100
    1    -1    -1     1    -1    -1     1 
   32     0     0   120     0     0  -432 
    8     8     8     3     2     6     3 
    1     1     1     1     1     1     1 
    1 0     2 3    -5 3     1 0     7 0     2 3     1 0 
   32   192    96   120   120    48  -432 
 -292 75  -112 90  -112 90  -292 75  -112 90  -112 90  -292 75 
    0 -1    -1 0    -1 0     0 -1    -1 0    -1 0     0 -1 
   45 -195   225 -180   225 -180    45 -195   225 -180   225 -180    45 -195 
    2 0     2 0     2 0     2 0     2 0     2 0     2 0 
   20     8     2   120     4     4  -200 

   -1    -1    -1    -1     1     1    -1 
    1     1     1     1     1    -1    -1 
    1    -1    -1    -1    -1    -1     1 
    1    -1    -1     1     1     1    -1 
    1    -1    -1    -1    -1     1     1 

    0     0     0     0     0     0     0 
   -1    -1    -1    -1    -1     1     1 
   -3    -3    -3     2     3    -1     2 
   -1     1     1     1     1     1    -1 
   -1     1     1    -1    -1    -1     1 
    4     0     2    -5     2    -6    -3 
    0    -8     6     6     0     0     6 
    0     8     2    -6    -4     0     6 
    8     8     2     2     8    -4     2 
    8    -8    -4    -3    -4    -4     5 
   -2     6    -6    -4    -6     2     8 
    2    -2    10    -9    -2   -10    -1 
    0     8     0    -3   -12    12     3 
    0     8    -2     8    -8    12    12 
    6     2    -6     0     6   -10    -4 
   -1     1     1     1     1    -1    -1 
  -10   -10     2    -9    14    -6     9 
   12    -4    14    -5    -4    12    -3 
   -4    12    -6     0   -12    12     0 
  -12     4   -10    -7   -16    -4    -7 
    0     4    -2    -7    -8    -4    -7 
    0   -12     6    13     6     6     3 
    0    -8    16     2    -8   -12     6 
    2     6   -10    10     8     0    -6 
    6    10   -10     0    14     6     0 
  -14    -2    -2    -6     4     8    14 
   -2   -10    -6    -1   -12     8    -1 
   -8     8    14     7    -4   -16    -1 
    4     8    -6   -13   -12     8    11 
  -10     2   -18     1    18     6    15 
   -2    -6    14     4     2   -18   -12 
   14   -14   -14     9    10     6    -9 
   -6     2    18    -9   -18    18     9 
   22    -2   -14   -13    -2   -10   -13 
    6   -22   -14    22     4     8   -10 
  -20   -16   -24    16     6     2   -16 
   -4   -20   -10    16    -4   -16   -16 
  -14    -6   -22   -20    14    26     8 
   12   -24    -8     2    10     6     6 
   20    12    18    -7     0     0    15 
   -2   -10   -14   -16   -14   -10   -16 
  -10   -18   -22    19    14    14    11 
    0     8   -10   -25    20    12     9 
    0     4    12   -10     6    18     6 
   16    -8    14    14     8     8   -10 
    4     0   -14   -16    -8    -4     8 
  -16    28   -14     9   -14     2    -7 
   24   -16    16    14     4    -4   -10 
    6     6   -10    22   -10    14    14 
   14   -10    26   -13    14   -10    11 
   20   -16    -2    -5    -2    30   -27 
    4    20    24    30     0   -12   -18 
   -2   -22    -6    -3    -6   -18    27 
   18   -22    -2    -7    -2    18    15 
   18   -26    14   -31    14     6    15 
   10    10     6   -14    24     0     6 
   14    18   -14    -8   -26    14    20 
   -4   -28   -12    12   -18   -30     0 
    4   -28    28    28   -26    -6    24 
   -6   -26   -18    26   -12   -16     2 
   10   -30   -22     6   -22     2   -22 
   34    -2    14   -30     2     6    -6 
   34    -2     2    15     2     6    33 
   28    -4     0    -8    12    20     8 
  -20    20    -8   -28    16     8   -28 
   14     2   -34    28   -10    -6    12 
   -2    18     6    12   -30   -18   -24 
  -10    26    10     2    10    14   -10 
    0    32   -28    -6    -4    -4   -22 
   28    28   -18   -16     6   -10   -16 
  -20   -28    16    25   -20   -28    17 
  -20    20    -6   -10    12    20    26 
  -12    24   -32    21   -20    36   -21 
   12     0    16    -1    -8    24    33 
   10    18   -22    24    -4   -12     0 
   -6   -30   -34   -19     8     0   -21 
  -10    -6   -14    14    -8   -28     2 
   30    22   -18    14   -18   -34   -22 
   -2   -34   -18    30   -36   -12   -30 
   18    38   -22   -10    20   -12   -30 
  -36   -16    36   -22   -18   -30    -6 
  -36    36   -26    17   -20    12    -9 
    6   -10     6   -29   -30     2    35 
    6   -26   -38    26   -26    26    26 
  -26   -30    26    -2    14    38    14 
   -6    10   -14     8   -38     2   -16 
   16    12    16     9    28   -36    -9 
  -16   -12    -4    -4   -16   -24    12 
  -34   -10    30    15    24     0   -15 
    6     2   -10    15   -22    -6   -15 
  -16    16    20   -28    20   -28   -40 
   24    -8    -8    -8    -8   -40     8 
  -16   -12   -12    -4   -12   -12    36 
   28    36    42    -6    36   -36   -18 
    0   -20    32     6     2   -34   -22 
   20    24   -14    -9     4    32    23 
   24    36    -2    24    40    -4   -16 
    4   -28   -44     4   -20    20    -4 
   18    26   -18   -34    36   -12   -18 
   18    18   -26    19    28   -36    21 
