4 0
100
   -1     1     1    -1 
    0     0   -40     0 
    3     3     5     5 
    1     1     1     1 
    2 3    -2 1     1 0     2 3 
   72     8   -40    32 
  221 -147   221 -147   -98 -16   221 -147 
    0 -1     0 -1     1 0     0 -1 
  147 147   147 147  -147 98   147 147 
    2 0     2 0     1 -1     2 0 
  -18    -2   -20     2 

    1     1    -1    -1 
    1    -1     1    -1 
    1     1     1     1 

   -1    -1     1     1 
    1     1    -1    -1 
   -2    -2    -2    -2 
   -1     1    -1     1 
   -1    -1     1     1 
    1     3     3     1 
    1    -5    -5     1 
   -8     0     0    -8 
   -8     0     0     8 
   -3   -11    11     3 
   -3    -3    -3    -3 
    6   -10   -10     6 
    3    -3     3    -3 
  -11    -3     3    11 
    0     0     0     0 
    1     1     1     1 
   -3    -5    -5    -3 
    9    -5     5    -9 
    4    12   -12    -4 
    3   -11   -11     3 
    4    -4    -4     4 
   -3     9     9    -3 
   -9     3     3    -9 
  -15     5    -5    15 
    6   -18    18    -6 
   11    -5     5   -11 
   17    -9     9   -17 
   -5    -9     9     5 
    3    -7     7    -3 
  -11   -15   -15   -11 
    1   -13   -13     1 
    3     1     1     3 
   14   -22   -22    14 
  -17   -19    19    17 
    2    -2     2    -2 
   23    -1    -1    23 
   -1    21    21    -1 
    2    -2    -2     2 
  -11    15    15   -11 
   -4   -12   -12    -4 
    5    17   -17    -5 
    5     9    -9    -5 
    4     0     0     4 
   27     5     5    27 
   15   -19    19   -15 
   -7    -5     5     7 
    7   -19    19    -7 
  -11     1    -1    11 
   22    10   -10   -22 
  -15    -1     1    15 
  -21     5    -5    21 
  -15    -9     9    15 
   27    -1     1   -27 
   23     1    -1   -23 
   21     7    -7   -21 
  -17    25   -25    17 
   23     9     9    23 
   -5   -11    11     5 
  -13   -15    15    13 
   19    -1     1   -19 
  -14    26   -26    14 
    5    -9    -9     5 
   22   -30   -30    22 
   20   -28   -28    20 
    3   -27   -27     3 
    9    21   -21    -9 
   26     6    -6   -26 
   -7   -27   -27    -7 
   17    27   -27   -17 
    8   -36    36    -8 
   -1    19    19    -1 
    3   -25   -25     3 
  -16     0     0    16 
  -25   -15    15    25 
  -18   -26   -26   -18 
  -33    -9    -9   -33 
    3     3    -3    -3 
   13   -37    37   -13 
   15    13    13    15 
   25    27    27    25 
  -16     4    -4    16 
  -12    -4     4    12 
  -26     6     6   -26 
    6    -6    -6     6 
  -17    11   -11    17 
   29    -9     9   -29 
  -16   -20   -20   -16 
  -31    35    35   -31 
  -37   -27   -27   -37 
  -15    -1    -1   -15 
   19     9     9    19 
    9    29    29     9 
   11   -23    23   -11 
    4     8    -8    -4 
   40    16    16    40 
   35    11    11    35 
    3    27    27     3 
   21   -35   -35    21 
    1     7    -7    -1 
   -2   -18    18     2 
