3 0
200
    1     1     1 
  -20     0   -12 
    5     4     3 
    1     1     1 
    1 0    -5 3     1 0 
  -20     8   -12 
 -114 13    34 55  -114 13 
    1 0     1 0     1 0 
  -76 114   266 76   -76 114 
    1 -1     3 -1     1 -1 
   -6    -1   -10 
   -1     0    -1 
    0     0     0 

    1     1     1 
    1     1     1 
   -1    -1    -1 

   -1     0     1 
    1     1    -1 
   -1    -1    -1 
    0     0     0 
    4    -1     0 
   -2    -2     6 
    1     0    -3 
   -1     2     3 
    8    -4     4 
    8     0     4 
   -2    -2     2 
    2    -8    -2 
    8   -12     0 
   -8    -5     0 
    5     8    13 
   -1   -11    -3 
    1     6     3 
   15    10     9 
   15    -8     9 
   -3    -3    -5 
    3     2     5 
    2     8    -6 
    2   -11    -6 
    0    -9    12 
    0    -5    12 
    2   -13    10 
   -2    -8   -10 
    6    -6   -14 
   -6     9    14 
   14     0     6 
  -14    18    -6 
   17   -14     9 
  -17    -1    -9 
   -2    -6   -22 
    2    -3    22 
  -16    -9    20 
   16    12   -20 
   25    -6     1 
    0     4     0 
    0    -9     0 
  -22    -8    -2 
  -22     6    -2 
   -7    -1    -3 
   -7   -21    -3 
  -25   -16    11 
  -25     0    11 
   14     8    26 
  -14     4   -26 
  -10   -22   -22 
  -10   -18   -22 
    2    25     6 
    2     4     6 
   -8    -5   -12 
    8   -22    12 
   30   -26    -6 
   30   -27    -6 
   25     4    25 
    7   -18   -21 
    7   -20   -21 
  -29    24    19 
   29   -23   -19 
   27    -6     9 
  -27   -11    -9 
  -17    -8     1 
  -17    -9     1 
   -9   -30    15 
    9    -6   -15 
    1     1     1 
   28    22   -28 
  -28    11    28 
   15    -4    -7 
   15    24    -7 
   26    14   -18 
  -26   -24    18 
  -30   -14    18 
  -30   -18    18 
   -8   -27   -20 
    8   -28    20 
    8   -10     0 
    8     5     0 
    0   -28    12 
    0     0    12 
   13    12   -17 
   13    16   -17 
  -14    10    -2 
   14    28     2 
  -26   -35   -18 
   26    24    18 
  -10   -34    18 
  -10    34    18 
   -4    25     4 
    4    18    -4 
   -2   -21    18 
    2   -32   -18 
    2    -2    -2 
   -2    27     2 
   40    -9    -4 
   40    27    -4 
  -30   -26    30 
  -30    -1    30 
   28   -13    36 
   28    17    36 
   37   -28   -11 
  -37     7    11 
   12   -44    12 
  -12    -4   -12 
    0    24    24 
    0    36    24 
  -18    26     6 
   18   -34    -6 
  -10     0    10 
  -10   -14    10 
   32   -24   -16 
   32   -12   -16 
  -42    25    -6 
  -42    13    -6 
  -26    -3   -22 
   26   -16    22 
  -23    -9   -27 
   23    48    27 
  -36    -6    24 
   36    -9   -24 
  -23   -21   -13 
  -23    37   -13 
   -4   -21   -36 
    4     0    36 
   42    -1   -10 
   42   -28   -10 
   30   -15    10 
   30    49    10 
    5    51   -39 
    5   -47   -39 
  -17    28   -37 
   17    16    37 
   32   -19   -40 
   32    25   -40 
    2    27    -2 
   -2   -40     2 
   -9    -4   -51 
    9   -43    51 
    3    17   -39 
   -3   -32    39 
   29    44    41 
  -29    24   -41 
   15   -38   -11 
   15   -10   -11 
   20    51   -48 
   20    36   -48 
  -33    -6    23 
   50   -20   -14 
   50    24   -14 
  -54    -6    18 
   54     9   -18 
  -18   -19   -18 
  -18    47   -18 
  -34   -32    34 
   34    -9   -34 
   53    30   -37 
  -53   -19    37 
  -12    34   -48 
  -12    42   -48 
  -55     7    33 
  -55   -17    33 
  -12     3   -48 
   12    36    48 
   28   -35   -12 
   28    33   -12 
    8    -8   -12 
   -8    10    12 
    6    28    30 
   -6     3   -30 
    8   -26   -20 
    8   -26   -20 
  -36    60   -24 
   36    19    24 
  -47    10    -5 
  -47    58    -5 
    0    58   -32 
    0    40   -32 
   30   -19    30 
   30   -26    30 
  -18   -42    30 
  -18   -28    30 
   47    53   -53 
  -47    52    53 
   26    -6    22 
  -26    41   -22 
   39   -46    51 
  -39   -24   -51 
   30   -21     6 
   30    18     6 
   56    37    -8 
  -56    10     8 
  -34   -58    34 
   34   -14   -34 
   -8    -2    56 
   -8    38    56 
   57    -2    51 
   57   -57    51 
  -24    45   -12 
