2 4
100
   -1     1 
    0    16 
    4     2 
    1     1 
   -5 3     1 0 
   12    16 
 -127 85   -85 57 
    0 -1     1 0 
  -85 -85    85 85 
    2 0     1 -1 
    4    24 

    1     1 
   -1    -1 
   -1     1 

    0     2 
    1    -2 
   -3     3 
    0     0 
    1     1 
   -2    -2 
    8    -6 
    0     6 
   -8    10 
   -4    10 
   -5     2 
  -10    -2 
    7    12 
    4   -12 
    8    10 
  -12   -10 
    6    10 
  -10     8 
  -10     8 
   -8    -8 
    5     8 
    1    -2 
  -15    -2 
   12    -6 
   -4    -6 
   10    -2 
    1     2 
   14   -12 
   11    12 
   18    -6 
   10     6 
   15     2 
   12    -2 
    2     6 
   17    -6 
   12    -2 
   21     2 
   10    22 
  -25    24 
   16    24 
   19   -26 
  -10   -26 
    7    -8 
   -3    -8 
    0     6 
   -3     6 
   -9    16 
    6   -16 
   22    10 
  -27    10 
   -6    28 
  -12    28 
    3     2 
   24    -2 
  -20    10 
  -12    10 
    1    -1 
    0     6 
  -17     6 
  -28    -2 
   10     2 
   30   -10 
  -17    10 
    4   -16 
    7   -16 
  -23    14 
  -22   -14 
   29   -38 
    8   -34 
  -29    34 
   11    -2 
   13    -2 
  -14     0 
    7     0 
   15    26 
   -9    26 
    6    14 
  -27   -14 
  -18   -18 
  -25   -18 
   24   -18 
  -34   -18 
   16   -26 
   -2   -26 
    1    34 
   26   -34 
    9    24 
  -14   -24 
   -6   -18 
   11   -18 
    2    36 
   -4   -36 
  -12    28 
  -18   -28 
   -1   -22 
  -28    22 
   25   -14 
    5   -14 
  -27   -34 
   -1   -34 
