10 0
200
   -1    -1    -1     1     1     1     1    -1    -1     1 
    0     0     0    40    12    12    40     0     0   -72 
    7     5     5     5     3     3     2     1     5     1 
    1     1     1     1     1     1     1     1     1     1 
    7 0     7 0     7 0     1 0     1 0     1 0     1 0     7 0     7 0     1 0 
  400     4    40    40    12    12    40    60   196   -72 
  257 -49   257 -49   257 -49    22 59    22 59    22 59    22 59   257 -49   257 -49    22 59 
    0 -1     0 -1     0 -1     1 0     1 0     1 0     1 0     0 -1     0 -1     1 0 
 -330 220  -330 220  -330 220   198 -22   198 -22   198 -22   198 -22  -330 220  -330 220   198 -22 
    2 1     2 1     2 1     1 -1     1 -1     1 -1     1 -1     2 1     2 1     1 -1 
  -16    -2    12    20     6     6    20     4    68   -36 
    0     0     0     0     0     0     0     0     0     0 
    0     0     0     0     0     0     0     0     0     0 

    1     1     1     1     1     1     1     1    -1    -1 
    1     1     1    -1     1    -1    -1    -1     1    -1 
    1    -1     1     1     1    -1     1     1     1     1 
    1    -1     1     1    -1    -1     1    -1    -1    -1 

   -1    -1    -1    -1    -1    -1    -1    -1     1     1 
   -3    -1    -1    -1     1     1     2     3    -1     3 
   -1    -1    -1     1    -1     1     1     1    -1     1 
    0     0     0     0     0     0     0     0     0     0 
    3    -2    -1     1     0     2    -2    -4     0     3 
    0     0     0     0     0     0     0     0     0     0 
   -8    -3     4    -4    -3     3     2    -5    -9     0 
   -2    -6    -6     2     6    -6     8    -2    -6     8 
  -10    -7    -2     2     5     7   -10     3     7   -10 
   -4    -8     0     8   -10     8    -4   -10    -2     6 
   -1     6     1    -5    -2     6     4    -2     2    -1 
   -6     2     2    -2   -10    -2     4     2    -2     4 
    9   -13     3   -11    -9   -13     4     7    -3    -7 
    0    -6    -8     0    -6     6     0     6    -6    -8 
    5    -5    11    -1    -1     5   -10     9     1    11 
   13    -2    -5     9    -6    -2   -12   -14     6     9 
    5     5    -3    -5    -9    -5    10    -3     3    -1 
    0   -15     0    12     3   -15     0    -9    -3     2 
   -7     4    -3     9   -12     4   -12     4    12   -11 
   13   -12    -5   -13     2    12     8   -14    10    -3 
  -14    -6    10     6     4    -6     6     8     8    -2 
   -6     9    -6     2    -3     9   -16    13     9   -12 
    5    -9    -9     9    15    -9     0    -9    -3     5 
   -6    12    -2     6     0   -12    -6     8   -12    -4 
  -14    14    -2     6     6   -14     6     2    -6    14 
   12    13    -4     8    13   -13     2   -13   -11    14 
    3    -6     7     7    14    -6    -2     6     2     9 
    1    -8     5     7    -8     8    16    -8    -8    -9 
  -14    11   -18    14   -13    11    -4   -13    -1    -6 
   -3    14     9   -15     0    14   -18    12    12    -1 
   11   -12     1     5    -6    12    -4    18    -6    19 
   18    -7     2   -18    -3     7    18   -13    -3    12 
   18    -5     2    -6    -9    -5   -12    15     9    10 
   18    16    -2    18   -20    16    18     4    20    -2 
  -10    13    14    22    -1   -13    10    21   -11     8 
   -5     6   -21   -25    14     6    20    14    14   -11 
   -2    -8   -14    18    -2     8   -12     6    22   -20 
  -22    -8    -2   -18     8     8   -12    -8    -8    18 
  -10   -23    22   -10     3    23    20     1     3   -12 
   -3   -21    15    15     9    21   -18     3    15   -17 
    7    18    23    17   -26   -18     2    -6    22   -11 
   15    -7    15    -7   -17     7   -10     5    -5   -19 
    7    12     7    21     6   -12    12    -2    -6   -13 
  -26    22   -18    10   -24   -22     4   -20   -12    10 
    0    -6    24   -16   -26    -6   -10   -18     2   -24 
    5    21     7     1    25    21   -20    17    11    25 
   16    14    -8     4     2    14    16    -6    14     2 
   19    18     3     1    -8   -18     4     4     4   -25 
   -7    -9   -17     5   -23    -9     8   -11   -13     1 
   10    23     6     2   -23    23    20     5   -13    10 
    8    26    20    24     0    26    18    12   -24    -2 
   29    12   -27     1    12    12     4    -4    24    -5 
   -3     1    27    -1    -3    -1     2     3   -21    -5 
   -3     7     5   -19    27     7     2    27     3    -3 
    1   -15    15   -11    15   -15    16     3    -3    -3 
   12    22    -4    20   -24    22     2    -4   -12   -30 
   20    13   -24   -20    25   -13    10     7    25   -10 
  -10     8    -6    18   -18     8     0     2   -18    24 
  -23   -30   -33   -31   -12   -30     2    32     0     3 
   26   -25    22   -10    -1    25    26     9     1    14 
   14     2    14   -22    -8     2    14    28     8     2 
  -22    14    14   -18    -6   -14    18    -2     6   -32 
   14     6   -26    -2    -6     6   -26   -22   -30     0 
  -20    14   -28   -32   -20   -14   -20    -8   -20    22 
   22   -28     6   -34   -20    28   -28   -28   -20   -14 
   10   -34   -18   -10    12    34   -10    32    12    10 
  -20    18   -16     0    30    18    30   -10    -6     6 
   18   -12     6    10    10   -12    -2   -34     2   -12 
   22     0    -6   -26    26     0    -8    22    26    32 
  -24     4     0    32    10    -4    -4     2    10   -16 
  -11    -8   -27     1   -16    -8     4   -16    20   -29 
   12    29    -4   -20    11    29    -8   -17    11    -4 
  -11    19   -15   -21   -21   -19    24   -19    -9    27 
    1    22    -9     1    24    22   -14   -12   -12     7 
    2     3    -6   -26   -15     3    22    -3   -27   -12 
  -31    -2    27    -7    -6    -2    14   -30    30    -9 
  -27     2    25    15    -8    -2    18   -20    -8     1 
   30    29     6     6    35    29    30   -25    -1   -34 
   36   -10     0     0   -18    10     6    -6     6    18 
   21    -2    15     3   -18     2    36   -30     6    -3 
  -23   -29    19   -21    33    29   -18   -21    -9   -17 
   20    -4   -24    20    12     4    20   -12    36   -30 
    8   -37    12    20    17    37   -22   -13    19   -22 
  -32     2    24     8    26    -2    38   -26   -26    -6 
    4     3    16   -28    -5    -3    14   -11    19    14 
  -30    -2    10   -30   -10    -2    30     6    26     6 
   18     3   -30   -14     9     3    28   -11    15    12 
   -4   -10     0    36     6    10   -24    26     6    26 
  -11   -26    27     7     6    26    34    -6   -30    15 
   30    20   -14    -6   -36   -20   -30    20   -36    -8 
  -27     2    13    -1    22    -2     8     2    22    25 
    4    22   -20   -24    -4    22    24   -32    32    24 
   29    19    25    21    21    19   -36    33   -27    33 
   20    10   -12    -4    -6   -10    20   -26   -30   -28 
   22   -15    -6    -6    29    15   -18   -37     7    22 
   32   -37    -8   -24     7   -37    12    -9    29     8 
    6     4   -26     6   -20     4     6    -4   -16   -24 
   38    28    30   -14    28    28   -32     4    20   -40 
  -10    27   -22    -2     9    27   -20    21    27    22 
    6    -6     6    10   -18    -6   -14   -10   -42   -20 
   14    25   -30    38    45   -25    14     3    -3    30 
  -23    26    35   -25    30   -26    32   -38   -42   -15 
  -14   -12    22   -10     2    12    -4   -38    -2   -22 
  -42    23    10    10   -17    23    28   -25    -7   -22 
   33    -4    23    47    24     4     8   -16     0   -27 
   21    12   -23    45   -12    12   -24    36   -36   -43 
  -22    16    38    -6   -24   -16    18    16    24   -14 
  -24   -37   -40     0   -21    37   -24     5    15     0 
   -6   -26   -10    38    36    26    44    24    24    26 
   27    -8    47    31   -12    -8   -38    -4    12    17 
    4     4   -32    12    28    -4   -36   -28   -44     8 
  -10   -36     6   -18   -26    36     0   -10    10    26 
  -31   -14    15    -7   -20   -14    14    -8    20    39 
  -29   -16    -7    15    16   -16   -24    40   -16     7 
  -18    30     2   -42   -36   -30   -18     0   -24    30 
  -33    35     9    21   -45   -35   -18   -27   -27     9 
  -19    -2   -35    -7    -4    -2    -4    -8   -16    -9 
   14     4   -10    26   -44    -4    44    12    16    14 
    7    49    35    17    -3   -49    32    19     9   -39 
   35     8    21    11   -12     8   -10    12    12    -7 
   50    26   -10   -42    36    26    30    40   -48   -36 
  -30   -18     6    42     0    18     0    -4    24   -28 
    2     2   -26    34    28     2    22   -48     8    14 
    1   -20    -5   -23    22   -20   -14   -22   -46    31 
   -6   -19    34   -38   -33    19     4    29    39    30 
   22    36    50    -2   -36    36   -38    -4    24    12 
  -35   -23    33   -35    11   -23   -20   -25   -13     9 
   -9    20    -1    27    14    20    36   -46   -22   -11 
   16   -16    32    32   -46    16    -4    10    10   -10 
  -28   -14   -32    -8    44    14    -8   -16   -44   -18 
   37    42    -3   -33   -42   -42    12   -30    42    -3 
  -24     6    36   -20   -12    -6    16   -40    12    30 
  -16    10   -24    40    46    10   -26   -42   -10   -16 
   20   -26   -44   -40     8    26   -40    -4    28    28 
   25    10    15   -31   -14    10    50     2   -46    31 
   -4   -49    12   -12    -5   -49   -24   -53    17   -12 
    8    18   -36    44   -22   -18    38    22    22    20 
    3     2    25   -29    28     2    -2    48    32   -43 
  -34     6   -14     6    12    -6   -24   -24    24   -26 
   42   -46   -26   -42    -6   -46   -18    26    30   -18 
   36   -13    -4   -40    33   -13   -34   -35   -27    -8 
  -14   -27    -6    10    27    27    46    33   -15   -32 
  -14     5   -50    38    29     5    -4    37   -31    50 
   19   -41   -25     5    -5    41   -16   -35    31    33 
  -14   -26   -38    -2    -2    26   -14    18   -38     2 
   17    14   -11    19   -20   -14    22     8   -20    -3 
  -47    48    23   -23    12    48    -2   -12    48   -25 
  -10   -22    -6    42    12   -22     0    24    24    -2 
   41    14   -11   -35    14    14   -14   -34   -22   -21 
   26     5   -14    -6   -17    -5    36   -19   -41    48 
  -20   -50   -32    24    -8    50     0     4    40    -8 
  -40    40    32     8     0   -40   -40   -56    48   -32 
   32   -38    32   -56     0   -38    22    36    24   -16 
   14    30   -34    -2    12    30    34    16   -48    18 
   48    51    24     4    51    51   -32   -53   -51    42 
   32    25   -24    24    47   -25    42     5    49   -36 
   40    39   -12    -4    13    39   -40   -55   -13    40 
  -17   -15   -37     7    23   -15   -32   -21    -1     3 
  -58   -12    22    54    52    12    12    -4    28    -4 
   36    54   -24    12   -18   -54    36    50     6    30 
   60    12    12    28    12   -12    40   -12   -48    32 
  -42     5    38    30    21     5   -12   -27    51    12 
  -14    -4    18   -14    42    -4    46    14   -30    10 
  -58   -46    42    42   -42   -46   -18   -18   -18    30 
    8   -19    52    -8   -45    19    28   -15   -21    28 
    3   -42    -3    13   -54    42    28    30   -18     3 
    6    26     2   -30   -36   -26   -24     0   -48   -30 
  -22    39    10    30   -33    39    48    47   -39   -54 
  -42    -9    34   -38    51     9    58   -27   -45   -44 
   31     3    -5   -15    39    -3   -24     1   -21    49 
   16   -54    48    24    36   -54   -54    16     0    -8 
   20   -42   -52    40     2    42    40   -58    -2   -40 
  -30     4   -30     2    56    -4   -10   -40    16    26 
  -26    -7   -14     6    39    -7    24    -5    21    54 
  -25    -5    55     9   -27     5   -30    15     9     9 
   50    46   -22    -2   -32   -46   -50    12   -20    50 
  -45   -40    23     9   -20    40   -30    60    16    15 
   37    11   -31    11    -5   -11    32     5    31   -57 
   27     6    19    49    40    -6    -8   -36     4    39 
   26   -42   -46    18   -12   -42     6   -24    12   -18 
   -6    -6    26    14    18    -6   -16     2    54    10 
   -6   -46   -50   -38    30   -46   -56   -18    -6   -26 
  -10    18     6   -18   -48    18    30    12     0    44 
   -6   -40   -22    10   -58    40     4   -10   -26   -40 
  -45    58   -35    35   -32    58   -10    20     8    13 
   46   -35   -50    34    23    35   -14   -27   -59    46 
   19   -28   -47    19   -32   -28    34    -8   -40   -15 
   32     1    40    16     9     1    52    33   -21    32 
   19    18   -13    -7     6   -18   -16    18   -18   -33 
  -42   -12   -34     6    42    12    48    26   -54    50 
   54   -22    30    26    54    22    14    18   -18   -10 
  -30   -53   -30    46   -59    53   -20    15    37    42 
  -33   -16    19   -25    -4   -16   -28     4   -28   -53 
  -33    28    45    -7   -64   -28   -28    -8   -32    19 
  -56    46    36    28   -26    46    64    14   -22   -14 
  -56    -1    60    36    49    -1   -36    21   -25   -40 
    2   -10    62   -62   -62   -10    22   -22   -34   -34 
   43    36   -15    19    54    36    58    42    66    33 
   60     5    44    28    15     5   -50   -21     3    20 
    3    45    29     9    21   -45   -42   -45    27     1 
