4 2
200
   -1    -1    -1     1 
    0     0     0  -144 
    8     5     4     6 
    1     1     1     1 
   -2 1    -2 1    -2 1     1 0 
   80    16    16  -144 
  -97 83   -97 83   -97 83   -97 83 
    1 0     1 0     1 0     1 0 
   54 180    54 180    54 180    54 180 
    2 -1     2 -1     2 -1     2 -1 
   20     4    -4   -36 

   -1    -1     1    -1 
   -1    -1    -1    -1 
    1     1     1    -1 
    1     1    -1     1 

    0     0     0     0 
    0     0     0     0 
   -1    -1    -1     1 
   -2     1     2     0 
    4     1     2     0 
   -4    -1     0     4 
   -2    -5     4     6 
    0     0     8    -2 
   -2     4     0    -8 
    2    -4   -10    -8 
    4     4   -10    -2 
   -6    -3   -10    -6 
    6    -6    -2    -6 
   12     0     8     2 
  -10    -4     2    -2 
    6     6    -2     8 
    6     9     2     4 
    8    -4   -10     0 
  -12    12     8     0 
  -12    12   -10     4 
    4     1    -4    12 
  -12    15     8   -10 
    6   -12     6     6 
    6    -3     2    14 
  -10    -1     6   -10 
    6    -3   -12   -18 
  -10    14   -16    14 
  -10   -16    20    -8 
   -4     8    -8     4 
   -6     9   -14   -18 
   -1    -1     1    -1 
   -6    12     8    10 
   10    -8    -6    18 
   -4    -7     4   -22 
    8     5    12    18 
  -16   -16    -8   -12 
    8     5   -14    12 
   10    10    22     6 
    4    -2   -12    16 
   12   -15   -12    16 
   -2   -20    14     2 
   -4    23    12    14 
    8    20   -20    -6 
  -10    14    18    -6 
   16   -11     0    16 
   14     5    14    20 
   18     0    16    20 
   -8   -14   -20    -8 
   20   -22     2    10 
   -6    -6   -10    14 
   12    18    20   -16 
  -28    -4   -12     8 
   30   -18     6    -2 
   -2    -8    30     6 
   -6    24    10     0 
    0     0     8    16 
   26   -25    16   -30 
  -18    15   -20    10 
   14    20     4    30 
  -22    -4    -6   -14 
   -6     0   -22    34 
   12     6    24   -16 
   -4   -13   -14   -28 
   -4   -22     4    20 
  -12    -3   -12    20 
    6    -9   -26    14 
  -26     4    16     6 
  -30   -21    12    26 
   12    24   -16   -16 
  -28   -16     4   -32 
   -8    22   -24   -28 
   -4   -10   -16     4 
   30     0    32    34 
  -14   -23   -24    -2 
    6   -36   -22   -36 
   18    -6     6     8 
   26    23   -14    34 
   -4    -4     2    22 
   26     2   -32    34 
   -6   -15    18    10 
   28    16     4   -40 
   36   -12    12    -8 
  -26     4    22   -30 
    2     2   -14    34 
   -2    19   -36   -14 
  -34     2    18   -22 
   20    14     6    24 
  -36    -6    -6     0 
   10    -8    -8   -14 
  -34   -16    30    18 
   22   -17   -22   -16 
  -18    18   -40    -8 
   24   -18    -6    20 
    8    20   -18    20 
  -12    21    16    24 
    2    11     2    -4 
  -28   -19   -28    36 
  -24     3     6   -28 
  -18   -18     2     8 
   42    30    14   -36 
  -14   -14    12    10 
  -30    33   -18   -22 
    2   -43    -2   -42 
  -38    -2    14   -34 
  -36    45   -36   -16 
  -36   -36   -32    24 
   -8   -14   -40    10 
  -30    21   -48   -14 
  -18    27    18    -2 
  -10    26     4     6 
  -36    -9   -20    36 
  -40    17    26    12 
   22   -38   -12   -32 
   32   -28     0     4 
  -22   -25   -46    18 
   -2    37   -30     2 
   -4   -46   -16   -20 
  -20   -32   -28    20 
   24    18   -24   -10 
   12   -12    -8   -14 
  -24   -24    28    44 
  -20    34   -10   -48 
  -18    18    14   -10 
   20   -13     0    26 
    0   -12     8    40 
   20    26    28     8 
  -28    20    48    -4 
   20   -49   -28    44 
  -16     8    46    18 
   28   -20   -38    42 
  -28    35   -16     6 
   28    13   -12    -6 
   22    28   -40    44 
  -42    21   -26   -52 
  -22   -46    24     0 
  -32    -8    -8    44 
  -52    38   -52    -2 
   42    12     2    10 
   40    31    38    52 
   20   -40    36   -24 
  -18     0   -30    12 
  -52     8    12    20 
   26    47    50   -12 
   14   -34    -4    28 
   20   -40   -46    18 
  -38     7   -30     6 
    4   -44     0   -42 
  -10   -31    56   -10 
  -42   -39    36    34 
   40   -44   -40    20 
   36   -18    -4     4 
    6    21   -24    30 
  -18     0   -16    42 
    2   -46    22    14 
   30   -33     6    38 
    4    34   -16    44 
   36   -42    36   -28 
  -28   -52   -44   -36 
   36     0   -12    28 
  -22   -28    58   -18 
   46    46    38     2 
   54   -12    14    42 
  -30    30    46    18 
  -36   -42   -12    52 
   12   -39    32   -12 
   36    15   -40    -8 
  -48    36   -42   -40 
  -22    47   -18     2 
    2     5   -58    10 
    0    30    24    46 
   -6    51    24    14 
  -62   -29   -42   -48 
   18   -30     8   -24 
    8    29   -18   -24 
  -48   -18   -36    60 
  -16   -10   -14   -50 
   20   -28   -46    30 
  -34   -16    32     4 
   46   -59   -10    20 
  -26    19   -30   -34 
  -14    52   -10    14 
   46   -20    10   -44 
  -22    -7    62    48 
   26    23   -30   -48 
  -28   -37   -40    20 
   12     6   -36   -26 
   22    34   -26    -6 
    8   -37    32    42 
   38   -64    26    -6 
  -40     5    46    -8 
   18   -18   -42    40 
   -4    -4    28    36 
    4   -56    24    28 
  -46    26   -58   -42 
   14   -13     2    -2 
   20    20    22    -4 
   44   -10   -32   -28 
   36    42     8    60 
  -64    38     6    64 
   18     6   -14    38 
