2 0
100
    1     1 
  -16   -32 
    4     2 
    1     1 
    1 0     1 0 
  -16   -32 
  248 -135   248 -135 
    0 -1     0 -1 
  105 165   105 165 
    2 0     2 0 
   -6   -14 

   -1    -1 
    1    -1 
   -1     1 
   -1    -1 
    1     1 

    1     1 
   -1     1 
    1     3 
    1    -1 
    1     1 
   -4     0 
   -8    -4 
    0     0 
    0   -10 
   -8    -4 
    6     2 
  -10     8 
    8     8 
   -8     4 
   -6     6 
  -10    12 
    6     2 
   -4     6 
   -4    14 
   -4    12 
   12    -4 
   16     0 
    0    -6 
   10    10 
    2     2 
   18    12 
    2    12 
   16    -8 
   -8    -8 
  -14   -16 
   18   -14 
  -22     0 
   18    16 
    6   -20 
   -2   -22 
  -20     0 
   -1    -1 
  -22     2 
  -12   -24 
   20    18 
  -10   -10 
   22    -2 
    0   -16 
   16   -12 
   16   -18 
    8    26 
  -16    24 
   -8   -16 
   14    14 
    6   -14 
  -12    -2 
  -12   -12 
    2     2 
   18   -10 
  -18   -14 
   14     6 
    2    34 
    0    24 
    0    12 
  -22    22 
   -6    14 
   30    -2 
   30     2 
   36     4 
    4    30 
    2    26 
   18     2 
   34     2 
   16     8 
  -16    -4 
  -36    -8 
   28    -4 
  -16     0 
   24   -32 
    6   -38 
    6    -6 
  -18    -8 
   14    -8 
  -38   -18 
  -30    30 
  -12   -12 
   20    26 
    6    34 
  -26    -6 
    2    34 
    2    20 
   36     4 
   -4    -4 
   -6     6 
  -30     6 
   -8    -8 
   16    24 
  -36     8 
   36   -12 
   32    24 
   24   -16 
   20   -24 
   36   -12 
  -26   -10 
   30     6 
