2 0
100
    1     1 
   12    28 
    3     1 
    1     1 
    1 0     1 0 
   12    28 
  -40 -53   -40 -53 
    1 0     1 0 
 -200 40  -200 40 
    1 -1     1 -1 
   14    42 

   -1     1 
   -1     1 
   -1    -1 
    1     1 

    1     3 
   -3     1 
    0     0 
    1    -1 
    1     1 
    2     2 
   -6     6 
   -1    -1 
   -5     5 
    3     9 
   -1    -7 
   -3    -3 
    0     0 
    2    -2 
   -1    13 
  -11    -1 
   -9     3 
    4     0 
  -10     6 
   12   -12 
   12    -4 
   -3     1 
   -3    -3 
    3    13 
  -15     3 
    0   -12 
    2     2 
   -4     4 
   -4    -4 
   14    -6 
    6   -14 
   12    -8 
  -12     0 
   17    23 
  -13   -21 
    7    25 
    3    11 
    6    10 
   24    24 
    2    18 
   -2    10 
   -2    10 
   24    16 
    8    24 
   -7   -11 
  -25    19 
    4    16 
    2   -10 
   -2    -2 
  -20   -16 
  -20     0 
  -18     2 
  -18     2 
   18    -2 
   -2   -14 
   18   -10 
   11    13 
  -27   -15 
    5   -11 
   14   -10 
    4   -20 
    3   -17 
  -17    -7 
   18     6 
   -2   -10 
  -36     4 
    6   -14 
   23   -17 
   36    -8 
   -2   -22 
    4    28 
  -10   -34 
   16    28 
    2    18 
   -4   -24 
  -24    20 
  -18   -18 
  -30     6 
   -1   -15 
    1    27 
  -24    20 
    6    30 
   -8    -4 
   20     8 
  -32    28 
  -28    20 
   12    -4 
   24     8 
  -14    -2 
    6    10 
  -18    22 
  -26    14 
   -5   -39 
  -11   -27 
   38   -18 
   12    24 
   -4     0 
   18     6 
   22   -14 
    8    20 
