3 31
100
    1    -1    -1 
   80     0     0 
    4     8     6 
    1     1     1 
    1 0    -2 1    -2 1 
   80    16    24 
 -166 -111  -166 0  -166 0 
    0 -1    -1 0    -1 0 
  333 -111   333 0   333 0 
    2 0     2 0     2 0 
  132    -2    -6 

   -1    -1    -1 
    1    -1    -1 
   -1    -1    -1 
   -1    -1    -1 

    0     0     0 
   -1     1     1 
    1    -3    -1 
   -2    -2     0 
    2     2     0 
    0     0     0 
   -6    -6     6 
    6     6    -6 
  -10    -2     8 
  -10    -2     8 
    1     1     1 
    1     1     1 
   -8     8   -12 
    8    -8    12 
   14    14     2 
   -6    -6    -6 
    6     6     6 
  -10   -10     6 
   10    10    -6 
   -8     8    -4 
   -8     8    -4 
   12   -12     0 
  -12    12     0 
    6   -10     0 
   -6    10     0 
  -18    -2   -10 
  -18    -2   -10 
    6   -18    -4 
    6   -18    -4 
  -14    18    12 
   14   -18   -12 
  -18    -2   -18 
   18     2    18 
   18    18     2 
   18    18     2 
   14   -10    20 
   14   -10    20 
    6    22    26 
  -14     2     6 
   14    -2    -6 
   10   -22   -22 
   10   -22   -22 
  -10     6     6 
   10    -6    -6 
  -10    -2   -16 
  -10    -2   -16 
  -16     0     8 
  -16     0     8 
  -10   -10   -10 
  -10   -10   -10 
    2    18   -18 
   -2   -18    18 
    2    18    12 
   -2   -18   -12 
  -10     6     6 
   10    -6    -6 
  -14   -30    14 
   -2    30   -18 
    2   -30    18 
    6     6   -22 
    6     6   -22 
  -18    14    18 
   18   -14   -18 
  -10   -18     8 
  -10   -18     8 
  -34    14   -24 
   34   -14    24 
   38    22    26 
   28     4    32 
   28     4    32 
    0    -8   -28 
    0    -8   -28 
   14    30    -6 
  -14   -30     6 
   10    -6   -24 
  -10     6    24 
    2    34   -22 
    2    34   -22 
  -30     2     0 
   30    -2     0 
   -4   -36   -12 
    4    36    12 
  -30     2   -22 
  -30     2   -22 
   34     2    38 
   34     2    38 
  -16     0    36 
   16     0   -36 
  -14    18    36 
   14   -18   -36 
   14     6   -16 
   14     6   -16 
  -18   -18   -18 
   18    18    18 
    2    10    20 
    2    10    20 
   10    18   -28 
   10    18   -28 
  -30   -30    30 
   30    30   -30 
