3 31
200
    1    -1    -1 
   80     0     0 
    4     8     6 
    1     1     1 
    1 0     1 1     1 1 
   80    16    24 
 -166 0  -166 0  -166 0 
    0 -1     0 -1     0 -1 
  111 -111   111 -111   111 -111 
    2 0     2 0     2 0 
  -26     2     6 
   -5    -1    -3 
    0     0     0 

    1    -1    -1 
   -1    -1    -1 
   -1    -1    -1 
   -1    -1    -1 

   -1     1     1 
    0     0     0 
    1    -3    -1 
    2     2     0 
   -2    -2     0 
    0     0     0 
    6     6    -6 
   -6    -6     6 
  -10    -2     8 
  -10    -2     8 
    1     1     1 
    1     1     1 
    8    -8    12 
   -8     8   -12 
   14    14     2 
    6     6     6 
   -6    -6    -6 
   10    10    -6 
  -10   -10     6 
   -8     8    -4 
   -8     8    -4 
  -12    12     0 
   12   -12     0 
   -6    10     0 
    6   -10     0 
  -18    -2   -10 
  -18    -2   -10 
    6   -18    -4 
    6   -18    -4 
   14   -18   -12 
  -14    18    12 
   18     2    18 
  -18    -2   -18 
   18    18     2 
   18    18     2 
   14   -10    20 
   14   -10    20 
    6    22    26 
   14    -2    -6 
  -14     2     6 
   10   -22   -22 
   10   -22   -22 
   10    -6    -6 
  -10     6     6 
  -10    -2   -16 
  -10    -2   -16 
  -16     0     8 
  -16     0     8 
  -10   -10   -10 
  -10   -10   -10 
   -2   -18    18 
    2    18   -18 
   -2   -18   -12 
    2    18    12 
   10    -6    -6 
  -10     6     6 
  -14   -30    14 
    2   -30    18 
   -2    30   -18 
    6     6   -22 
    6     6   -22 
   18   -14   -18 
  -18    14    18 
  -10   -18     8 
  -10   -18     8 
   34   -14    24 
  -34    14   -24 
   38    22    26 
   28     4    32 
   28     4    32 
    0    -8   -28 
    0    -8   -28 
  -14   -30     6 
   14    30    -6 
  -10     6    24 
   10    -6   -24 
    2    34   -22 
    2    34   -22 
   30    -2     0 
  -30     2     0 
    4    36    12 
   -4   -36   -12 
  -30     2   -22 
  -30     2   -22 
   34     2    38 
   34     2    38 
   16     0   -36 
  -16     0    36 
   14   -18   -36 
  -14    18    36 
   14     6   -16 
   14     6   -16 
   18    18    18 
  -18   -18   -18 
    2    10    20 
    2    10    20 
   10    18   -28 
   10    18   -28 
   30    30   -30 
  -30   -30    30 
   10    26    30 
  -10   -26   -30 
  -38    42   -22 
  -38    42   -22 
  -18   -18   -30 
   18    18    30 
  -36   -12   -12 
   36    12    12 
  -22   -22    30 
   22    22   -30 
    4   -20   -28 
    4   -20   -28 
   38    14    20 
   38    14    20 
  -30   -30    18 
   30    30   -18 
  -14    26    32 
  -14    26    32 
    2    18    18 
   -2   -18   -18 
   -6    42   -36 
    6   -42    36 
  -38    10    14 
  -38    10    14 
   26    42   -30 
  -26   -42    30 
   -8   -40    44 
   -8   -40    44 
    6    38   -46 
    6    38   -46 
  -36    20    36 
   36   -20   -36 
   18    10   -40 
   18    10   -40 
  -32   -24   -40 
  -32   -24   -40 
  -22    10     2 
  -22    10     2 
  -26   -26   -18 
   26    26    18 
   38    38     0 
  -38   -38     0 
   36    28   -40 
   36    28   -40 
   14    30     2 
   14    30     2 
   40     0    48 
  -40     0   -48 
  -38   -22   -10 
   34    26   -28 
   34    26   -28 
  -44    12   -24 
   44   -12    24 
   -2   -34    18 
    2    34   -18 
   26   -46   -16 
   26   -46   -16 
   -2   -42   -28 
   -2   -42   -28 
  -50   -18   -30 
   50    18    30 
  -30   -46     6 
   30    46    -6 
   42    26   -30 
  -42   -26    30 
  -40    16    12 
   40   -16   -12 
  -22    -6   -36 
   22     6    36 
   44   -52    36 
  -44    52   -36 
   10   -30   -40 
   10   -30   -40 
    6   -10    36 
   -6    10   -36 
   30   -34    38 
   30   -34    38 
   36   -28   -16 
   36   -28   -16 
   30   -50   -60 
  -30    50    60 
   18   -30   -42 
  -18    30    42 
  -18   -10    -4 
  -18   -10    -4 
   34    18    26 
   34    18    26 
   16    56    36 
  -16   -56   -36 
   26   -22    30 
  -26    22   -30 
  -14   -38    56 
  -14   -38    56 
   34     2    38 
   34     2    38 
   42   -30    44 
   42   -30    44 
   18   -14   -30 
  -18    14    30 
    6   -42     6 
