4 9
200
    1     1     1     1 
   30   -64   -90   -10 
    5     8     5     5 
    1     1     1     1 
    1 0     1 0     1 0     1 0 
   30   -64   -90   -10 
 -292 0  -292 0  -292 0  -292 0 
    0 -1     0 -1     0 -1     0 -1 
  195 -195   195 -195   195 -195   195 -195 
    2 0     2 0     2 0     2 0 
   12   -22   -36    -4 

    1    -1    -1    -1 
    1    -1    -1    -1 
   -1    -1     1    -1 
   -1    -1     1    -1 
   -1    -1    -1    -1 

   -1     1     1     1 
   -1     1     1     1 
    0    -3     0     0 
    1     1    -1     1 
    1     1    -1     1 
   -1     4     5    -5 
   -3     8     3    -1 
   -3     8     3    -1 
   -6    -8     2    -2 
   -6    -8     2    -2 
   11     6     7    -3 
   11     6     7    -3 
  -10    -8    10    10 
  -10    -8    10    10 
   -5   -14   -13    -5 
   11     6     5     9 
   11     6     5     9 
    8   -12     0     0 
    8   -12     0     0 
   12    -4    -4    -4 
   12    -4    -4    -4 
   -5     0     9    15 
   -5     0     9    15 
  -15    10    11   -11 
  -15    10    11   -11 
   17    18   -11    -9 
   17    18   -11    -9 
  -16    -8    -4     4 
  -16    -8    -4     4 
   14     2    10     2 
   14     2    10     2 
   18    -6   -14     6 
   18    -6   -14     6 
  -10    -2    18    22 
  -10    -2    18    22 
  -13   -20    15   -11 
  -13   -20    15   -11 
    1     1     1     1 
    2   -12     6    -6 
    2   -12     6    -6 
   -7    22    -7   -23 
   -7    22    -7   -23 
   -8    16   -12   -20 
   -8    16   -12   -20 
    4    -8   -28     4 
    4    -8   -28     4 
    8   -24    -8     0 
    8   -24    -8     0 
   18    22    14   -14 
   18    22    14   -14 
    0    -4     0    20 
    0    -4     0    20 
  -18    18     2    18 
  -18    18     2    18 
   -4    14   -24    32 
   -4    14   -24    32 
  -33   -30    15    -9 
   24    24    20    24 
   24    24    20    24 
  -10    26   -22   -10 
  -10    26   -22   -10 
   28    30   -24    12 
   28    30   -24    12 
    0    20     0    32 
    0    20     0    32 
    6   -14    -6   -14 
    6   -14    -6   -14 
  -34   -22    -2   -34 
   36   -16     4     8 
   36   -16     4     8 
  -14    36    10     6 
  -14    36    10     6 
  -30    24    -6   -18 
  -30    24    -6   -18 
    0     6    -4   -24 
    0     6    -4   -24 
  -29    14    15   -19 
  -29    14    15   -19 
   30   -30   -14   -18 
   30   -30   -14   -18 
  -26    20    26    26 
  -26    20    26    26 
    4   -10   -20    32 
    4   -10   -20    32 
    4    18   -20    24 
    4    18   -20    24 
    9    -4    -1    35 
    9    -4    -1    35 
  -13    18     9    15 
  -13    18     9    15 
   27     8    15     5 
   27     8    15     5 
  -23     4    -1   -29 
  -23     4    -1   -29 
   -7    16     5     7 
   -7    16     5     7 
  -14    28   -14    34 
  -14    28   -14    34 
   -7    30    27    21 
   -7    30    27    21 
  -14   -22   -18   -22 
  -14   -22   -18   -22 
  -19    18    -7   -21 
  -19    18    -7   -21 
  -18   -12    -2    42 
  -18   -12    -2    42 
   16    40    20     4 
   16    40    20     4 
  -42   -38    18    22 
  -42   -38    18    22 
  -34     4   -38    -2 
  -34     4   -38    -2 
   40     0   -20     0 
   40     0   -20     0 
  -12   -30    20   -36 
  -12   -30    20   -36 
   15    28   -37     1 
   15    28   -37     1 
   47    24    17    21 
   47    24    17    21 
   22    30    18   -30 
   22    30    18   -30 
    4    38   -40   -16 
    4    38   -40   -16 
  -24     4    16     4 
  -24     4    16     4 
   22   -36    10     6 
   22   -36    10     6 
    4   -10   -44    20 
    4   -10   -44    20 
  -24   -48    16    12 
  -24   -48    16    12 
   38   -24   -18     6 
   38   -24   -18     6 
   -5     0   -13   -45 
   -5     0   -13   -45 
   -8   -42    20    36 
   -8   -42    20    36 
   36     6   -20    24 
   36     6   -20    24 
  -47    46    39    -5 
  -47    46    39    -5 
   20   -24    -4   -48 
   20   -24    -4   -48 
   30   -34    -2    14 
   30   -34    -2    14 
   -5    16    17     7 
   -5    16    17     7 
  -54   -54   -54    42 
  -29    -4    19    35 
  -29    -4    19    35 
   34   -40     6   -22 
   34   -40     6   -22 
    2   -14    14   -14 
    2   -14    14   -14 
  -16    36    44    12 
  -16    36    44    12 
    6    -4    38     2 
    6    -4    38     2 
   44    32   -12     8 
   44    32   -12     8 
    1    18   -29    21 
    1    18   -29    21 
  -24    12    12    36 
  -24    12    12    36 
   12   -36   -28     0 
   12   -36   -28     0 
   32   -30   -12    12 
   32   -30   -12    12 
  -12     0    -4    36 
  -12     0    -4    36 
  -25     0   -57    39 
  -25     0   -57    39 
   31     6    49    45 
   31     6    49    45 
   22    14   -22    26 
   22    14   -22    26 
   19   -32    19    -5 
   19   -32    19    -5 
  -36    -6    40    24 
  -36    -6    40    24 
  -27    38    23    17 
  -27    38    23    17 
   47    -8   -29    49 
   47    -8   -29    49 
   22   -26    50   -38 
   22   -26    50   -38 
  -66    24   -54    54 
  -66    24   -54    54 
  -28   -10     0     8 
  -28   -10     0     8 
   49    28     5   -41 
   49    28     5   -41 
  -20     2   -20    20 
  -20     2   -20    20 
  -27   -12   -43    21 
  -27   -12   -43    21 
  -13   -66   -15   -33 
  -13   -66   -15   -33 
  -29    58   -11     1 
