1 0
100
    1 
    0 
    5 
    1 
    1 4 
 1120 
   48 19 
    1 0 
  200 -10 
    3 -1 
 -280 

   -1 
    1 
    1 
    1 

   -1 
   -2 
    1 
   -1 
   -1 
    0 
   -5 
    2 
  -10 
   -3 
   -8 
   -7 
   -6 
    4 
   -6 
   -5 
    0 
   14 
  -14 
    3 
    2 
    4 
    8 
   -6 
   13 
   -3 
    6 
    6 
   11 
    9 
   -9 
  -13 
  -19 
  -12 
   -7 
  -23 
    7 
  -18 
   10 
  -16 
   -3 
  -20 
  -18 
   22 
   -7 
    7 
   -9 
   20 
  -14 
    6 
  -18 
   31 
   -2 
   -8 
  -25 
  -14 
  -11 
  -21 
    0 
  -27 
   17 
  -32 
   18 
  -12 
   17 
   -4 
   24 
  -18 
   17 
   -4 
   -8 
   19 
  -18 
   -1 
  -17 
   27 
  -31 
   37 
   16 
  -32 
   -8 
   21 
   12 
   10 
  -14 
   14 
   -4 
  -24 
   12 
    3 
   -8 
   14 
   42 
  -27 
  -17 
    8 
   26 
  -13 
  -42 
   -1 
