1 0
100
    1 
    8 
    4 
    1 
    1 0 
    8 
  -88 59 
    1 0 
   88 88 
    1 -1 
    2 

   -1 
   -1 
   -1 

    0 
    2 
    0 
    1 
   -2 
    0 
    6 
   -4 
   -6 
   -2 
   -2 
    2 
   -8 
    6 
   -6 
   -6 
    2 
  -12 
    4 
   -2 
  -12 
    4 
    0 
  -14 
   18 
   -2 
  -14 
   14 
   -8 
    2 
    6 
  -18 
  -10 
   -2 
   14 
   16 
  -14 
   -2 
   10 
    2 
    2 
   18 
    6 
   18 
   20 
    4 
   -8 
  -14 
   26 
   26 
  -24 
    4 
    2 
  -18 
  -14 
  -10 
   22 
  -12 
    0 
   10 
  -22 
    6 
   -6 
  -18 
    2 
   18 
    6 
    6 
   -8 
   30 
    0 
   -8 
   -6 
   28 
   38 
  -14 
  -10 
    2 
   22 
   22 
   -2 
   30 
    6 
   -2 
   30 
   10 
  -20 
    6 
  -14 
   -6 
   -6 
   32 
   24 
   26 
   14 
  -16 
  -20 
   20 
    6 
   30 
