1 0
200
    1 
  -12 
    3 
    1 
    1 0 
  -12 
   -7 29 
    1 0 
   72 36 
    2 -1 
   -9 
    0 
    0 

   -1 
    1 
    1 

    1 
    0 
    0 
    3 
   -3 
    3 
    0 
    3 
   -1 
    8 
   -7 
    5 
    3 
    0 
    5 
    9 
    3 
    0 
    3 
   -7 
   11 
   -3 
   -9 
   -9 
   -3 
    2 
   17 
  -13 
  -16 
    9 
    6 
   -3 
  -18 
  -13 
  -13 
   23 
   11 
   -1 
   12 
    0 
  -22 
    2 
   -3 
  -15 
   -7 
   -7 
    8 
   -1 
    5 
   14 
   21 
   27 
    9 
   15 
   21 
   27 
   26 
   -9 
    0 
   -7 
  -10 
   -9 
  -18 
  -25 
   17 
   30 
   21 
    2 
  -13 
   17 
   29 
    5 
   33 
   21 
   -6 
   15 
   -7 
   29 
  -18 
   27 
  -12 
  -27 
  -37 
    2 
    5 
    5 
  -27 
   12 
    9 
   27 
  -31 
   -4 
   12 
   36 
    5 
   -7 
   -7 
   20 
    6 
  -33 
  -27 
  -21 
  -34 
  -10 
  -27 
  -36 
   21 
   45 
   27 
   18 
  -28 
    5 
   32 
  -16 
  -21 
   18 
  -31 
   -4 
   -9 
  -27 
   18 
  -15 
    2 
  -13 
   -9 
  -27 
  -25 
  -43 
   17 
   17 
   24 
  -24 
   32 
  -13 
  -40 
    5 
   -1 
   -1 
    6 
   -6 
  -30 
   -9 
   32 
  -37 
  -34 
   50 
   33 
   24 
  -43 
  -37 
    5 
  -36 
   24 
   18 
   30 
  -13 
   11 
  -37 
  -19 
  -12 
   51 
   54 
  -51 
   33 
   -3 
  -57 
  -15 
  -30 
   33 
    9 
    0 
    8 
   56 
  -39 
   -6 
   -7 
  -34 
  -31 
  -37 
   45 
   39 
  -51 
   51 
   17 
   -1 
    2 
   47 
  -33 
  -57 
    9 
   18 
  -28 
   -7 
   11 
   11 
   47 
  -61 
  -21 
  -51 
   21 
