2 0
200
    1    -1 
   20     0 
    5     2 
    1     1 
    1 0    -5 7 
   20    16 
  110 7  -132 -21 
    1 0     1 0 
  130 -110  -460 90 
    1 -1     3 -1 
    4     3 

   -1    -1 
    1    -1 
    1    -1 
    1    -1 

   -1     2 
    2    -2 
    1     1 
   -1     1 
   -1     1 
    5    -4 
    4    -6 
    7     2 
    8     6 
    0     8 
   10     2 
   -8     6 
    6    -4 
    8     0 
    9     2 
   -7   -10 
    0     2 
   -5    -6 
    9   -10 
    7    -8 
  -12    10 
   -2     0 
   -1    -6 
   15   -14 
   10    10 
   -9    -6 
   13    14 
   -9    -4 
   -8     4 
   15     6 
    2    -6 
  -18     6 
   -8   -14 
  -13    -2 
   -7    14 
    1    -2 
    4    -6 
   23   -14 
   10    -6 
   -4   -10 
   14    10 
   10     6 
   26     2 
   19   -20 
  -10   -16 
    7    10 
  -28    -2 
    0   -24 
    6     6 
  -13   -10 
  -26    -8 
   12    -6 
    6   -30 
  -21    18 
    8    14 
  -10    -2 
   22    18 
  -18     8 
    8    28 
   22    -6 
    2    -2 
   23   -10 
   26     6 
   -5    -8 
   25     4 
  -30    10 
  -29    14 
   -9    22 
  -16   -32 
   32     4 
   10    -8 
    1    22 
  -30     6 
   -8    12 
   16     6 
   -1     1 
  -18    14 
  -12   -10 
    6   -34 
    3    10 
   21   -12 
   27     0 
  -26     6 
   -9    14 
    9    26 
   10     6 
    6    20 
   14    -2 
   29   -38 
   34    30 
   -6    22 
   -4   -16 
   -5     6 
  -43   -12 
   10   -26 
  -37    26 
  -36    30 
  -40   -36 
  -24     6 
  -24   -34 
    4    30 
  -37    10 
  -44   -14 
   47    14 
  -21   -32 
  -12    -4 
   25    24 
    3   -36 
    8   -38 
   26   -22 
  -28    20 
    9    -4 
   40   -30 
    0    28 
  -26   -30 
  -30   -10 
   10    16 
    1    40 
  -24   -46 
  -25   -18 
  -47    14 
  -31   -42 
   37   -10 
   41     2 
    2   -18 
  -24   -48 
    4   -44 
   10   -28 
  -14    26 
   30    42 
   15   -32 
   45     4 
    8   -26 
   28   -38 
    4   -38 
   26     0 
  -16   -42 
  -41   -26 
  -44    10 
  -24     6 
   -6    30 
  -54    -6 
    9    50 
  -31     0 
   43     6 
  -32   -50 
  -40    50 
   12    28 
   30    -6 
   30    -6 
    2    -6 
  -57   -16 
  -37    14 
   17    18 
  -30     2 
   54   -46 
  -13    46 
  -27   -10 
  -21   -44 
  -50    54 
    4   -50 
  -11   -26 
   -6    34 
   26   -20 
   22     6 
  -38   -42 
  -46     2 
   19    54 
   -8   -58 
   46    -6 
    8    48 
   -6   -22 
   18    34 
   29    26 
   -6    26 
  -53    46 
  -58    46 
   34   -42 
    4   -52 
  -22   -30 
   -5    30 
   30   -22 
  -45     6 
   -3    28 
  -44     2 
  -43    22 
   11   -14 
   46   -24 
   18    22 
  -50   -10 
   27    14 
  -22   -46 
   10   -20 
  -17   -62 
   52   -38 
   -5   -46 
   -7   -38 
   22    26 
  -48    -2 
   19    26 
