6 0
100
   -1     1    -1    -1    -1    -1 
    0     0     0     0     0     0 
    6     6     4     2     2     2 
    1     1     1     3     1     1 
   -5 4     1 1    -5 4    -5 4    -5 4    -5 4 
    8     8     8    24     8    40 
   18 -151    74 19    18 -151    18 -151    18 -151    18 -151 
   -1 1     1 0    -1 1    -1 1    -1 1    -1 1 
 -320 240    16 112  -320 240  -320 240  -320 240  -320 240 
    3 -1     1 1     3 -1     3 -1     3 -1     3 -1 
    1     2     1     9    -9    -1 

    1    -1     1     1    -1     1 
    1    -1     1     1    -1     1 
    1    -1     1     1     1     1 

   -2    -2     0     2     2     2 
   -1    -1     3    -1     1     3 
    0     0     0     0     0     0 
   -4     0     2     0     0     0 
   -1     1    -1    -1     1    -1 
    5    -3     5    -3     3    -3 
    6     6    -2     6    -6    -2 
   -3     3    -1     9    -3     1 
   -1     1    -1    -1    -1    -1 
   -4     4    -8     4    -4     4 
   10    -2    -2     2    -2    10 
  -10    -2     8     2    -2     2 
    9    -9    -5    -3     9    -3 
    9    -9     7    -3     9    -7 
   -5    -5   -13   -13    -5    -1 
    5     3   -13     9     3    -3 
   -5    -3   -11    -9    -3    -9 
    1   -15    -3     9    15     5 
   10    -6     8     6     6    -2 
   11   -13     3    -5    13    -9 
    3    -5   -13    -5     5     3 
   -4   -12    12   -12    12    12 
    0     0    -6    12     0   -12 
    7    -9    -9    15    -9     3 
   14   -18   -12    -6   -18     2 
   -9   -17    -5    -1   -17    -9 
   14    10    -6   -10    10    -2 
   -8    -4    18     4     4   -20 
    6   -14    -8   -14    14    -6 
    2    -6   -14    -6    -6    -6 
   10     6    12   -18     6    -2 
   -2   -18   -22     6   -18    -2 
    0    12     0     0    12   -16 
   14   -22    -2    14   -22   -18 
   -8    -4    -2    -4    -4     4 
  -10    -2    -6    -2     2    14 
   -4    20   -10    16   -20     0 
   -9    -1   -17    -1    -1    -5 
   -9    -9    -5    15     9    15 
  -20    12    16    12   -12   -20 
  -25    -7     1    11    -7    23 
   10     2    -2     2     2   -22 
   13     3   -21   -15    -3     1 
   10    -6     6    18     6   -22 
   -3    11    11    25   -11   -27 
   17     7   -21   -11    -7    -7 
    0     8    12    -8    -8    16 
  -19    19    -9     1   -19    29 
   10   -14   -14   -22   -14    -6 
   -1   -23    25   -13   -23   -13 
    0    24    12   -24   -24     0 
  -20   -12   -30    24    12    24 
   18   -30   -12     6   -30    -2 
  -11   -27     9    -3   -27   -15 
  -23    -9   -25   -27    -9    13 
  -14    30    -6    18    30    10 
  -31    25     1    -7    25   -19 
   -8    24   -26    12   -24   -12 
   29     3    19   -15    -3    21 
   -1   -17     7    -1   -17    15 
  -14    10     2    26    10    26 
   18     6    18    18     6    26 
    2   -18    14   -30   -18     2 
   -6   -10    32   -26    10    22 
    6    10     8    10   -10    10 
   26    -6    -6   -30    -6   -14 
  -21   -21     3    27   -21   -17 
   -8   -20    12   -16   -20   -16 
   -2   -10     0    10    10    10 
   -8    -8    24    -8     8    32 
    8   -20    10   -20    20     4 
   11    11    19   -29   -11    -1 
  -21    21    -3    -9   -21    11 
    8    36    -6   -12   -36   -20 
    7   -15     5    27   -15     3 
   20   -36    10    24   -36    -8 
   -8    16   -14    20    16   -20 
   -2   -38    26   -34   -38    -2 
   18   -30   -12     6   -30   -34 
  -10     6   -14     6     6    22 
   15    -9     3    39     9    39 
   16     0    -2    12     0    12 
   29   -37    -1    17   -37    13 
  -11    35    -9    17    35    21 
  -26    34    22    38    34    30 
  -36    16     6   -16    16   -16 
  -36    12   -32    12   -12    -4 
   32     0    -4     0     0   -24 
  -31     9   -31   -15     9   -35 
  -32    36    -4    24    36    24 
  -16   -32   -18     4    32    -4 
  -13     5     1   -41    -5   -25 
  -28   -36    -8    12    36   -12 
   38   -18    14     6    18     6 
  -25    -7    13   -29     7    23 
   20    16     8   -20   -16   -20 
   -8     4    32    40    -4   -24 
    6    14     4   -14   -14    10 
   36   -24    -6   -24   -24     0 
  -13    -3   -15    -9    -3    15 
