6 0
100
   -1     1    -1    -1    -1    -1 
    0     0     0     0     0     0 
    5     5     5     3     1     1 
    1     1     3     1     1     1 
   -5 4    -2 1    -5 4    -5 4    -5 4    -5 4 
    8     8    24    72     8     8 
  194 -135    93 -19   194 -135   194 -135   194 -135   194 -135 
   -1 1     1 0    -1 1    -1 1    -1 1    -1 1 
 -464 96   128 -112  -464 96  -464 96  -464 96  -464 96 
    3 -1     2 -1     3 -1     3 -1     3 -1     3 -1 
    6    -2   -18    -6     2    -2 

    1    -1     1    -1     1     1 
    1    -1     1    -1     1     1 
    1    -1     1     1     1     1 

   -1    -1    -1     1     3     3 
   -2    -2     2     2     0     2 
    0     0     0     0     0     0 
   -1     1    -1     1    -1    -1 
   -4     0     0     0     2     0 
    5    -3    -3     3     5    -3 
   -3     3     9    -3    -1     1 
    6     6     6    -6    -2    -2 
   -4     4     4    -4    -8     4 
   -1     1    -1    -1    -1    -1 
  -10    -2     2    -2     8     2 
   10    -2     2    -2    -2    10 
    9    -9    -3     9     7    -7 
    9    -9    -3     9    -5    -3 
   -5    -5   -13    -5   -13    -1 
   -5    -3    -9    -3   -11    -9 
    5     3     9     3   -13    -3 
   10    -6     6     6     8    -2 
    1   -15     9    15    -3     5 
    3    -5    -5     5   -13     3 
   11   -13    -5    13     3    -9 
    0     0    12     0    -6   -12 
   -4   -12   -12    12    12    12 
   14   -18    -6   -18   -12     2 
    7    -9    15    -9    -9     3 
   14    10   -10    10    -6    -2 
   -9   -17    -1   -17    -5    -9 
    6   -14   -14    14    -8    -6 
   -8    -4     4     4    18   -20 
   10     6   -18     6    12    -2 
    2    -6    -6    -6   -14    -6 
    0    12     0    12     0   -16 
   -2   -18     6   -18   -22    -2 
   -8    -4    -4    -4    -2     4 
   14   -22    14   -22    -2   -18 
   -4    20    16   -20   -10     0 
  -10    -2    -2     2    -6    14 
   -9    -1    -1    -1   -17    -5 
  -20    12    12   -12    16   -20 
   -9    -9    15     9    -5    15 
   10     2     2     2    -2   -22 
  -25    -7    11    -7     1    23 
   10    -6    18     6     6   -22 
   13     3   -15    -3   -21     1 
   17     7   -11    -7   -21    -7 
   -3    11    25   -11    11   -27 
  -19    19     1   -19    -9    29 
    0     8    -8    -8    12    16 
   -1   -23   -13   -23    25   -13 
   10   -14   -22   -14   -14    -6 
  -20   -12    24    12   -30    24 
    0    24   -24   -24    12     0 
  -11   -27    -3   -27     9   -15 
   18   -30     6   -30   -12    -2 
  -14    30    18    30    -6    10 
  -23    -9   -27    -9   -25    13 
  -31    25    -7    25     1   -19 
   29     3   -15    -3    19    21 
   -8    24    12   -24   -26   -12 
  -14    10    26    10     2    26 
   -1   -17    -1   -17     7    15 
    2   -18   -30   -18    14     2 
   18     6    18     6    18    26 
    6    10    10   -10     8    10 
   -6   -10   -26    10    32    22 
  -21   -21    27   -21     3   -17 
   26    -6   -30    -6    -6   -14 
   -8   -20   -16   -20    12   -16 
   -8    -8    -8     8    24    32 
   -2   -10    10    10     0    10 
   11    11   -29   -11    19    -1 
    8   -20   -20    20    10     4 
    8    36   -12   -36    -6   -20 
  -21    21    -9   -21    -3    11 
   20   -36    24   -36    10    -8 
    7   -15    27   -15     5     3 
   -2   -38   -34   -38    26    -2 
   -8    16    20    16   -14   -20 
  -10     6     6     6   -14    22 
   18   -30     6   -30   -12   -34 
   16     0    12     0    -2    12 
   15    -9    39     9     3    39 
  -11    35    17    35    -9    21 
   29   -37    17   -37    -1    13 
  -36    16   -16    16     6   -16 
  -26    34    38    34    22    30 
   32     0     0     0    -4   -24 
  -36    12    12   -12   -32    -4 
  -32    36    24    36    -4    24 
  -31     9   -15     9   -31   -35 
  -13     5   -41    -5     1   -25 
  -16   -32     4    32   -18    -4 
   38   -18     6    18    14     6 
  -28   -36    12    36    -8   -12 
   20    16   -20   -16     8   -20 
  -25    -7   -29     7    13    23 
    6    14   -14   -14     4    10 
   -8     4    40    -4    32   -24 
  -13    -3    -9    -3   -15    15 
   36   -24   -24   -24    -6     0 
