1 14
100
   -1 
    0 
    3 
    1 
    1 1 
 1920 
  -34 -15 
    1 0 
 -114 19 
    2 -1 
 -480 

   -1 
   -1 

    1 
    1 
   -4 
   -3 
   -3 
    1 
    3 
    3 
   -7 
   -7 
   -7 
   -7 
    0 
    0 
    2 
    6 
    6 
    3 
    3 
   11 
   11 
   15 
   15 
    9 
    9 
   -1 
   -1 
  -16 
  -16 
   -9 
   -9 
   21 
   21 
   17 
   17 
   -4 
   -4 
  -22 
   15 
   15 
   -7 
   -7 
  -15 
  -15 
  -16 
  -16 
    5 
    5 
  -13 
  -13 
   21 
   21 
   -6 
   -6 
  -30 
  -30 
  -34 
  -24 
  -24 
   -1 
   -1 
   15 
   15 
   -7 
   -7 
  -21 
  -21 
    1 
   23 
   23 
    5 
    5 
   33 
   33 
   -3 
   -3 
   14 
   14 
  -30 
  -30 
   12 
   12 
   26 
   26 
  -13 
  -13 
  -27 
  -27 
  -27 
  -27 
   29 
   29 
   -3 
   -3 
   -7 
   -7 
  -16 
  -16 
   21 
   21 
