7 0
200
    1    -1     1    -1    -1     1    -1 
    0     0    72     0     0   -16     0 
    8     8     2     2     8     4     4 
    1     1     1     1     1     1     1 
    7 0     2 3     1 0     2 3     2 3     1 0     1 4 
   32    32    72    48   256   -16    16 
   68 -180   131 53    68 -180   131 53    68 -180    68 -180    68 -180 
    0 -1     1 0     0 -1     1 0     0 -1     0 -1     0 -1 
  315 45  -450 315   315 45  -450 315   315 45   315 45   315 45 
    2 0    -1 2     2 0    -1 2     2 0     2 0     2 0 
    2     4    62     1     2   -10     2 
    0     0     0     0     0     0     0 
    0     0     0     0     0     0     0 

   -1     1    -1    -1    -1    -1    -1 
    1     1     1     1    -1    -1    -1 
    1     1     1    -1    -1     1    -1 
    1     1     1    -1     1     1     1 
    1     1     1    -1    -1    -1    -1 

    0     0     0     0     0     0     0 
   -1    -1    -1    -1     1     1     1 
   -3    -3     3     3    -3     1     1 
   -1    -1    -1     1     1    -1     1 
   -1    -1    -1     1    -1    -1    -1 
   -4     0    -4     0     4     0    -4 
   -6     2     0     0     8     0     0 
    2     4     8    -4     0    -8     0 
   -8     4    -8    -8    -8     0     0 
    0    -4     0     8     0     4    -8 
   -4     2   -10    -2    -2   -10     6 
   -6     6    -6     6    -6    -6    -6 
    2     4     8     0   -12     8     4 
  -10     8    -4     0    12     4   -12 
   -2    -2    -2     6     2   -14     2 
   -4   -10     2   -10    -6     6     2 
   12     0    -6   -10    -6    10     2 
   -1    -1    -1     1     1     1     1 
   12    -8    12   -12     4     4     4 
   -8    16     4     8    -4    -4    -4 
    8    -2    -4    -4     4     8    12 
    0     0     0   -16   -12    12     4 
    0    -2     0     8    -8     0     8 
   -2     0    -2    10    -2     6    14 
    6    14   -18    -6   -10   -10     6 
   -2   -14    -2     2    14    -2    14 
   -4     2     2     2    10     2    18 
   -6    -6     0    16     4   -12    -4 
  -14   -12     4   -16     0    16     0 
    4     6    -2     2    -2     2     6 
   14     6    14   -18    10    -6    -6 
  -16    10    14    -2   -18   -10   -10 
   12    18    -6   -14     6   -10    -2 
    4   -10    -2   -22    22    10   -18 
   14    14   -10    -2    -2    -2    -2 
    4    14   -20   -20     4    16    -4 
  -18    -6    12    -4     0     8   -24 
   22   -16    10    -6   -22    22    -6 
   20    12    -4    -8    -8   -20     0 
   16   -20     4   -16     0   -12     8 
   -2    20    -2    14    -2   -14   -18 
  -26     4    -2   -18    14     2    -2 
   -8   -24     4    16    16     8    -8 
    0   -20    12   -16    16    -8     8 
  -20     8     4   -20   -20     4    -4 
  -24     2    12    -4     0     8   -16 
   -2   -16    -8    -8   -28    16     4 
  -24    -8     0    -8     0   -24    16 
  -22    16   -10    -2    26   -30    -6 
  -10   -14   -10     6    14    -2   -18 
  -24   -12    12    12     0    16     0 
  -28   -14    -4   -28    12   -12    12 
  -20     6    -2     6    -2    -2   -10 
   20    -6    26    18   -26    14    -2 
    2    -4   -22   -30    18   -14   -14 
  -10     2     2   -30    -6    10    10 
   18    30    -6    -6    -2     2   -18 
   32    12   -16     0     8    16   -24 
  -24     0     0   -32     0    24    32 
    8    26    26    -6   -14   -14    10 
  -10    -8   -22    -2    14   -14    14 
  -30     2    18    10   -10   -26     6 
  -18   -24    30   -18   -30    10     2 
    4   -14    28    -4   -16   -12    -8 
   20   -16    -4   -12    20    32    12 
   30    26   -18    30   -22    18    -6 
  -24     2     6   -30   -10    18   -18 
  -10     2    26    10   -14   -30     2 
  -12    24   -12    -8    -8     0     0 
  -12     0   -24     0     8    -8   -24 
   36   -30    24    16   -20   -20    -4 
    4   -32    16    24     8   -24     8 
   -8    12   -20   -24   -16   -32   -16 
   -6    -8    24     4   -32   -24     0 
   26    26    14    30    18    26   -14 
   30   -10    -6    -6     2    34    18 
   -8    14   -26   -10    -2    -2     6 
    2    28    14    18   -22    22    -6 
  -10    -2    14    -6   -18    10   -18 
  -10    18    14    18   -22   -18    -6 
   20   -36   -16    36    -4   -12    20 
  -36    -4     0    28    -4    12   -28 
   26   -30    26    18     6    22   -26 
   18   -12    30     6   -26    10   -26 
  -14   -34   -26     2   -10    -2     6 
   18   -12   -30    38    -2     2   -18 
  -30     0    12   -16   -12   -12     4 
   -6   -38    12    36    28    -4    20 
   26   -30    14     2    14    30   -34 
  -18    -6   -18     2   -30    38    18 
  -24    -4   -24   -16   -24   -24   -40 
  -24    24    36   -16     0   -32     8 
    0   -36   -12   -20    36    32    12 
  -12    32   -24   -28    28    36   -36 
  -20    32    -8    20     8    40    40 
    2    -4    -4     8   -16    16   -32 
  -20   -20   -20   -44    -4   -28    -4 
  -20    20   -20    28   -20    20    -4 
   14   -38   -34   -42    -6   -38   -22 
  -30   -30     6    -2     6    30     6 
  -22   -30    38    -6   -26    14    22 
  -38   -30    22    10   -22   -18    -6 
   46   -22   -14    18     2    34   -14 
   42   -30    18    10   -30   -38     2 
  -14    18   -20     4   -20   -36   -12 
   34   -32    28   -24    12   -12    28 
  -12    10    12     0   -16    24    24 
  -24     4    24    44     8    36     0 
  -14   -22    -2    22    42    10    42 
   18   -20    18    18    38   -10   -10 
  -24    12   -12     4   -44    28    -4 
   -4    20    20    -4   -20   -28   -28 
  -36   -20    36    20    12    -4   -20 
   40   -38   -44   -20    40   -32     8 
   -2   -32    22   -30   -18   -34    -2 
   -6   -30   -18    10    30    42   -18 
    2   -20    32    -4    -4    28   -36 
  -32     4    28   -32   -20   -36   -20 
   -8    32   -44   -24     0     8     0 
   42    12     0    12    24    48     8 
   32    34    38     6   -30    18    42 
  -48    18    -6   -30   -30    42   -38 
   -6    18    30    22     6    -2   -10 
  -22   -38    38   -18   -34    14    46 
  -12    -4    12    12    44   -12    -4 
   40    26     4    24    12    44     4 
    4   -44    28    -4   -20   -12   -36 
  -44   -10    -8    48   -20    12    44 
   18   -30    30   -18    42    46    42 
    6    30   -42     6    42   -10   -22 
    4   -24   -32    44   -20    -8   -12 
    0     0    24   -12   -36    -8     4 
   20     8    20   -32    -8   -32   -32 
   14    -8   -16    44   -16     8   -24 
  -28    44    20   -20   -20    52    12 
  -12     4     0    48     0    16    32 
   16    48   -38    22    54   -50    -2 
    4   -22    22    -6    22    10   -18 
   10    -6   -38    22   -38    26    -6 
  -24     2   -42   -42     2    -6   -22 
   38    52    14    30   -30   -30     2 
   12    48   -30    38    18     2    26 
  -32   -14    16     0   -32     4    24 
   16     4    40    -4     8   -16    24 
   10   -14    34    18    38    14   -42 
   42   -34   -30   -14     6    14   -10 
  -40    48    56    48   -32     0     0 
   16   -24    16    16    32    48   -16 
    2   -16    26    10   -26   -50     6 
  -40    52   -28    52   -20   -36    20 
  -32    10   -44    20    40   -52   -16 
    0    20    36     8    16    56    48 
  -40     8   -16     8    24     4    48 
  -38    46   -14    50    30   -26    14 
   30    58    42    42    34     2     2 
   20    20    20    36   -52   -20   -20 
  -46    20    44    44    40    12     8 
   16    28   -32   -28    -4    44    20 
  -54   -12    12    -8    44    52     4 
  -36   -24    24    20    12   -24    36 
   48    16    12    24    56    -8   -32 
  -14    14   -50    46     6   -58   -10 
   18   -16    30     6    46    46    46 
   40    46   -20    48   -12   -52    12 
  -34   -28   -40   -12    48    32   -40 
   24    30     0    52   -60    20   -20 
  -12    16    36    48   -28   -24    12 
  -20   -30    10    -6    -2    30   -10 
  -26     6    46    18   -34   -34    -2 
   12    48    12    48     0   -40    32 
  -32   -32    16   -32    48   -36    24 
    0   -24     0   -32     0     0   -40 
  -48    18     0    40   -20    32    20 
  -22   -60    38   -18    10    42    -6 
    4    36    58   -34   -14   -14    -6 
   10     2    10    18    22    14    38 
   14    22    14    14   -46    46   -46 
   40    20   -56    -8   -16     0    24 
  -56   -40   -56    16    -8   -56    16 
   42    30    -6   -46    54   -42     6 
    6    26    30     6   -26   -10     6 
  -54   -48   -30    18   -54    42    42 
  -42    18    -6   -30   -54    58    -6 
   42    -8     0    44    24    24   -16 
  -40     8    44   -40   -32    32     8 
   56   -20    26     6    22     6   -34 
  -14    -6   -50    46     6    30   -26 
   -4    -2   -16     4   -48   -16   -24 
   30     0    12    16   -36   -28   -12 
    6    62    42   -50   -46   -10   -14 
   42    30   -54    30   -42    10    54 
   32   -16    -4   -28   -20   -36   -36 
  -64     4    32   -44    44   -60   -28 
  -20   -32   -50   -46   -38   -22    66 
  -26   -50   -14   -14   -62   -30   -46 
   12     0   -48    40    56   -48   -40 
   12    20   -12   -28    12    68   -52 
   42     6    18    50   -30   -62   -30 
  -18    14    54     6    58    18    42 
   40    10    22     6     6    54    14 
