11 10
100
   -1     1     1    -1    -1     1    -1     1    -1    -1    -1 
    0    12    12     0     0    12     0   -12     0     0     0 
    8     6     6     5     6     6     6     6     8     6     6 
    1     1     1     1     1     1     1     1     1     1     1 
    2 5     1 0     1 0     2 5     2 5     1 0     2 5     1 0     2 5     2 5     2 5 
   20    12    12     8   100    12   108   -12    12     8    12 
  128 -55  -301 0  -301 0   128 -55   128 -55  -301 0   128 -55  -301 0   128 -55  -274 -55  -274 -55 
    1 0     0 -1     0 -1     1 0     1 0     0 -1     1 0     0 -1     1 0    -2 -1    -2 -1 
  201 201   201 -201   201 -201   201 201   201 201   201 -201   201 201   201 -201   201 201     0 201     0 201 
   -1 2     2 0     2 0    -1 2    -1 2     2 0    -1 2     2 0    -1 2    -1 2    -1 2 
    2     8     8     1    10     6    10    -6     2     2     2 

    1     1     1     1     1     1    -1    -1    -1    -1    -1 
    1     1     1     1    -1    -1     1     1    -1    -1    -1 
    1     1    -1     1    -1     1     1     1    -1    -1    -1 
    1    -1     1     1     1     1    -1     1    -1    -1    -1 

   -1    -1    -1    -1    -1    -1     1     1     1     1     1 
   -1    -1    -1    -1     1     1    -1    -1     1     1     1 
   -3    -1    -1     0    -1    -1    -1    -1    -3    -1    -1 
   -3     0     2     0    -3    -2    -1     2    -1     0     2 
   -3     2     0     0    -1     2    -3    -2    -1     2     0 
    0     0     0    -6    -6     2    -6     2    -4     4     4 
   -7    -6     8    -1    -1     4     3     0    -3    -2     0 
   -7     8    -6    -1     3     0    -1     4    -3     0    -2 
   -1     2    -4    -4     1     4     7    -2    -7    10     0 
   -1    -4     2    -4     7    -2     1     4    -7     0    10 
   -3    -2     2     3     7    10    -1     6     5    -2     2 
   -3     2    -2     3    -1     6     7    10     5     2    -2 
    0    12     8     9    -8    -2     0     8     8    -8    -8 
    0     8    12     9     0     8    -8    -2     8    -8    -8 
   -5     6     6   -14    -3   -10    -3   -10    11    -2    -2 
    1     6    -6    10    -1     2   -11    12    -5     6   -10 
    1    -6     6    10   -11    12    -1     2    -5   -10     6 
   -9     4     6     3    -3   -12     1    -4     3    12   -14 
   -9     6     4     3     1    -4    -3   -12     3   -14    12 
   -1    -1     1    -1     1    -1    -1    -1     1     1     1 
   -1     1    -1    -1    -1    -1     1    -1     1     1     1 
   -4     0    -4   -16     0     6    -8     0   -12   -12   -12 
   -4    -4     0   -16    -8     0     0     6   -12   -12   -12 
    0   -14     4   -15     2   -14   -10     0     4    10    12 
    0     4   -14   -15   -10     0     2   -14     4    12    10 
   16    -8    -2     4    -2   -14   -10    -8   -12   -16     2 
   16    -2    -8     4   -10    -8    -2   -14   -12     2   -16 
  -20     0    14     4     6    18   -14   -12     8    -4   -14 
  -20    14     0     4   -14   -12     6    18     8   -14    -4 
   -6   -18     0     6    14    10     2    -2     6     6     0 
   -6     0   -18     6     2    -2    14    10     6     0     6 
   -1   -18    16    14    13   -18    15   -10    21    22   -16 
   -1    16   -18    14    15   -10    13   -18    21   -16    22 
   -1     4    -8    17     7    -8   -17    -4    -9   -20   -16 
   -1    -8     4    17   -17    -4     7    -8    -9   -16   -20 
  -16     2    24   -13   -16     4   -12    10     4   -18     4 
  -16    24     2   -13   -12    10   -16     4     4     4   -18 
  -10    -8    -8   -10    18    16    18    16   -10     8     8 
   26     6    18    26   -16     4    20    12    -6   -26   -14 
   26    18     6    26    20    12   -16     4    -6   -14   -26 
   -1   -12   -20    23     3     8   -21     8     7   -20    20 
   -1   -20   -12    23   -21     8     3     8     7    20   -20 
   12    -8    16   -24    -4    -8     8    -8    24     0   -24 
   12    16    -8   -24     8    -8    -4    -8    24   -24     0 
   16   -16   -24     7    12    16     0    20   -20   -16    16 
   16   -24   -16     7     0    20    12    16   -20    16   -16 
   -6     4     8    15    -2    -8   -10     8     2   -20    24 
   -6     8     4    15   -10     8    -2    -8     2    24   -20 
  -18    24    -6   -18     6    10    18   -16    10     0    22 
  -18    -6    24   -18    18   -16     6    10    10    22     0 
    4    10    14    -2    -4    16   -16     8    -8   -30   -10 
    4    14    10    -2   -16     8    -4    16    -8   -10   -30 
   -4    30    22   -19     8    30    12    14     8    -2     6 
   -4    22    30   -19    12    14     8    30     8     6    -2 
  -18     0   -10    -6    -8     0   -24    10    14    16     6 
  -18   -10     0    -6   -24    10    -8     0    14     6    16 
  -30    18    18    15    18    -6    18    -6     2     2     2 
  -10     8     0    26   -24   -18     8   -18    -6    12   -20 
  -10     0     8    26     8   -18   -24   -18    -6   -20    12 
  -18    10    -4   -18    20     8   -16   -26   -10   -10     4 
  -18    -4    10   -18   -16   -26    20     8   -10     4   -10 
  -26   -18    20   -14   -12   -22    20    -4     6    -2    20 
  -26    20   -18   -14    20    -4   -12   -22     6    20    -2 
  -25    10     8    -4   -11   -12    -5    10    33    10   -20 
  -25     8    10    -4    -5    10   -11   -12    33   -20    10 
    9     6    -2     0     1    24     3    -6   -21   -30   -18 
    9    -2     6     0     3    -6     1    24   -21   -18   -30 
  -34    18    18   -13     6    -2     6    -2   -34     2     2 
   16    26    -8    28    28    16     4   -26    16    -6   -12 
   16    -8    26    28     4   -26    28    16    16   -12    -6 
   -1    12    -6   -10   -21    34    21    28     9    16    -6 
   -1    -6    12   -10    21    28   -21    34     9    -6    16 
  -12     0    16    12    24    14   -20    18     8    -4     4 
  -12    16     0    12   -20    18    24    14     8     4    -4 
   32    -6   -30   -10    -6   -22    -6    18   -16    10    18 
   32   -30    -6   -10    -6    18    -6   -22   -16    18    10 
    2   -38    26    29    22    34    22   -30    26    26   -14 
    2    26   -38    29    22   -30    22    34    26   -14    26 
   -3   -34     6   -30    15    34    29   -32   -17    -2    34 
   -3     6   -34   -30    29   -32    15    34   -17    34    -2 
    5    40    12    -7     9    36   -11    30    33     0   -24 
    5    12    40    -7   -11    30     9    36    33   -24     0 
   -5    -6   -30    19    39   -26    15   -10     3   -38   -30 
   -5   -30    -6    19    15   -10    39   -26     3   -30   -38 
  -16   -30   -36    20   -12    16   -16   -22    12    14   -28 
  -16   -36   -30    20   -16   -22   -12    16    12   -28    14 
   10     0     4     4     8    -4   -12    28   -22   -32     4 
   10     4     0     4   -12    28     8    -4   -22     4   -32 
   24   -36    30   -27    -2    24    34     6   -12   -12    14 
   24    30   -36   -27    34     6    -2    24   -12    14   -12 
   -5   -36     0    28    -5    -8    -3   -16    13    -4    40 
   -5     0   -36    28    -3   -16    -5    -8    13    40    -4 
   12    22    28    12    -8     8   -16    -8   -12    -6    28 
   12    28    22    12   -16    -8    -8     8   -12    28    -6 
  -17   -40    16     4    29    12   -13    32    -7    24   -32 
  -17    16   -40     4   -13    32    29    12    -7   -32    24 
    0   -40    -4   -30    -4    20     4     4     0    24   -12 
    0    -4   -40   -30     4     4    -4    20     0   -12    24 
   -6   -20   -38    15    24   -12   -36   -18     6    12    10 
   -6   -38   -20    15   -36   -18    24   -12     6    10    12 
