20 4
200
   -1    -1    -1     1    -1    -1    -1     1     1     1    -1    -1     1    -1    -1    -1    -1    -1     1     1 
    0     0     0    36     0     0     0    12     0   252     0     0   -36     0     0     0     0     0  -160  -200 
   12     9     9     9    18    15     9     6    15     7     9    15    18    15    15    13    13    12    10    10 
    1     1     1     1     1     1     1     1     1     1     1     1     1     1     1     1     1     1     1     1 
    7 0    -5 3     7 0     1 0    -5 3    -5 3    -5 3     1 0     2 3     1 0    -5 3    -5 3     1 0    -5 3    -5 3    -5 3     7 0    -5 3     1 0     1 0 
   72   432   576    36   108   192    36    12    64   252   264    48   -36    20    24   180    32    48  -160  -200 
 -139 38  -139 38  -139 38  -139 38  -139 38   221 98  -139 38  -139 38  -139 38  -139 38  -139 38  -139 38  -139 38  -139 38  -139 38  -139 38  -139 38  -139 38  -139 38  -139 38 
    1 0     1 0     1 0     1 0     1 0    -2 -1     1 0     1 0     1 0     1 0     1 0     1 0     1 0     1 0     1 0     1 0     1 0     1 0     1 0     1 0 
  -90 -240   -90 -240   -90 -240   -90 -240   -90 -240    90 -210   -90 -240   -90 -240   -90 -240   -90 -240   -90 -240   -90 -240   -90 -240   -90 -240   -90 -240   -90 -240   -90 -240   -90 -240   -90 -240   -90 -240 
   -1 2    -1 2    -1 2    -1 2    -1 2    -1 2    -1 2    -1 2    -1 2    -1 2    -1 2    -1 2    -1 2    -1 2    -1 2    -1 2    -1 2    -1 2    -1 2    -1 2 
   -2    -8   -14    -1    -2    17     1     1     2    21     6    -6    -3     1    -8   -11    -2    -4   -17   -16 
    0     0     0     0     0     0     0     0     0     0     0     0     0     0     0     0     0     0     0     0 
    0     0     0     0     0     0     0     0     0     0     0     0     0     0     0     0     0     0     0     0 

    1     1     1     1    -1    -1    -1     1     1     1    -1    -1     1     1     1    -1    -1     1     1     1 
    1     1     1     1     1     1     1     1     1     1     1    -1    -1    -1    -1    -1    -1    -1    -1    -1 
    1     1     1     1     1     1     1     1    -1    -1    -1     1    -1    -1    -1    -1    -1    -1    -1    -1 
    1     1     1    -1     1     1     1     1     1     1    -1     1    -1    -1    -1     1     1    -1     1     1 
    1     1     1     1    -1    -1    -1    -1     1     1    -1     1     1    -1    -1    -1    -1    -1    -1    -1 

    0     0     0     0     0     0     0     0     0     0     0     0     0     0     0     0     0     0     0     0 
   -1    -1    -1    -1    -1    -1    -1    -1    -1    -1    -1     1     1     1     1     1     1     1     1     1 
   -1    -1    -1    -1    -1    -1    -1    -1     1     1     1    -1     1     1     1     1     1     1     1     1 
    0     0     0     0     0     0     0     0     0     0     0     0     0     0     0     0     0     0     0     0 
   -1    -1    -1    -1     1     1     1     1    -1    -1     1    -1    -1     1     1     1     1     1     1     1 
    0     3     3     3    -6    -3     3     6    -3     5     3    -3    -6    -3    -3    -1    -1     0     2     2 
    3    -9     6     8     9     0     0     6     2     8     3    -3    -6    -8     9    -8     4    -3     4     7 
   -6     3    -3     1     6     3    -3    -9    -7     3    -3    -3    -9     1     3     3    -9    -6     3     6 
    4     4     4     1    -5    -2    -5    -2    -8   -11     0     0     2    -1    -4     9    -6    -4    -9     9 
    7     4     7    -8    -5     7     4     4   -11    -4     0     0    -4     8    -4    -4     5    -7    -4    -7 
    2    -7    -7    -5     2    11    -7     5   -11     3    -3    -3     5    -5    -7     5    -1     2     8   -10 
   -2     1     4    -3     7    -2     7    10    -4     7    -9     9   -10     3    -1     9     6     2     9     3 
  -12     9     0    -3    12     6     3     9   -12    13     7     7     9    -3     9     1    -2   -12     4    -8 
  -12     0     3    11     9    -9     9   -12     9    -3     8    -8    12   -11     0    -7    -7    12     5    -1 
    1    10    -5     1     4     1    -5    10    -3     1    -2     2   -10    -1   -10   -11    -5    -1    10     4 
    3    -6    -9     4    -3    -9     6    12    -5    -6   -14   -14    12     4    -6   -14     7     3     4   -11 
   -3    12     3     8     6    -3   -12    -6     1    12    -4     4     6    -8   -12     8    -1     3     8     2 
   -3     9    -6     3     0     0    -9     9   -10    11    11    11     9     3     9    -7     8    -3    -1     8 
    3   -12    -6     1    -3    -6    -3    -3   -14    -7     4     4    -3     1   -12     3    -6     3     3    -9 
   13    -2    -8    -7     4     4    -5    16     8    -9     2    -2   -16     7     2   -15   -12   -13    -3    12 
   11    -4    -7     5   -13     5     5    -4     1   -13     8     8    -4     5    -4    -7    -7    11    -4     5 
   -6    -3     6     0    -3    -6     6    -6     2    10    -9    -9    -6     0    -3    10    -2    -6    -8    -5 
    6   -12     0    -8   -15     6    -6     0    -8     2   -12   -12     0    -8   -12   -14    10     6    13     7 
    0    -6   -12    -4   -15   -12    -6     6     0    14   -18    18    -6     4     6   -14    -8     0   -14   -11 
    9     0    -9     4    -3     3     6    15     9    14   -12    12   -15    -4     0    -2    13    -9    -5     1 
   -8     1     1     8     1    13    -8    19    -1   -12     7    -7   -19    -8    -1   -16    -1     8   -16    17 
  -10    14     2     4   -10    -4     8     8    -2    -8    -2    -2     8     4    14    12   -12   -10     9    -6 
   -8     4    10   -14     4     4     4     4     2   -16     8    -8    -4    14    -4     8    -4     8    -4   -16 
  -19     8    14    -8    -4    -4    14     2    -2    18    -4    -4     2    -8     8     6     0   -19    18    12 
    9   -18     6   -11    -3    12    -3     3     2    15     6     6     3   -11   -18    15    12     9   -18     9 
   -9     6     6    -1   -18   -18     9    -6     2     1     6    -6     6     1    -6    -3    -6     9     9     6 
    6   -12     6    18     6   -18     6    -6    10   -10    -8     8     6   -18    12   -10   -22    -6     2     2 
    0   -18     3    22   -18     3    18     3    -5     6    14    14     3    22   -18    -2   -17     0    -8    22 
   14   -13    14    -3    -4   -10     5   -13   -22    -9   -17   -17   -13    -3   -13   -11   -14    14     7    -8 
   10   -17    13     2    -5     1   -14     4   -17     2     1    -1    -4    -2    17    22     7   -10    -8   -17 
   17    14    -4   -17    -7     8    11   -13     4     5   -22   -22   -13   -17    14   -17    16    17   -11   -17 
  -11    16   -11    -4    16   -17   -20    16    11    -4    -4     4   -16     4   -16     4   -23    11    19     4 
   16    -5   -14   -19    -8    -2     1    16    -6   -21    17   -17   -16    19     5    -5    22   -16    10     4 
   15    -9     6    21   -18     6    -9   -24    10    25     7    -7    24   -21     9    -9    -6   -15     9    -6 
   -9     0    18    15    18    24     9     6     2    -9   -16    16    -6   -15     0    -7   -16     9    20   -10 
   -2    -5   -17   -16    16     1   -20    -5   -19    20    -7     7     5    16     5   -16    -1     2   -10    -4 
   16    19   -23   -16    -2    19    -2    -2    11    10    -7     7     2    16   -19   -10     5   -16    11    26 
  -15   -15    24    -6    -6     0   -24     0     0   -12   -15    15     0     6    15    -4     8    15   -10    26 
    0     3     3    -8    -6   -27   -24    -9   -15    20   -21    21     9     8    -3   -12     3     0    12    18 
   20     2    11    -8   -16     5   -16    -7   -25     0     6     6    -7    -8     2    24    -3    20   -18    12 
   14    20   -22     7     2    -4    11    23    14    -9     0     0    23     7    20     7   -20    14    -5    22 
   -4    -4    17    -2    17     5     8    26    13    28     0     0    26    -2    -4   -12    -3    -4   -24     3 
   10    -8    28    10    -8     4   -26    28    -4   -26   -12    12   -28   -10     8    10     4   -10    13   -20 
  -16    -7   -22    16   -22     2    -4    14     2     0   -15   -15    14    16    -7     4   -14   -16    13   -14 
   14    14   -13    -8     5   -25    -4   -22   -25    16   -18   -18   -22    -8    14   -20    -5    14   -11   -23 
    0    24     3     5    24    -9   -21    -3     3    15   -16   -16    -3     5    24   -15    -9     0    -6     0 
  -12   -21   -27     1    21   -15     3   -21   -27   -25     1     1   -21     1   -21   -15   -15   -12    -6    -9 
   -6    18   -30     3   -12    -6   -21   -12   -18    -5     2    -2    12    -3   -18    19    -2     6    22    -8 
   -6   -30    21    21    -6    -3     3     3    -3   -15    22    22     3    21   -30     5    17    -6    20    26 
    6   -18    -3     1    12     3   -15   -30   -15     9    10    10   -30     1   -18   -21     3     6    -3   -24 
  -18     6    -6    17     6   -18    15     3   -30    15   -10   -10     3    17     6   -15     6   -18   -24   -18 
   -5     7    22    -3    -2    -2     7    10     2     5    -3     3   -10     3    -7     9    18     5     3    18 
   -3   -24   -27     4    15   -15   -30    24    25    18     0     0    24     4   -24   -18    -3    -3   -24     9 
    3    15   -24     6     0     0     0    24    32     8    21    21    24     6    15     0     0     3     0   -24 
   10    19     1    12    10   -23    10    10    -9   -10    13   -13   -10   -12   -19     6    27   -10   -24    18 
  -31    -1    14    30    26   -22   -10    14     6    14    -5    -5    14    30    -1    10    10   -31    19    10 
  -33    18   -27    18   -30     3     6     9   -17     6    -6     6    -9   -18   -18     2    -7    33   -28     2 
  -15   -12   -18     0    18   -18     0     6    -2   -12   -24   -24     6     0   -12    28    22   -15   -32    10 
    4   -14     1    -6   -17     1    -8   -20   -17     8   -26    26    20     6    14    -8    31    -4    34     1 
  -23   -20    16    22    -8    10    -8    28   -20   -12   -20    20   -28   -22    20   -28   -34    23     5     8 
    6   -12    24   -30    18     6    18   -30    20    18    12   -12    30    30    12     2     2    -6    17   -10 
   -9     0    -6    15    -6    36     3   -30    14    -7   -24   -24   -30    15     0    25     4    -9    25    10 
   20   -31     8     7    -7     8    -7    -7   -12     1    25    25    -7     7   -31   -11     4    20   -26   -23 
  -22    -4     8   -20    17     8    26   -16   -24    -2     4     4   -16   -20    -4   -22   -16   -22   -19    35 
   10   -38    13     4    10    19    10    19    15    10    10   -10   -19    -4    38    38    17   -10    -7    26 
   20     8   -31    10   -34    35    20    20   -23    -8     4     4    20    10     8    16    31    20   -32    10 
   29    14   -10    20     2   -10   -16    32    34     8    -2    -2    32    20    14   -16     2    29    -1   -10 
    0     9   -24    35    24   -24   -21    -6     8   -33    29   -29     6   -35    -9    -9    24     0     6     0 
  -36   -15   -24   -28   -24    24    12    15     8    20     7     7    15   -28   -15   -12   -24   -36     0    12 
    0    24     6    10   -36     6    18    -3    30    10     0     0    -3    10    24    14   -10     0    29    20 
   33    -6   -30   -37   -24    12    21    -6     6    13    -6    -6    -6   -37    -6    27   -36    33    -6   -12 
   16    13    28    29    25    10     7    -8   -32    -1     3    -3     8   -29   -13     9    30   -16    -3    21 
  -25    -7    -7   -14   -16    35    38   -13    29    18    -3    -3   -13   -14    -7   -10    -1   -25    38    -4 
   -9    30   -27    24   -18   -15     0    -6   -37    28   -18    18     6   -24   -30   -16   -25     9    35   -34 
   -6   -24    30     0   -33     0   -24    15    22   -16   -12    12   -15     0    24     8    32     6   -16    35 
   12    15     0    20   -36   -18    36     0   -12    12   -25    25     0   -20   -15   -12    18   -12    15     0 
   15   -15     6    -1    12   -12   -15     0    18   -25   -23    23     0     1    15     1   -32   -15    -5    16 
   10   -38   -23    40    10   -17    10   -11   -21   -18   -18    18    11   -40    38    34     1   -10    13    10 
   10    19     1    -2   -26    19    -8   -35     3    -4    33   -33    35     2   -19   -32   -11   -10     1    22 
    4    19   -26    -6    25    22    16   -14    26   -16     5    -5    14     6   -19    28   -14    -4    16     1 
   11   -34   -16     4    20    -4   -16    -4    -8    16    14    14    -4     4   -34   -16    -4    11   -19   -16 
  -30   -12    -6   -24    -6    -6   -24     0    30     4    12    12     0   -24   -12   -12   -18   -30   -12     6 
    0    -9    15    16    -9     3     0   -15   -39   -24    27   -27    15   -16     9   -40    17     0   -31    29 
   33     6    27   -28   -15    -9    30    21    13   -22    -6     6   -21    28    -6    30     9   -33     9   -27 
   24    18   -30    12     6   -30   -30   -21   -22   -30    -6     6    21   -12   -18    -2    10   -24    -8    -2 
    4   -20   -35   -16    22   -41    22   -23    23    14     4    -4    23    16    20   -34     5    -4    20   -34 
  -22   -22    23   -36     5    23    -4    -4    -5   -16    10    10    -4   -36   -22    32    -1   -22     8    -1 
  -12    -9   -30     0    36    18    18   -30    10   -30    33    33   -30     0    -9   -10   -22   -12    26    20 
   15    12    12   -18   -27     0     0   -21    28   -12    36   -36    21    18   -12   -32    40   -15    28   -17 
   13    22    -2    -2    16   -14    16   -17   -34   -40    18   -18    17     2   -22     0    -6   -13    18    12 
  -13     2   -22    18   -16    -4    20   -16   -14   -16   -30   -30   -16    18     2    -4   -40   -13    32     8 
  -22     8   -25   -24    -4     5    32    32     7    20     4     4    32   -24     8   -12   -39   -22    18   -24 
   -7   -22     2    -2   -22    32   -40    14   -14   -24    -2    -2    14    -2   -22    -4   -28    -7     8   -22 
    6   -24    -9     3     0    -3    27   -30   -13    -5    16    16   -30     3   -24   -39    45     6     6   -12 
  -27    18     6    -6    24    36   -30     3   -26     2   -34   -34     3    -6    18    30    24   -27   -12    24 
   18    12    15    28    33   -33   -12   -30    25   -20   -28    28    30   -28   -12     0     9   -18   -27    -3 
  -18     0   -18   -18     3   -30    12     6    26    12   -32    32    -6    18     0    16    22    18    10   -17 
  -17    25   -26    14   -11    34   -38   -11    30     2    -9     9    11   -14   -25    42    18    17   -30    21 
   20    -7    11   -16    20    -7     2    26    27    -2    -3    -3    26   -16    -7    42   -39    20   -42    24 
  -12   -27    21    20    -3     9   -12   -27    11    20   -23    23    27   -20    27   -24     3    12    12    15 
  -18     3    18   -42   -18   -24   -18   -42    26    18    29    29   -42   -42     3   -30   -36   -18    18    18 
  -42    36    24    30    24    24   -30     3   -24    14   -12    12    -3   -30   -36    10   -32    42     4    40 
  -36    24     6    20     6   -30     6   -15    30    18    24   -24    15   -20   -24    30   -30    36    -9   -30 
   30    30    -6    41    -6    18     3   -24    -2   -29   -22    22    24   -41   -30    15   -42   -30   -15    -6 
   -9   -12    18    26    27     6   -18     9    22   -46   -20   -20     9    26   -12    10   -14    -9   -47    31 
  -44    46   -44    34    37    -8    10   -20    -8     6     6    -6    20   -34   -46    46   -20    44   -41   -29 
   46    10   -17   -24   -44    19    10   -35   -23   -14     6    -6    35    24   -10    34   -35   -46   -20     4 
  -37    -4   -40     1   -34     8    11     5    16   -17   -32   -32     5     1    -4   -29    -8   -37   -44   -14 
   20   -34    38   -13   -16   -28    47   -25    22   -13   -38   -38   -25   -13   -34    19    16    20   -29    -8 
  -18     0    24     8   -30   -18   -30    21     0    -2    20   -20   -21    -8     0   -34   -10    18    20     2 
  -21   -42   -18   -24   -27     6     0    45    -6   -36    -2     2   -45    24    42   -12    -6    21   -18     9 
   -1     8     5   -28    -4   -31    -4   -19   -19    12   -12   -12   -19   -28     8    20     5    -1   -37   -28 
   19   -26   -41   -23   -14   -23   -41   -26     1    27     6    -6    26    23    26   -19    -1   -19   -49   -22 
   24   -48   -36    19   -24    12    39    24    28    43   -16    16   -24   -19    48     3   -36   -24    18   -24 
    0     3   -21    35   -24   -27   -33     0     7     9    37    37     0    35     3    -7    -7     0    23    20 
   18   -24    30   -30    18    18   -18   -24   -38   -34   -36   -36   -24   -30   -24     6    30    18    21   -30 
   36    24   -12    50   -24   -30    30   -42    28   -30   -36    36    42   -50   -24    -6    -6   -36   -39     0 
   -1   -19   -22     4   -31    14    32   -22   -18    40   -35   -35   -22     4   -19     4   -38    -1    16   -11 
  -37    -7    38   -42   -13    32   -40   -22   -30    28   -23   -23   -22   -42    -7     4    40   -37    -2   -17 
   36    27   -18    20    -3   -18    42   -15   -30    14    39   -39    15   -20   -27   -18    -6   -36    18    15 
   12    12   -36   -30     6   -12   -12   -48    12     0   -12   -12   -48   -30    12   -12   -36    12   -33   -30 
   -1   -10   -28    12   -46     8   -10     8   -20     6    14    14     8    12   -10    10   -32    -1   -20    22 
    8     2     5   -32    44    -1   -10   -40   -35    10   -10   -10   -40   -32     2    18   -45     8    42   -12 
  -17     1    -8    38    -8   -50   -44    10    16   -28    -5     5   -10   -38    -1    28    46    17     4    -8 
   22    25    34   -26   -26   -14    10   -41    46    34    43   -43    41    26   -25   -26   -26   -22    10    46 
  -24   -15   -36    16   -36    36    36     0   -20   -44    25   -25     0   -16    15   -48   -36    24     0   -36 
   15   -51    21     0   -36   -45    36    27   -25    12     5    -5   -27     0    51    16    13   -15    46   -20 
  -46    26     8   -38     8     8     8     2   -32    28   -26   -26     2   -38    26   -52   -40   -46    11    32 
   28   -26   -17    10    -8    37    -8   -32    29    12   -14    14    32   -10    26   -24   -33   -28   -24     0 
  -52   -16    32    35    14   -40    41    23   -48   -19     0     0    23    35   -16    17     8   -52    14   -10 
    2     2    14   -25    -4    -4    23     5   -30    43    18    18     5   -25     2    -5    28     2   -23   -20 
  -17    49    22   -45   -38    34     7   -20   -22     7    15   -15    20    45   -49   -11    -2    17    16    10 
  -16    14    26    14   -52     2   -34    29    -2   -22   -42   -42    29    14    14   -26    -2   -16    34     4 
    6   -36   -12     6    54    24     0    45   -48    24    -8     8   -45    -6    36    20    20    -6    26   -46 
  -18    -6     6   -22   -45   -24     0     6   -30    24    14    14     6   -22    -6    24   -24   -18   -21     3 
   -9     6    18   -16    18    -6     0    42     2    36    26    26    42   -16     6    24   -30    -9   -24    -6 
  -30    42   -42    52    12    -6    12    33    26     8    22   -22   -33   -52   -42   -36    30    30    18    48 
  -13   -40    -4    34     5    44    14    -4    -4   -50   -24   -24    -4    34   -40    10   -44   -13    40   -41 
   28    46     4   -50    22    46    40    -5     4   -40    -6     6     5    50   -46   -20   -26   -28     4    10 
   19   -14    40    28    34   -20   -20    25   -28    24    -2     2   -25   -28    14    16    -8   -19     4    22 
   10     1   -20   -18    52    -2   -20   -14   -40    -8    -5     5    14    18    -1   -32   -38   -10     4    28 
   12    48   -15   -40    21     9    -6    54   -11   -42   -24   -24    54   -40    48   -46     5    12     8    35 
   -9   -15     9   -20    27   -15    54    48    53    54    51    51    48   -20   -15     6    45    -9     0    45 
  -10   -25    20    11    23    -4     5     5    -8   -43   -49   -49     5    11   -25   -47    -8   -10   -50    31 
   25   -50   -20    20    -5   -14     4   -23   -20    40    18   -18    23   -20    50   -32   -38   -25   -35   -35 
  -38    28    -8    36    40     4   -50    31    -8    50   -24    24   -31   -36   -28    18   -36    38    42    24 
   51    21    -6    35    -9     6    -9    18   -30    19     9    -9   -18   -35   -21   -45    30   -51    24   -15 
   36     3   -21    13     0   -51   -27   -45    15    27    45    45   -45    13     3    27   -39    36    48    48 
    0    18    18    24   -18    18     0   -30     6    32   -42   -42   -30    24    18     0   -18     0   -12    54 
  -27   -30   -15    54    54   -45    18    42    33    14   -18   -18    42    54   -30    50   -25   -27    35   -46 
   46   -44   -20   -20    16    10   -56    34     0    48    52   -52   -34    20    44     8   -10   -46   -16    20 
  -16   -34    20   -48    29   -10    20    23   -36    20    46    46    23   -48   -34    44   -22   -16   -34   -13 
  -10    14    38    37    17   -28   -37   -28    10    13   -26   -26   -28    37    14    -5     4   -10     4     7 
   -8    46    10    51   -26    -8   -17    -8    26    -5    -2     2     8   -51   -46   -55    56     8   -46    14 
   15   -27   -24    10     0   -48   -18   -51   -56    26    13   -13    51   -10    27   -14   -32   -15   -38   -20 
  -27    45    15   -44   -30     9    24    -9    29    20    29   -29     9    44   -45   -24    39    27   -30    -6 
   15    -6    15    30   -36   -39     0    42   -25    52    -6    -6    42    30    -6    36   -27    15    39     0 
  -54    60   -12   -54   -24    12    12    -6    40     0     0     0    -6   -54    60   -20    -8   -54    40    16 
   27    39   -45     6   -12    21   -12   -42   -13   -44    33    33   -42     6    39    12    -3    27   -21   -24 
  -18    45    24   -38   -15     6   -24   -48    44     8     9    -9    48    38   -45   -36    42    18    30     3 
    0    -3    12    21   -24    12   -51   -42    -4    43    45   -45    42   -21     3   -15   -12     0    48   -36 
   24   -12   -27    -4    42    27   -48     6    43   -48   -36    36    -6     4    12   -40    -7   -24    32   -46 
  -24    12     6    26    27   -30    18    27     6   -34    32    32    27    26    12   -18   -30   -24    12    -9 
  -30   -60   -57   -33    12    45   -33   -60   -15    15   -32    32    60    33    60   -17    43    30   -20    28 
   24   -24    18    -7   -39    42   -39     6    38   -19    32   -32    -6     7    24   -35   -50   -24   -26     7 
   48    15     0   -21     0    24   -45   -45    32   -35   -23   -23   -45   -21    15    37   -32    48    25     4 
   -8   -62    16    13   -47   -56   -11   -38    -8    -5    30   -30    38   -13    62    35   -40     8   -28   -13 
   52   -26   -32    36   -47    -2   -20     4    40    36     6    -6    -4   -36    26   -20    -2   -52   -29    19 
   15   -54    -6    30   -39    -6   -30     0    42    10    10    10     0    30   -54     6    42    15   -24   -15 
  -21   -18   -27     8   -36    -9   -36    -9   -57    12   -22    22     9    -8    18    36   -51    21   -42    12 
   61    19    28   -28     4   -14   -14    46   -12   -58    25   -25   -46    28   -19    14   -22   -61    -4     8 
   -5     7    28   -26    22     4     4    -5   -12   -12   -11    11     5    26    -7   -28    20     5     8   -34 
   28    34    -2    40    40   -62     4    16   -10   -20    18   -18   -16   -40   -34   -12    18   -28    21     0 
   -5    40   -32    57    31    28    13     4    56    35     0     0    -4   -57   -40    35    -4     5    20    53 
   30    12    24    56    12   -30    30     0   -12    14    24    24     0    56    12    30    18    30    42    36 
  -21    18   -33    30    12    33    48    -6    39   -12    18    18    -6    30    18   -56    37   -21    58   -20 
  -42    42    15    18   -24     9    -6    63    11    26    26    26    63    18    42    30    33   -42   -33   -12 
  -45    36   -18   -38    24     6    42   -30   -26    58    16    16   -30   -38    36   -58   -10   -45   -34   -28 
   10    10    28    18    46   -32    28   -23    44    24   -50    50    23   -18   -10   -12    24   -10   -60   -18 
    8   -10   -19   -62     8   -31    26    14     1    42   -14   -14    14   -62   -10   -18     9     8    45    48 
  -59    22   -23     7   -50    13    31    46    35    23    26   -26   -46    -7   -22   -59    19    59    28    -2 
   -4    41   -22   -15    50    50   -31     2    34    51    53    53     2   -15    41    33    -6    -4     6    30 
  -12   -39    42   -31   -24   -30     3   -24     6   -11    -1    -1   -24   -31   -39     9     6   -12   -24    24 
    6   -33    24    29    24   -24    51   -42    24   -41   -53    53    42   -29    33    -5    16    -6   -32    16 
  -15    12    60   -45   -30    42   -21    18   -24   -63   -36    36   -18    45   -12   -13    62    15     8    50 
   36     6   -45   -21    18    39   -63     0   -39    11    30   -30     0    21    -6    -3    -3   -36    39   -54 
   46     4   -38    52   -44    40   -44    46     2   -20   -20    20   -46   -52    -4     4    64   -46    46    28 
    8   -52    14   -53   -19   -22    17    -7    10   -17    -8    -8    -7   -53   -52    25   -50     8    28   -53 
   25   -14    10    24   -11    46   -38   -11    18   -34    62   -62    11   -24    14    22    -2   -25    49   -59 
  -34   -13   -10   -54    38    26   -16   -16   -18    20   -49   -49   -16   -54   -13     8     2   -34   -28    26 
  -13   -22    20    12   -34   -40    56   -34    40    -8    22    22   -34    12   -22   -20   -20   -13    43   -38 
   38    20    -7    16   -34   -13   -52   -58     1    40   -68   -68   -58    16    20   -28   -25    38   -10    26 
   -6    18    60    34    24    60   -30    42   -52    42    54    54    42    34    18    54    60    -6   -42   -36 
   18    42   -21    17    42    33   -39    33   -41   -15   -18   -18    33    17    42    -5    25    18    37    22 
   -6     6    27    54    24   -27     6   -42    37    -2    22   -22    42   -54    -6   -18    51     6   -66    36 
