34 8
200
   -1     1    -1     1    -1     1     1     1     1    -1    -1     1    -1     1    -1     1    -1    -1     1    -1    -1    -1    -1    -1     1     1    -1    -1    -1    -1     1     1     1    -1 
    0    96     0   140     0    52   104    56   104     0     0    60     0     0     0  1260     0     0  -112     0     0     0     0     0   -36   -36     0     0     0     0  -240  -252  -112     0 
   15     6    18    14    14    13    13     7    13    11    10    10     6    18    13     9     9    15    14    12    12     9     9     9     6    18    15    13    12    12    10     7     7    15 
    1     1     1     1     1     1     1     1     1     1     1     1     1     1     1     1     1     1     1     1     1     1     1     1     1     1     1     1     1     1     1     1     1     1 
   -5 3     1 0     7 0     1 0     7 0     1 0     1 0     1 0     1 0    -5 3    -5 3     1 0    -5 3     2 3    -5 3     1 0    -5 3    -5 3     1 0    -5 3    -5 3    -5 3    -5 3    -5 3     1 0     1 0    -5 3    -5 3    -5 3    -5 3     1 0     1 0     1 0    -5 3 
  380    96    48   140   216    52   104    56   104    12    32    60   192    24   252  1260   168    24  -112    48   336    72    24    36   -36   -36     8     8    16    48  -240  -252  -112    24 
  -79 -52   -79 -52   -79 -52   251 -22   -79 -52   -79 -52   -79 -52   -79 -52   -79 -52   -79 -52   -79 -52   -79 -52   -79 -52   -79 -52   -79 -52   -79 -52   -79 -52  -139 188   -79 -52   -79 -52   -79 -52   -79 -52  -139 188   -79 -52   -79 -52   -79 -52   -79 -52   -79 -52   -79 -52   -79 -52   -79 -52   -79 -52   -79 -52   -79 -52 
    1 0     1 0     1 0     2 0     1 0     1 0     1 0     1 0     1 0     1 0     1 0     1 0     1 0     1 0     1 0     1 0     1 0    -2 -1     1 0     1 0     1 0     1 0    -2 -1     1 0     1 0     1 0     1 0     1 0     1 0     1 0     1 0     1 0     1 0     1 0 
  390 -210   390 -210   390 -210   -60 240   390 -210   390 -210   390 -210   390 -210   390 -210   390 -210   390 -210   390 -210   390 -210   390 -210   390 -210   390 -210   390 -210   360 -90   390 -210   390 -210   390 -210   390 -210   360 -90   390 -210   390 -210   390 -210   390 -210   390 -210   390 -210   390 -210   390 -210   390 -210   390 -210   390 -210 
   -1 2    -1 2    -1 2    -1 2    -1 2    -1 2    -1 2    -1 2    -1 2    -1 2    -1 2    -1 2    -1 2    -1 2    -1 2    -1 2    -1 2    -1 2    -1 2    -1 2    -1 2    -1 2    -1 2    -1 2    -1 2    -1 2    -1 2    -1 2    -1 2    -1 2    -1 2    -1 2    -1 2    -1 2 
  -21     5     1    28     7     5    11     2    10    -1     1     6     3     1     1    99    10     1    -9     1    21    -7     2    -1    -2    -4     2     4    -1    -9   -25   -17   -13     6 

    1     1     1     1     1     1     1     1     1     1     1     1     1     1     1     1    -1    -1    -1    -1    -1    -1    -1    -1    -1    -1    -1    -1    -1    -1    -1    -1    -1    -1 
   -1    -1    -1    -1     1    -1     1     1     1     1    -1     1     1     1     1     1    -1     1     1     1     1     1     1     1    -1     1    -1     1    -1    -1    -1    -1    -1    -1 
    1     1     1     1     1     1     1     1    -1    -1    -1    -1    -1    -1    -1    -1     1     1     1     1     1     1     1     1     1    -1    -1    -1    -1    -1    -1    -1    -1    -1 
   -1     1     1    -1    -1    -1     1     1     1    -1     1     1    -1    -1     1    -1     1     1    -1     1     1     1     1     1     1    -1    -1     1    -1    -1     1     1     1     1 
    1     1    -1    -1    -1    -1    -1    -1     1     1     1     1     1    -1    -1    -1     1    -1    -1    -1    -1    -1    -1    -1    -1     1     1     1     1     1     1     1     1    -1 

   -1    -1    -1    -1    -1    -1    -1    -1    -1    -1    -1    -1    -1    -1    -1    -1     1     1     1     1     1     1     1     1     1     1     1     1     1     1     1     1     1     1 
    0     0     0     0     0     0     0     0     0     0     0     0     0     0     0     0     0     0     0     0     0     0     0     0     0     0     0     0     0     0     0     0     0     0 
   -1    -1    -1    -1    -1    -1    -1    -1     1     1     1     1     1     1     1     1    -1    -1    -1    -1    -1    -1    -1    -1    -1     1     1     1     1     1     1     1     1     1 
    0     0     0     0     0     0     0     0     0     0     0     0     0     0     0     0     0     0     0     0     0     0     0     0     0     0     0     0     0     0     0     0     0     0 
   -1    -1     1     1     1     1     1     1    -1    -1    -1    -1    -1     1     1     1    -1     1     1     1     1     1     1     1     1    -1    -1    -1    -1    -1    -1    -1    -1     1 
   -3     6    -6    -2    -2    -1    -1     5    -1     1     2     2     6    -6    -1     3     3    -3    -2     0     0     3     3     3     6    -6    -3    -1     0     0     2     5     5    -3 
   -1     8     6    -2     6    -3     2     5     9     3    -6     2    -6    -8    -3     1     3    -3    -6    -6     6    -6     0     3    -6     6     0     1    -6     6     6    -3     4     7 
    4    -7    -3     0    -1    -4     8    -4    -4    -4    -1     0    -3    -7     8     4    -6     0    -5     3    -9     0    -9     0     0     0    -9     0    -9     3    -5    -8     6    -2 
   -8     4    -6     2    -2     0    11    -1     5     0     2    -2     6    -4    -4     8     7     7    10     4    -8    -5     4     4    -2     2    -4    -3     8    -4   -10    -4     3   -11 
    7     1     3     4     3    -1     4    10    -6     1    -3    -4    -3    -1     9    -7     4    -2    -1     7    -5     4    -2    -5    -8     8     2    -2     5    -7     1   -11    10    -8 
   -5    -4     0    -9     0    11     1    -2    -6    11     0    -9     0    -4    -9    -5    -4     2     8     2     2    -7     2    -7    -7    -7     2    -2     2     2     8    -7     7     4 
    3    10     6     2     2     7     5    -7     1    -7    -2    -2    -6   -10    -5    -3     7   -11    -6    -2    -2   -11     7     7    -2     2    -7    -3     2     2     6    -3    -3    11 
   -3    -8    -4     1    -8     3    -8    13     7     3    -8     1    -4    -8     7    -3    -3     9     0     6     6     0    -3    -9    -3    -3    -3   -13     6     6     0     3    -4    -9 
    5     1    -7     0    -5    -1     9     6     2     1     5     0     7    -1    -1    -5     0    -6     7    -3     9    -3    -3    -3    12   -12     3    -2    -9     3    -7   -13     1    12 
    1    11    -1    -4    -1    13     4   -11    -5   -13     1     4     1   -11   -11    -1    -5     1    -1     1     1     4   -11    -5     4    -4    11    -9    -1    -1     1     1    -6    -3 
    4   -13    -1    -6   -11     0     2    11     1     0   -11    -6    -1   -13    -8     4    -3     3     9    -9     3    -6    12    12    -6    -6    12     9     3    -9     9   -12   -12    -1 
    2    11    -1     3    13    -6    -6    -3    -7     6   -13    -3     1   -11    14    -2     9     9     9    -3     9    -6   -12    -6     3    -3    12    -3    -9     3    -9     6     6     5 
   -3     3     1     8    -3    11     3    -6    -6    11    -3     8     1     3     3    -3    -6    -6     5    -3    -3    15     3    -3     0     0     3    10    -3    -3     5    -7     7   -14 
   -5     3    -7   -13     5     5     8    -4     8     5     5   -13    -7     3    -7    -5    -6     0     5   -15     9     0    -9    -9     9     9    -9     4     9   -15     5    11     4   -10 
   -7     8    -2    -6     2    -7    12     3     7     7    -2     6     2    -8     7     7     7    -5    14   -14    -2     4    -2    -5    -2     2     2     7     2    14   -14    13    -8    -1 
    5    10     8     5     0    -7    -5     4    12    -7     0     5     8    10    15     5     8    -4    12     2   -10   -13   -10     5    -1    -1   -10     4   -10     2    12     9    -5    -8 
    6    -4     0    -8    16     2    -9    -6    10     2    16    -8     0    -4   -14     6     0     6     8     0     0     3     3    -6   -12   -12     3    -2     0     0     8     2    -5    -8 
   -8    -5     3     2     7   -12    -5   -14    -2   -12     7     2     3    -5    10    -8     6    -6    -5    -9     3    15     0     6     6     6     0     6     3    -9    -5    10     3     2 
   -4    -3     3    13    -1     8   -12    15    13    -8     1   -13    -3     3    -2     4    -9     3   -17    15    15   -12    -6     6    -9     9     6     9   -15   -15    17    14     0     9 
   10    -6    -6    13   -10    10    -9   -12    -8   -10    10   -13     6     6   -14   -10   -12   -12    -2    12   -12     3     0    -6     3    -3     0    -8    12   -12     2    14     7     0 
   -4     2     2    -3    -6     8    18     0    12    -8     6     3    -2    -2   -12     4    -2     4    10    -8    -8    10    13    -8     7    -7   -13     8     8     8   -10     8     8     2 
   10     1   -11    -2    -5   -14    16    -5     1   -14    -5    -2   -11     1    16    10    -1   -13     3    -1    -1     8     5     8     2     2     5    17    -1    -1     3    12   -16     1 
   -2     1    19     4    -3    -6    19    16     0     6     3    -4   -19    -1    -6     2   -14     4   -15     1    13    -5     4   -14     4    -4    -4    -4   -13    -1    15   -18    17     2 
   -2    17   -13   -18    13    -2    12     0     4    -2    13   -18   -13    17    -8    -2   -10    -4     1    -1   -13    -4    -4    -4    14    14    -4   -16   -13    -1     1    16     2    -2 
    7    18     0    15    12     5    13   -14     6     5    12    15     0    18     3     7    -6    18   -16   -12     0     9    18    -9    -9    -9    18     6     0   -12   -16    -1   -15    -2 
  -19     0    -6   -16    -6     3   -20    16   -12    -3     6    16     6     0   -15    19    -6   -12   -18     6    -6    12   -12     3     0     0    12     0     6    -6    18   -15     6    -2 
   -6    13    19    -8     1    14    -3     9    17   -14    -1     8   -19   -13     2     6    -3    -3     9     9   -15     9    18   -18   -12    12   -18    -3    15    -9    -9    -6    15     5 
   -2    -5    13   -21   -17    -6   -20   -14    22    -6   -17   -21    13    -5    10    -2    -6    18     7    -3    -3    12    -6    -6    -9    -9    -6     6    -3    -3     7    10   -18   -10 
  -18     3   -11    -3   -13    -2    18    -9    -7    -2   -13    -3   -11     3   -22   -18   -13    -1   -17   -13    -1   -22    -7    14    23    23    -7    -7    -1   -13   -17    -2   -16    17 
  -13    24     2    -2    -2    23    -4     2    14   -23     2     2    -2   -24    11    13   -14    10    -6    10    -2     4    13    -5    10   -10   -13   -10     2   -10     6     9     2    22 
    4     6   -10    -4    14    20     1   -11    23    20    14    -4   -10     6    -4     4    11    17    -2   -10   -10    -7    -4    20    20    20    -4    -5   -10   -10    -2     4    25   -11 
   23    18    10    -2    22    -9    12    24   -16     9   -22     2   -10   -18    17   -23     4    -8   -10    -2    -2   -20    10   -11   -14    14   -10   -16     2     2    10    -5     2    -4 
   -1   -10    -8   -18    -4    -5   -15     6    22     5     4    18     8    10    -5     1   -14    -2   -24    -2   -14     1   -17     1    -2     2    17   -18    14     2    24   -21   -21    -6 
   15    12     4     2   -20    -3    18    12   -16     3    20    -2    -4   -12    -7   -15    18    24   -12    12   -12    18   -15     9    18   -18    15    12    12   -12    12    -9    12     2 
  -15   -21     5    18   -15   -21    26    14    -6    21    15   -18    -5    21    -9    15     6     6    -7    -9    15    18   -15    -9    18   -18    15     2   -15     9     7    25   -10    10 
   14    15     1     7     1   -18    20   -25     5    18    -1    -7    -1   -15   -10   -14   -23    19     5     7    -5   -20    -2    -2    19   -19     2     1     5    -7    -5    10    10    11 
    8    21   -17     5     7     4     4    13    -1    -4    -7    -5    17   -21   -16    -8   -17     1    -5    25    13   -20   -11   -20     1    -1    11    19   -13   -25     5    20    -8   -19 
    6    -8     6   -15    -6   -10   -12    -3     3    10     6    15    -6     8   -12    -6     3   -27    22   -12     0    12   -12   -24     3    -3    12   -13     0    12   -22    20    20   -15 
   -2   -16    12    -8    -8    10    21   -24     8   -10     8     8   -12    16    -4     2    24     0     0   -18   -18   -15    24   -24   -24    24   -24   -16    18    18     0   -12    23     0 
  -11     7    21     0   -11     1     7    -8   -20     1   -11     0    21     7     7   -11   -22    -4   -15    11   -25   -25    14    11     8     8    14     8   -25    11   -15    -9     5    14 
   16     4    24     9   -24    16     4     1    -3    16   -24     9    24     4    24    16    11     5     0    14    14    20   -10   -16    -7    -7   -10    -7    14    14     0     0    14   -25 
   22   -10    -6    -8     2     6     5    20    -4     6     2    -8    -6   -10   -10    22   -28    -4    26    14   -10   -19   -22    26    20    20   -22    20   -10    14    26    26     5     4 
   -2    28   -18    11   -18    14     2    11     3   -14    18   -11    18   -28    12     2   -17    -5    10    -8   -20    10    -8    -8    13   -13     8    27    20     8   -10   -28     0   -13 
  -14    25   -21     0   -29    -6    10   -17    -5    -6   -29     0   -21    25   -20   -14   -13   -25   -17   -25   -13   -22   -25    -4   -28   -28   -25   -13   -13   -25   -17    16     2   -25 
  -14   -26    -6     4   -14   -14   -11    10   -14   -14   -14     4    -6   -26     4   -14   -22     2   -30   -22    26     5   -13    -4   -16   -16   -13    -6    26   -22   -30     0    21     2 
   -1   -10    10    12    -6   -23     0    21   -15   -23    -6    12    10   -10   -15    -1   -27   -15    26    12    12   -24     3     3    12    12     3    -3    12    12    26   -25   -18   -27 
   19   -20    14    23    -6    21   -10   -13    -9    21    -6    23    14   -20   -15    19     3    -9     6   -18    -6     6   -12   -21     9     9   -12   -21    -6   -18     6    15    -6     3 
    3    -5    17   -16   -13    -3    25     7   -17     3    13    16   -17     5    -5    -3   -21     3    27   -21     3    -3   -18    -3   -12    12    18   -13    -3    21   -27    15   -13     3 
    9   -14     2    27    14    11   -14    22     2    11    14    27     2   -14   -19     9    30     6    14     6   -18    -6    12    21    15    15    12   -30   -18     6    14     5    12    18 
   25    20    14   -15    30   -29   -20   -26     6   -29    30   -15    14    20   -15    25    -6   -18    18   -18    -6   -12    24    15    27    27    24   -18    -6   -18    18    15    -6   -30 
   23   -26   -14   -27    18   -11    -1    11     3   -11    18   -27   -14   -26   -21    23    -3     3    18    -6    -6     3    12   -15     3     3    12     3    -6    -6    18     9     9   -15 
  -15   -29    15    10    15    21   -16   -34    18   -21   -15   -10   -15    29     9    15    22    -2    31    13   -11    16    -2     7    -2     2     2     2    11   -13   -31     5    26     2 
    4    10     6   -18    -6    24    10    16     0    24    -6   -18     6    10     0     4   -24     0   -22   -18   -18    18   -27     0    18    18   -27   -32   -18   -18   -22     8    22    32 
    6    32     0     8   -24   -18    -8    13    -3   -18   -24     8     0    32   -18     6   -27   -15    24   -18     6    24    12   -30     0     0    12   -15     6   -18    24    18   -24    25 
    0   -10    14     1    10   -28    20   -10   -10    28   -10    -1   -14    10   -10     0   -14    22   -22    -8    -8    28    -5    10   -29    29     5   -26     8     8    22   -14    28    -6 
   12   -26   -14    20   -18     8   -16    23   -27     8   -18    20   -14   -26    -6    12    -1    23    -2   -22   -22     8   -25   -10     8     8   -25    13   -22   -22    -2    10   -32     9 
  -18   -27    -3    -3   -17    22   -18    -6   -22   -22    17     3     3    27   -28    18    18    18    27     3    15   -18   -12     0    -3     3    12    18   -15    -3   -27    12   -30     2 
    6   -27   -27     6    31    -2   -22     5     7    -2    31     6   -27   -27    -2     6    27    -3   -21    21   -15    -6   -12    -6    18    18   -12   -17   -15    21   -21    -6   -20    17 
  -30     3   -13    -5    -5    18    32    14   -34   -18     5     5    13    -3   -28    30    16    10    27    31   -17    -8    28    -8    19   -19   -28    26    17   -31   -27   -12     2   -20 
   -8   -12     8     0     8   -20    12   -15    31    20    -8     0    -8    12    -8     8     1     1   -32   -14    10    28    -8    -8    -8     8     8   -17   -10    14    32     8   -20   -17 
   15     0    -6   -30    10     9     0     0    -4    -9   -10    30     6     0   -25   -15     6   -36    14   -12    24    24     0    -3    -6     6     0    16   -24    12   -14     7   -14   -14 
   -6   -12    24    11     4    14   -17    -2    -2    14     4    11    24   -12    -2    -6   -24    -6    12    -6    18    27    -6   -18   -21   -21    -6    -6    18    -6    12   -18     3   -20 
  -11     4    10    25    34    21   -16    32     4    21    34    25    10     4   -11   -11     8     8   -26   -16    20   -16    17    -7     5     5    17   -20    20   -16   -26     1   -20   -12 
   10    22   -20    10   -20   -10    17    -7   -17   -10   -20    10   -20    22   -38    10   -13   -19    32    14     2    17     2   -10     2     2     2    27     2    14    32   -10    -3   -15 
   -2   -22    32    23   -28    -6    32   -16    16     6    28   -23   -32    22    22     2    -8    -8    -8    28   -32    -8    22   -26   -23    23   -22     8    32   -28     8     2     2    24 
  -20   -21   -29    28    35     4    19    22     2     4    35    28   -29   -21   -16   -20   -10   -10    11    -7   -31    11    20   -16   -28   -28    20     2   -31    -7    11     8    29    34 
   26     6   -26     2   -14    -6   -24    15    31    -6   -14     2   -26     6    16    26   -31    35    34   -34    14   -16   -16    20   -10   -10   -16    -5    14   -34    34    -8    34   -23 
    8    18    26    -6   -18     8    12     0    24    -8    18     6   -26   -18    12    -8    24   -24    38    36    36   -12   -21   -12    30   -30    21     0   -36   -36   -38   -20    -6    -8 
   -1     9    17    11   -21    33    24   -24   -24    33   -21    11    17     9     9    -1    24    24    -9    -9     3   -24   -21    21    27    27   -21    -8     3    -9    -9    33    -2    -8 
   19    -8     0    10    24   -31    12   -24   -36   -31    24    10     0    -8    27    19   -30    12    -8     6   -18    12   -36    21   -18   -18   -36    -8   -18     6    -8    13    -8     6 
  -10   -31    33    31     5   -30   -21     6   -10   -30     5    31    33   -31    14   -10     6     6     1   -21   -33    -9     0    18    33    33     0    38   -33   -21     1    10    17    30 
  -22    -5    -3    -8   -13   -30    -5     1     1    30    13     8     3     5    10    22     7   -35    -9    25   -35   -29    -5   -38    16   -16     5    29    35   -25     9   -18   -25   -29 
    7    26     6    30   -18    -1   -14   -14   -30    -1   -18    30     6    26    -9     7   -28   -10    22    20   -28     2   -13    -7     2     2   -13    22   -28    20    22     1    22    32 
  -12    12    18    14   -38    12    23    20    32   -12    38   -14   -18   -12     8    12    30     0    -2   -12    24     3    30   -24    18   -18   -30    12   -24    12     2   -16    -9    22 
   30     6   -30    10    10     2    14   -19   -25    -2   -10   -10    30    -6   -16   -30   -27   -15     2   -18    30   -18   -30     0   -18    18    30     3   -30    18    -2    28     0   -37 
   23   -31    23   -24   -13    21   -14    16   -32   -21    13    24   -23    31     1   -23     6   -12    19    21   -27    -6    39   -15    24   -24   -39    36    27   -21   -19   -25   -18    18 
  -40    37    19    16    15     0   -12    18    18     0   -15   -16   -19   -37   -12    40     0   -18    -9   -39     9    36     9    36    36   -36    -9    14    -9    39     9    12    26   -12 
   -2   -13   -15    30    17    10    18    15   -11   -10   -17   -30    15    13   -32     2     1    19   -35    19   -17    10   -35    -8   -26    26    35   -39    17   -19    35    -4   -18     3 
   10    26     6     1   -10    26    -6    27     1   -26    10    -1    -6   -26    34   -10   -23   -17    30   -26   -26    10    37    10   -35    35   -37     5    26    26   -30   -18    -4   -21 
    0   -16    -2   -23   -10    40   -24    12     4   -40    10    23     2    16    16     0    16     4   -14     4    -8    16    -2    16    -5     5     2   -20     8    -4    14   -16    -2     8 
   28     7   -25    28    -7    28     2     2    14    28    -7    28   -25     7   -28    28    26   -22   -23    29     5     2   -37   -16    20    20   -37   -10     5    29   -23    16   -40   -26 
   12   -20    36    10    -8   -36    20    41   -17   -36    -8    10    36   -20    40    12   -15    -3    24    24    24   -36    12     0    18    18    12     3    24    24    24    24    24    39 
   -2    28    12    12    12   -10    12     6    18    10   -12   -12   -12   -28    12     2     6     6    28   -24    24   -12   -21    24   -12    12    21     2   -24    24   -28    -4    -4   -30 
   20    12     6    -5   -10    20    18   -30    10   -20    10     5    -6   -12    -2   -20   -30   -30   -30    18    30   -30    30   -30    21   -21   -30    -6   -30   -18    30   -30   -30   -22 
  -18    30    18    -3    18   -18   -40    35     9    18   -18     3   -18   -30    30    18    27    -9   -14     6     6   -24    30    30    -9     9   -30   -11    -6    -6    14   -22    34    13 
  -34   -18   -34     1    14    26    18   -39     1   -26   -14    -1    34    18   -32    34   -23   -23   -34    22    22   -14     4     4    31   -31    -4     9   -22   -22    34    16   -12     5 
  -42    -6     4   -10    28    30    29     5    -5    30    28   -10     4    -6    34   -42    35    41    40    14   -22     5   -22   -22   -22   -22   -22    23   -22    14    40   -14    -7   -23 
  -42     2    18    24   -22     6   -23    -8   -40     6   -22    24    18     2    32   -42   -12     0    18    -6    18   -27   -36     0   -36   -36   -36   -16    18    -6    18    12   -37   -28 
   12    35    -3   -21    23    32    15   -18    22   -32   -23    21     3   -35    10   -12    30   -18   -33    21    -3    27    15   -18    15   -15   -15   -10     3   -21    33    30    23   -10 
   -2     1   -33    -5    17    26   -16    32    40   -26   -17     5    33    -1     4     2    22     4   -19   -23    37    16    -2   -20   -23    23     2   -12   -37    23    19    16   -12    14 
  -12   -40    12    32   -12    24    20   -10     6    24   -12    32    12   -40     0   -12     2    14   -20    -4   -28    20    20   -16    32    32    20   -18   -28    -4   -20    40    12    34 
   36    16   -44    -4    -4    -4   -39    12   -28    -4    -4    -4   -44    16    -4    36     2    32   -36    -4    -4   -31    14   -40    32    32    14    32    -4    -4   -36   -24    11   -14 
   22   -32    22     6    42   -14    38   -31   -39   -14    42     6    22   -32   -12    22   -25     5    14     2   -34    14    20    32    38    38    20   -27   -34     2    14    20     6     7 
   18   -20   -22    -5    18   -18   -10     8    24   -18    18    -5   -22   -20    30    18     6    36   -34   -30     6     6    18   -30   -15   -15    18   -20     6   -30   -34     2    16   -26 
  -39    11    -5    -7    -9    27    21   -27    45    27    -9    -7    -5    11   -39   -39    -9    -3    19    -3   -15     9   -18    27    15    15   -18   -35   -15    -3    19    -5    -5   -13 
  -20    24   -10   -10   -10    36    26   -22    22   -36    10    10    10   -24    16    20   -18   -30    -6    12     0    -6    30    12   -30    30   -30    30     0   -12     6    12   -30    26 
    0   -15    -5    -3    15   -20     0     3     9    20   -15     3     5    15     0     0    15   -33    -1   -21     3    24     0   -12    15   -15     0   -35    -3    21     1   -20    22    25 
  -22   -18    18    -2   -18    22     3    27    39   -22    18     2   -18    18   -42    22   -11     7    -2   -26    -2    43   -38    -2   -38    38    38     3     2    26     2     2   -33   -27 
  -22    18   -48    34   -12    14     3   -18   -18    14   -12    34   -48    18   -42   -22    26   -34    16    20    32    11   -31    38   -22   -22   -31    -2    32    20    16    -2   -23   -30 
  -46     5   -41   -20    21    38    25     4    36   -38   -21    20    41    -5    30    46   -18    24   -27    27     3   -27     0    18   -12    12     0    32    -3   -27    27   -18    17   -26 
  -48   -16    -2     6   -18     4   -11   -29    -3     4   -18     6    -2   -16    24   -48   -21    -9    10   -30    30   -15    36    12   -30   -30    36   -15    30   -30    10   -20    15   -11 
   30   -25    39    -5   -45   -18     0    -6   -30    18    45     5   -39    25    30   -30     6   -30    39    -3     9    24   -45     6   -27    27    45    42    -9     3   -39    18   -24    30 
  -10    25     9    27     5   -38   -20   -32   -32    38    -5   -27    -9   -25    10    10    24    24   -47   -45   -33   -12   -15   -30    21   -21    15    24    33    45    47    14   -42   -24 
  -10    30   -40    26    40    18   -40    26    14   -18   -40   -26    40   -30   -10    10   -18    -6    20   -18    -6     0     6    18    18   -18    -6   -18     6    18   -20    46   -24   -22 
   17     0     2     2   -18    27   -15    30    42    27   -18     2     2     0   -15    17     6   -18     2   -24   -12    -3     0    -3    -6    -6     0    -6   -12   -24     2    29   -27     2 
  -44    36    -6   -21    14    12   -11    -5   -35   -12   -14    21     6   -36    34    44   -17    19     2   -44    40    37    40    10    31   -31   -40   -11   -40    44    -2   -14   -35   -23 
   -6     9    21    35   -19   -46    -4     8   -20    46    19   -35   -21    -9    46     6   -44    -8    21   -35    13   -44   -32    10    -5     5    32   -20   -13    35   -21     6    -8    -8 
   25   -16   -20    31   -20   -19     4    16    16   -19   -20    31   -20   -16    19    25    38   -28    20     8     8    20   -22    47    11    11   -22    -4     8     8    20   -13     8    22 
   17   -34    28    -4    -8   -27     6     0    -8   -27    -8    -4    28   -34   -29    17   -40     8   -44    38     2   -34   -10    11    -4    -4   -10    16     2    38   -44   -17   -38    16 
   26    -3    11   -37    39    -6   -42    30    -6     6   -39    37   -11     3   -12   -26   -18     6   -33    15   -33   -18    18     0    33   -33   -18     2    33   -15    33   -36   -22    -6 
  -30    24    -2    39    10    -2    -9   -30   -10     2   -10   -39     2   -24   -34    30    24   -18    14   -12   -24   -21   -12   -30     9    -9    12   -14    24    12   -14    -2    19     0 
   41    24   -36   -36   -44    13    19    19     1    13   -44   -36   -36    24    19    41    41    23    12     8    32   -13    -4    41    -4    -4    -4   -19    32     8    12   -27   -13    -1 
  -44     0   -18   -30    14     4    20    23    -5    -4   -14    30    18     0   -20    44    -5    31    -6   -26   -14     4   -14     4    22   -22    14    43    14    26     6   -12   -26    19 
    1    18   -16     2   -16   -45    -8    -5     7    45    16    -2    16   -18     7    -1    21    27    12    18    30   -48    24    33    18   -18   -24     7   -30   -18   -12    -9    40    -7 
   47    -3    17    -3    27   -39    12    36    36   -39    27    -3    17    -3    -3    47    36   -12    23    15   -45   -12    45   -39    45    45    45    20   -45    15    23   -43    20   -28 
   24    16    -6    14    -6   -28    21    -6     6   -28    -6    14    -6    16     6    24    12    30     6    -6   -18   -39     6   -30    30    30     6    10   -18    -6     6    30    37   -28 
  -28   -14    -6   -42    18   -24     4   -26   -30    24   -18    42     6    14    -6    28   -30   -18    26   -24    24    36    24    18     6    -6   -24    -6   -24    24   -26    34     6    38 
  -14    14     4   -50    16    26   -16    20    40    26    16   -50     4    14     4   -14    38    32   -20   -28    32   -40   -13   -40    14    14   -13    44    32   -28   -20    28   -28   -30 
    0    14   -20    16   -20     4   -16   -34   -38     4   -20    16   -20    14     4     0   -22    14    40   -10   -22   -40   -22    32    32    32   -22   -38   -22   -10    40    40    -2   -18 
   26    48   -12     1   -36   -30   -48    36    36    30    36    -1    12   -48    12   -26    36    12   -12    -6    18    48     9    12     9    -9    -9    -4   -18     6    12     0   -28   -12 
    0     3    -3     6    15    24    48    -6     6    24    15     6    -3     3    18     0    18    18    31    27   -45   -24    33   -42    30    30    33    30   -45    27    31   -14     0    30 
   12     8   -22   -24   -18    20   -42    27   -45    20   -18   -24   -22     8    18    12     5    -1    10   -28     8   -10    44   -10     8     8    44   -17     8   -28    10    10   -32   -35 
   34    20   -28    10     4    -6    20     8   -32    -6     4    10   -28    20    10    34   -28     8    12   -28    44   -28     8   -10   -10   -10     8     0    44   -28    12     6   -36   -20 
   -4    16   -10     7   -46    28   -26    10   -26   -28    46    -7    10   -16   -26     4    34   -14    14    -8     4   -26   -29    10   -17    17    29   -18    -4     8   -14    34     6    46 
   16    -8    32   -46    44    -4   -22   -22    46     4   -44    46   -32     8    28   -16    -8   -50   -20   -32    16    10   -26   -44   -14    14    26   -46   -16    32    20   -28    14    16 
   16   -36   -50    -1    14   -36     1    19    13    36   -14     1    50    36    16   -16    21   -45    18     6    18   -27   -45    36    45   -45    45     5   -18    -6   -18    12    47   -25 
  -36   -12    26    51     6    32    -8     4   -36   -32    -6   -51   -26    12   -48    36   -36    36    50    -6    30     0   -33    36   -15    15    33   -20   -30     6   -50   -44    40   -20 
  -14   -16    16   -14   -24   -50   -11    31    33   -50   -24   -14    16   -16    24   -14    17   -37   -24    26     2   -19   -16     8     2     2   -16    37     2    26   -24   -12    37   -29 
  -26    28   -10   -12    26   -26    -8    -8    40    26   -26    12    10   -28    52    26    -8    -8    22    28    16    -8    -2    -8   -20    20     2   -40   -16   -28   -22   -28    14    32 
  -43    35   -39   -16   -23   -39   -15    24    28   -39   -23   -16   -39    35    -5   -43    14    -4   -11    47   -13   -31    -4    23   -40   -40    -4   -40   -13    47   -11    43   -13   -30 
  -25     2    42    -5    50     3    22    40     8     3    50    -5    42     2    17   -25    32   -40   -46    20    -4    14    -4    41   -13   -13    -4    -8    -4    20   -46   -19    16   -48 
   18    54   -30   -34   -38    34    26   -34     2   -34    38    34    30   -54    26   -18   -26    -2     2    10    34   -38    34    34   -38    38   -34    18   -34   -10    -2    22    36     2 
  -13   -39    -9    11    17   -29   -14    -2     2   -29    17    11    -9   -39    11   -13   -22   -34   -43    29    41     2   -49    -7   -31   -31   -49    34    41    29   -43    -7   -14    22 
  -12    -6   -44    21    12    16   -24   -36    24   -16   -12   -21    44     6   -24    12    -6    24     0    48   -12     0    30     0     9    -9   -30    -4    12   -48     0   -24    32    30 
   32     0   -32    18    -8     0     5    32   -20     0    -8    18   -32     0   -20    32    12   -24    24    18    -6     9    42     0   -18   -18    42   -28    -6    18    24   -24   -31    48 
    2   -39   -47    12    27    22   -14    -2   -30    22    27    12   -47   -39    36     2    42     6     7   -15    45    42    36   -12     0     0    36    10    45   -15     7    -8   -50   -26 
   10    -6    10    13    30    -2    51    30    30     2   -30   -13   -10     6   -24   -10   -18     6     6     6    30    -9     0     0    -3     3     0   -42   -30    -6    -6   -36   -15    -2 
    4    20    24   -32   -16    20     0     6    26    20   -16   -32    24    20    20     4    -4   -46    -8   -40   -40    32    26   -40   -16   -16    26   -26   -40   -40    -8    40    40    -4 
   16    -5    21   -41    19     4   -15    12    44    -4   -19    41   -21     5   -10   -16     4   -44   -41    19   -17    49   -20   -14    13   -13    20   -28    17   -19    41    50   -13     4 
  -26     2    20   -15    56    14     3    42   -38   -14   -56    15   -20    -2   -32    26   -20    -2   -52    -8    52    43   -29   -20    25   -25    29   -50   -52     8    52    -8    13   -40 
  -42   -16    32   -13   -28     2    41    20    -8    -2    28    13   -32    16    16    42    40   -20   -12    28   -20   -47    -2   -20   -29    29     2   -16    20   -28    12    24   -25   -28 
  -34   -34    36    24   -24    18    -4     5    45    18   -24    24    36   -34     6   -34     9   -15   -36   -18    42   -36    -9    54   -24   -24    -9   -39    42   -18   -36    54    12    53 
  -44     4    36    18    -4    -4     4    37     5    -4    -4    18    36     4   -46   -44   -15     9    12    42    18    12   -48    -6    30    30   -48    25    18    42    12   -42    28   -11 
    5   -12    32    50   -20   -35     8    -4    -8   -35   -20    50    32   -12   -47     5    20    -4    20   -10    14   -40   -13     5    50    50   -13    40    14   -10    20   -43    34    -8 
   14   -58    12   -49    36   -22   -37    20   -36    22   -36    49   -12    58    18   -14    -8     4    40    -2   -14    -5   -14   -50    -5     5    14   -20    14     2   -40    50   -41    -8 
    6   -28   -36    -5    44    26   -32   -26   -38   -26   -44     5    36    28   -32    -6   -20   -14    20   -20     4    40    58     4    -5     5   -58   -10    -4    20   -20    40    26   -20 
   11    22    18   -40    -6   -15    28    -5    39    15     6    40   -18   -22   -27   -11    21    51    -6    -6   -54   -36   -39    27    48   -48    39   -33    54     6     6   -27    -6   -15 
   55    25     9    48   -45   -39    10    10   -30   -39   -45    48     9    25    45    55     6    -6    23    -9    51    18   -45     9    48    48   -45    18    51    -9    23   -19   -54    30 
  -24   -25   -15    32   -19   -52   -35    -5   -25   -52   -19    32   -15   -25    50   -24   -15   -45    29   -45   -21     9     6    18   -12   -12     6   -57   -21   -45    29    14   -21    33 
   48    40   -42    38   -42   -32   -30    18   -18   -32   -42    38   -42    40     0    48    18    18   -22   -18    -6    18    12     0    30    30    12   -50    -6   -18   -22    32     4     6 
  -20     4   -52    18    20    36   -29    -2    22   -36   -20   -18    52    -4   -44    20   -20    10    -4    -8    40   -29   -20   -20   -26    26    20    26   -40     8     4   -20   -55    36 
  -12    47    19    -1    13   -12    22    58    10   -12    13    -1    19    47    -8   -12    20   -10   -27   -25    -1    38    -4    56    -7    -7    -4   -42    -1   -25   -27   -48    -6     0 
   25    45   -23    -5    55   -19    10    28   -56   -19    55    -5   -23    45    55    25   -10     8    -1    17    17   -46   -46    17    53    53   -46   -12    17    17    -1     5    12   -26 
  -33    45    17   -28   -17   -33   -25   -16    -4    33    17    28   -17   -45     5    33   -38    28   -17   -53    19   -17    10    37    -8     8   -10   -32   -19    53    17   -13     1   -10 
   34   -16    34    -5     6    46   -24    33    39   -46    -6     5   -34    16   -24   -34    15     9   -38   -48   -12   -48     0    24   -15    15     0    55    12    48    38    20    -8    29 
   10    34     8    -8   -40    -6   -39   -24   -32     6    40     8    -8   -34   -14   -10   -24   -48    28   -30   -42   -27     9   -18    24   -24    -9    56    42    30   -28    26    47   -56 
    6    20   -54    -2   -14   -50   -30   -12    -8   -50   -14    -2   -54    20   -20     6   -12    12    54     0    12    -6    -6    12    -6    -6    -6   -16    12     0    54     0   -28    40 
    6     1   -21    12    -9    34    -9   -15   -27    34    -9    12   -21     1    36     6    15   -39    55   -51    45   -45    42     0   -24   -24    42    21    45   -51    55    52    45   -25 
  -12    -4    12   -26   -12    -4   -44   -26   -42    -4   -12   -26    12    -4    36   -12   -24    -6    28   -36   -60   -12    27    24     6     6    27    26   -60   -36    28    -8    20   -44 
   40     2     0   -29     0    12    48    27     3   -12     0    29     0    -2   -12   -40    45   -21   -44   -18    -6   -24    -3    12    27   -27     3     3     6    18    44    44   -54    13 
   12    50    36   -28   -32   -60   -20    -5    -7    60    32    28   -36   -50   -40   -12   -27    27   -12   -12     0   -12   -15   -48    24   -24    15     1     0    12    12   -48   -20    43 
  -25   -50     0    12     0   -19   -20   -44   -12    19     0   -12     0    50   -15    25    12    12    20   -12     0   -60   -36   -51     0     0    36   -20     0    12   -20    43   -20    -4 
   41    57    19    11    41    59    -8    19   -43    59    41    11    19    57    17    41    57   -45    57    27   -45   -48   -60    33   -57   -57   -60    53   -45    27    57   -15    20    15 
   18    42   -26    12    42   -34   -57    30    30    34   -42   -12    26   -42    18   -18    -6    30    50   -30    -6   -45    42   -18   -36    36   -42   -34     6    30   -50    34    41    -6 
  -19   -18    32   -50     4   -49   -42     0    32    49    -4    50   -32    18   -37    19     0   -24    -8    18   -42   -18    24    45   -54    54   -24    24    42   -18     8    35    42   -32 
  -51    60    32   -11   -16    19   -20    22    50    19   -16   -11    32    60    35   -51   -18   -42    -8    48     0    12   -27    39   -27   -27   -27    18     0    48    -8    19   -30   -38 
   16   -25    -3     8    29     0    20    26    -2     0   -29    -8     3    25   -20   -16   -32    -2   -15    37    25   -20    34   -20    16   -16   -34    34   -25   -37    15    36   -20    40 
   21    20    48   -36     4   -19   -40    32   -40    19    -4    36   -48   -20    35   -21    16   -56    44    16    40   -56    22   -11   -32    32   -22    32   -40   -16   -44    -5   -40    -8 
  -36     9    53    10    39    52    34     1    51    52    39    10    53     9   -36   -36    27     9    51     9   -51   -54    -6    36   -42   -42    -6    43   -51     9    51   -12   -26    57 
   -4    51   -13   -30     9    28   -31    14   -42   -28    -9    30    13   -51    -6     4     6     6   -11     9    21   -51   -12    30    18   -18    12   -18   -21    -9    11   -10    39   -42 
   56    -2   -28    46     4    28   -43    44    20   -28    -4   -46    28     2   -28   -56    28     4    48    52   -56    13   -47     4    -2     2    47    12    56   -52   -48   -12    51   -12 
   22   -14   -28    51   -32    34   -31   -58   -22   -34    32   -51    28    14    14   -22    28   -14     4   -14    22    49    49   -14    -5     5   -49   -10   -22    14    -4   -58   -37   -12 
   37   -20   -30   -40    58    29   -25    -4    -4   -29   -58    40    30    20    35   -37   -32    28   -26    10   -26   -41    34    13     4    -4   -34    -4    26   -10    26    35   -49    56 
   24    -8    24    52   -24     0    58    58    18     0    24   -52   -24     8   -12   -24    -2   -62    56   -32    40   -14    28     4    52   -52   -28   -22   -40    32   -56   -20    50   -10 
   26   -51    27    44    31     2    -6   -15    37     2    31    44    27   -51   -56    26   -33    33    39   -39   -15    -6    24    48     0     0    24    45   -15   -39    39   -12    30    39 
   30     0   -60    18    60    42    20   -10    18    42    60    18   -60     0    30    30    24   -30   -28   -42   -18    12    12    30    42    42    12   -58   -18   -42   -28    14   -28   -12 
   18   -38   -50     5   -22    30    12     6   -10    30   -22     5   -50   -38   -58    18   -18     6    58    -6    -6   -12   -24    42    39    39   -24   -26    -6    -6    58    58   -26   -26 
   -2    35    35     1   -57   -62    10   -23    33   -62   -57     1    35    35    30    -2    15     9   -61    21     9    -6    42    -6    39    39    42     9     9    21   -61    26    54    11 
   48   -48     8    33    12    52   -32   -17    -9   -52   -12   -33    -8    48    18   -48    19    31    12    -8   -56    -8    10   -26    31   -31   -10    -1    56     8   -12   -42    56    -1 
  -62   -48    46   -12    18   -10    -8    -8   -24   -10    18   -12    46   -48    12   -62   -28    32   -42   -10     2     8   -64   -28    32    32   -64    32     2   -10   -42   -24    32   -44 
  -17     8    -8     4    12   -13    52    22     6    13   -12    -4     8    -8   -33    17    22   -50   -36   -14    10     4    19    31    -8     8   -19    -2   -10    14    36   -51    40   -34 
   51    19    17   -39   -49   -21    14   -13   -19   -21   -49   -39    17    19    59    51    23   -13   -53   -13    -1   -58   -37   -31    35    35   -37     5    -1   -13   -53   -23   -16   -35 
   11    10   -44     4    56   -19   -15   -24   -16   -19    56     4   -44    10     5    11   -24    24    -4    12   -48    21    45   -51    12    12    45   -48   -48    12    -4    41    27   -24 
   29   -56    -8   -16   -24    -1   -44   -26    -6     1    24    16     8    56    -9   -29   -42    30    40   -60   -36    60   -57    -3    12   -12    57    18    36    60   -40    11   -24    -6 
  -39     3    15     6   -21    -1    42     3    -3     1    21    -6   -15    -3    -3    39   -45    39   -17     3    15    18    54   -63    -6     6   -54    41   -15    -3    17    11   -10   -39 
   51   -42    60    -2   -56   -43   -13   -58    62    43    56     2   -60    42   -13   -51    60    42    60    12     0    15   -36   -21    18   -18    36     2     0   -12   -60   -63    35   -24 
  -23   -60    20   -28    28    -7    20    14    50     7   -28    28   -20    60   -25    23   -14    22   -44   -44    52   -44   -26   -17    40   -40    26    10   -52    44    44    17   -32   -10 
    4   -39   -35    52    59    60   -24    60   -64    60    59    52   -35   -39    -4     4    38   -40   -37   -19   -43     8   -10    44    -4    -4   -10    -4   -43   -19   -37    20    62    -2 
   30    23     7     7    65    18   -23   -26    -2   -18   -65    -7    -7   -23    -8   -30    10   -26   -55   -29   -29    25   -17    16    49   -49    17   -34    29    29    55   -20    29    18 
   48    -2   -10   -34   -22   -52   -62   -14     2   -52   -22   -34   -10    -2   -22    48   -10   -46   -38   -16   -16     2   -46    38    14    14   -46    34   -16   -16   -38    34    34   -18 
   66    22   -56    10    -4    58   -28    47   -25    58    -4    10   -56    22   -28    66    -7   -13    40    32    20    20    14   -52    26    26    14   -29    20    32    40    40    40     1 
   28    25   -47    46   -47    24   -45    24   -20    24   -47    46   -47    25   -20    28    20   -40    49   -61   -37   -61   -34    56    50    50   -34   -20   -37   -61    49    -8    13    40 
  -17    30    30    30    -2    21    15   -15    25    21    -2    30    30    30    -5   -17   -21    33   -66     6     6   -21   -30   -39    42    42   -30    17     6     6   -66   -15    41   -41 
  -34   -36     6    15     6    34    -6   -36    60    34     6    15     6   -36    54   -34    60    60    42     0    36    42     0   -30   -27   -27     0    28    36     0    42    42   -14   -52 
  -66     3    49    56    11   -30   -38    -5    -5    30   -11   -56   -49    -3   -38    66    39    63   -53    15    39    42    24     6    36   -36   -24    39   -39   -15    53   -22     6    -1 
