3 0
100
    1     1     1 
   16     0  -264 
    4     6     6 
    1     1     1 
    1 0     1 1     1 0 
   16    40  -264 
 -157 -126   -92 4  -157 -126 
    0 -1     1 0     0 -1 
  357 -105  -105 -84   357 -105 
    2 0     1 1     2 0 
   12   -10  -108 

    1    -1    -1 
   -1    -1     1 
   -1    -1     1 
   -1     1     1 

   -1     1     1 
    0     0     0 
    1    -1    -1 
   -2    -4     4 
    2     0    -2 
   -4    -6     6 
    4     6     6 
    4    -2    -6 
    1     1    -1 
   -8    -8     0 
  -10    -2     2 
   -2   -10    -2 
    0    12    -8 
   12   -12     8 
    1    -1    -1 
   -2     2    -2 
   -2     6     4 
    8    -8    -2 
   -4     0    10 
    4    16     4 
  -12     8    12 
   -4   -10    -8 
    8    -6    -8 
   10     0   -12 
  -14     8   -14 
   -6    -2    -2 
   10     6   -10 
   -8    -8    -8 
    8    -8    16 
  -10     2   -10 
   -6     6    16 
  -18   -18    10 
   -2     2   -16 
   14   -18    -6 
   14   -18    18 
   12   -12    -4 
   -4    -4    -4 
   10   -14     6 
   16   -26   -12 
    0    -2    16 
   22   -22    10 
  -10     6     6 
   16    26    16 
   20    14    24 
   16   -16    24 
    8   -16    -8 
  -24   -16    -8 
    8   -24   -12 
  -18    -6   -14 
  -10    -2   -18 
  -24    16    12 
   -8     0     8 
  -26   -28   -14 
   18   -24    -4 
  -14     0   -18 
   26     0    16 
  -14   -14    10 
   -4   -20    10 
   24   -12    26 
  -22   -14    26 
   -6    -2   -10 
  -30   -18    24 
   14    18    14 
  -20   -20    20 
   28     8    -4 
  -26   -24    28 
    6     0   -18 
   -6    22    -2 
  -16     8    -8 
  -24   -24    24 
   20     4    24 
   -4    36     4 
  -32    24    30 
  -24    -8   -22 
  -30   -10   -26 
  -38   -14   -32 
   -2   -18    38 
  -34    -2    14 
  -22     6     2 
   18    18   -12 
  -24   -24     0 
  -20     0   -20 
  -10   -38    14 
  -10    -6    -6 
  -14   -10    -2 
  -14   -38    -6 
  -12     6    18 
    0    10     6 
   38    -6    30 
  -18   -18   -12 
   32    32    20 
   16    20   -16 
    0    -8   -18 
  -20     0   -30 
   16   -28    16 
   32   -24    12 
   20    -4   -40 
   20   -16    20 
   14    36    10 
  -10    20     8 
