2 0
200
    1    -1 
    0     0 
    6     4 
    1     1 
   -5 3     7 3 
  192   128 
   48 -91    48 -91 
    1 0     1 0 
 -130 -230  -130 -230 
    3 -1     3 -1 
    6     4 

    1     1 
    1    -1 
   -1    -1 
   -1    -1 
   -1    -1 

   -2     0 
   -1    -1 
   -1     1 
    1     1 
    1     1 
   -2     0 
   -6     4 
    8     0 
   -4     8 
   -6     4 
  -10     6 
  -10     6 
   -8    -8 
  -10   -12 
   -2   -14 
   10   -10 
    6   -10 
    6     0 
  -14     8 
   -8     4 
   14     0 
    2    -4 
  -12     0 
   -6    10 
   -6    10 
   -6   -14 
  -14     2 
    0   -16 
  -12     8 
   10   -14 
  -18   -14 
   -2    10 
    1     1 
  -14    -2 
  -18    14 
   12    -4 
  -22     8 
   -6    10 
  -20   -12 
   -6   -16 
  -18   -10 
   14   -10 
  -12    -8 
   -6   -12 
   -2    20 
    4   -16 
    2    -4 
   28    16 
  -10   -10 
   -6     6 
   30     0 
  -24   -12 
  -26     2 
   22   -14 
   -2    -2 
   14   -18 
  -14    18 
   14   -12 
  -18   -28 
  -10    -6 
  -26   -22 
   10    -2 
  -18   -18 
   22   -32 
    4    28 
  -30   -30 
   22    18 
   10    10 
  -16     8 
   -8     8 
  -20   -20 
   16   -12 
   34    12 
    6    36 
  -10   -26 
  -30     6 
   22    -2 
  -34    14 
   -6     2 
   18   -30 
   12   -28 
    0   -20 
  -22    38 
   30   -26 
  -14    34 
   26     2 
   36    20 
   28   -28 
  -30    18 
    6   -30 
  -28    16 
  -26     4 
   -6    -8 
  -30     8 
  -26    12 
   10     4 
   22   -40 
   -6     0 
   10    30 
   -2    30 
   14    10 
   18    10 
   -6     2 
  -14     2 
  -26    -8 
  -30    32 
   18    -4 
  -32   -24 
   42    -6 
   -6    -6 
  -10   -16 
   32     4 
   40   -40 
   30   -28 
  -30    18 
  -38   -14 
   44    -4 
   30    16 
   48     0 
   20    24 
  -18    14 
  -18    14 
   30    38 
   26    22 
   30    24 
  -46   -16 
  -42     8 
  -12    20 
   34   -26 
  -34     6 
    8   -32 
    0   -16 
  -44     8 
   38    28 
   36    -8 
    2    20 
   -2   -10 
   14   -26 
  -14     6 
  -26   -26 
  -18   -34 
   46    30 
  -16   -48 
    4    40 
  -10    46 
  -50   -18 
  -20     0 
  -16   -24 
  -30   -54 
    6   -32 
  -50     0 
   18   -36 
  -28   -16 
  -54   -46 
   42    50 
   14    32 
   18    40 
   28   -28 
  -10   -40 
   24   -48 
  -10    28 
   18     2 
  -14    34 
  -42    48 
  -60    12 
   24    36 
  -18   -16 
   26     2 
   18   -30 
  -28   -24 
  -30    52 
   58   -12 
   10    20 
  -26   -42 
  -42   -42 
   14   -34 
  -50   -34 
    2    20 
   -8   -32 
  -10    10 
   -6    42 
    6     6 
   54     6 
  -24    -8 
   40     8 
   34     6 
   46   -26 
   36   -32 
  -12   -16 
   54   -42 
  -18    54 
  -22     8 
   44    60 
   -6     2 
  -18   -46 
   56    28 
   34    16 
    6    30 
   18   -66 
   10    26 
