1 12
100
    1 
   -8 
    2 
    1 
    1 0 
   -8 
 -117 40 
    1 0 
 -121 -77 
    0 1 
   -4 

   -1 
    1 
   -1 
   -1 

    2 
    1 
   -3 
   -2 
   -1 
    0 
   -4 
    1 
   -4 
    8 
   -2 
   10 
    2 
   12 
    8 
    2 
    4 
   -8 
    0 
    6 
    0 
    6 
   -2 
  -10 
   -2 
   -2 
   10 
  -14 
   -8 
    2 
    6 
    6 
   -8 
   10 
  -10 
   12 
  -18 
    2 
   20 
   -8 
    6 
    2 
   18 
  -12 
   10 
   -8 
    0 
  -20 
    8 
  -10 
   24 
   -6 
    6 
   10 
  -26 
  -12 
    8 
   -8 
  -24 
    0 
    8 
  -14 
   14 
  -10 
    0 
  -24 
   18 
   26 
  -16 
  -32 
   28 
    6 
   16 
  -16 
  -26 
    4 
  -26 
  -12 
  -10 
   34 
  -10 
   16 
  -14 
  -26 
   20 
   36 
  -12 
   24 
  -18 
  -30 
  -16 
  -26 
   36 
   12 
   16 
  -12 
  -36 
   20 
   -6 
  -12 
