2 0
200
    1    -1 
    0     0 
    8     4 
    1     1 
    7 0     2 3 
   24    24 
   11 -82    11 -82 
    1 0     1 0 
  480 -60   480 -60 
   -1 2    -1 2 
   -1    -1 
    0     0 
    0     0 

    1    -1 
    1    -1 
    1     1 
   -1    -1 
    1    -1 

   -1     1 
   -1     1 
    0     0 
   -2     2 
    1     1 
   -4     0 
    0     0 
   -8    -8 
    0    -8 
    4    -8 
    2     6 
   -6    -6 
    8   -12 
    0     0 
   14     6 
  -14     6 
    2    10 
  -12    12 
   -1     1 
    4   -12 
  -16     4 
   -8   -16 
  -16     0 
   -6     6 
   -2    10 
  -18    14 
  -10   -14 
    4   -12 
  -16   -16 
    2   -14 
    6    -2 
    6     6 
  -18   -10 
   -2    22 
  -10    -2 
    4     4 
   -4     4 
  -14    14 
   12   -16 
  -20     8 
  -18   -22 
   -2    10 
    8    24 
    0     8 
   -8    -8 
   16     8 
   -8    -8 
   16     0 
   -6   -22 
    2    10 
  -28    28 
   -4   -12 
   22    -2 
  -26   -18 
  -30   -22 
    6    -2 
  -26   -14 
    8   -24 
   32   -24 
   14   -26 
  -26   -10 
   -2   -26 
  -10    14 
    4    -4 
   28   -20 
   14     6 
   26   -30 
    6   -26 
  -32   -24 
  -12    -4 
   12    28 
   28   -20 
    8   -16 
   24    12 
  -38     2 
  -30    -6 
   34    10 
  -30    18 
   18    34 
    6   -34 
  -12     4 
   12   -12 
   -2   -14 
  -10   -18 
    6    30 
  -18    26 
   12   -12 
   20   -36 
   18    18 
  -30   -10 
  -20    -4 
  -16     8 
   12    24 
  -20   -28 
   20   -20 
  -28    32 
   -8     8 
   24    24 
  -26     6 
  -38   -30 
  -38    10 
   18    30 
  -14   -46 
   34    34 
   12   -12 
   12    44 
   24     4 
   24    -8 
   10     2 
  -30    -6 
   48    -4 
   -8    44 
   48    -8 
    0     0 
  -42    -2 
   -2   -30 
   16    36 
   24    16 
    0   -32 
  -24    28 
  -30   -14 
   -6    -6 
   14    38 
  -34    14 
  -44    36 
   28    36 
   20    44 
    8    32 
   42   -10 
  -38    14 
  -24    -4 
  -16   -20 
  -12     8 
   44   -20 
   -4    20 
   32    32 
    6    22 
  -18    42 
  -38    18 
   30    18 
   -6    22 
  -42   -42 
   -4   -24 
   -8   -40 
  -30    18 
   34   -14 
   24     0 
  -24   -24 
   22     6 
  -20    20 
  -16    12 
   24     0 
   24   -36 
  -30   -30 
   -2   -42 
    4   -20 
  -36   -44 
   32    20 
   32   -24 
  -40   -48 
    0   -12 
  -38   -14 
  -10    14 
  -60    24 
   12   -28 
   36    24 
    4   -36 
   18   -34 
  -18   -42 
  -40    16 
  -24     4 
  -40   -32 
   12    24 
   58   -42 
  -34     6 
  -22    38 
    2    42 
  -28   -24 
   -4   -56 
    6     6 
    6    46 
  -30   -62 
   54     6 
   20    36 
    4    40 
  -58    22 
  -50   -14 
   24   -20 
   64    32 
  -18    54 
   -6    10 
   24    -8 
   -4    12 
    2     2 
   34   -34 
    0     8 
  -44   -52 
   18    42 
   10   -30 
  -14   -46 
