1 0
100
   -1 
    0 
    5 
    1 
   -2 1 
  800 
 -150 86 
   -1 0 
  301 -172 
    2 0 
  200 

    1 
    1 

   -1 
   -1 
   -1 
   -2 
    2 
   -4 
   -1 
    6 
  -10 
    0 
    4 
    4 
   -4 
    6 
  -10 
   -9 
    1 
    6 
   -4 
   -8 
  -10 
    0 
    0 
   -8 
  -14 
    7 
    5 
    4 
    4 
  -12 
    0 
   18 
    0 
   -4 
   18 
    3 
   19 
    6 
   -9 
   -1 
  -13 
  -23 
  -21 
    5 
  -20 
   16 
    1 
   25 
   23 
  -15 
   24 
   12 
  -14 
  -22 
    3 
  -21 
   10 
   32 
   12 
   28 
  -28 
  -27 
  -23 
   28 
  -12 
  -21 
   31 
  -18 
   20 
   24 
  -10 
    4 
   27 
  -23 
   -6 
  -32 
  -17 
    7 
   -3 
   23 
    3 
  -11 
   32 
   20 
  -20 
  -28 
   32 
  -14 
  -24 
  -36 
   24 
   -8 
  -36 
   12 
   14 
   38 
   41 
   13 
   34 
   22 
