1 2
100
    1 
    8 
    4 
    1 
    1 0 
    8 
 -139 93 
    0 -1 
  -93 -93 
    2 0 
    2 

    1 
   -1 
   -1 
   -1 
    1 

   -1 
    1 
    1 
    1 
   -2 
   -4 
    0 
    0 
    1 
   -1 
    6 
   -2 
    0 
   -8 
    2 
  -10 
    6 
  -12 
   12 
   12 
  -12 
   16 
    8 
   10 
   -6 
    2 
   -6 
    0 
   -8 
  -14 
    2 
  -22 
    2 
   -2 
   14 
  -12 
   20 
   -6 
   12 
  -20 
   22 
   -2 
   24 
   -8 
   24 
    0 
    0 
   16 
    6 
   22 
  -12 
  -12 
  -22 
  -14 
    6 
  -26 
  -30 
   32 
  -24 
   18 
   -6 
  -10 
   30 
  -20 
  -20 
  -30 
   -6 
  -22 
  -16 
   16 
   -4 
   28 
   32 
  -24 
   30 
  -34 
  -34 
  -10 
  -30 
  -14 
  -20 
   12 
  -26 
    6 
  -14 
    2 
   -4 
    4 
    2 
  -14 
  -16 
   40 
  -20 
   12 
   -8 
  -32 
   -4 
  -44 
   30 
   -2 
