1 0
100
    1 
    0 
    6 
    1 
   -5 3 
   64 
  -25 -51 
    0 -1 
  119 -17 
    2 0 
    8 

    1 
    1 
   -1 

   -2 
   -1 
    0 
   -2 
   -1 
   -2 
   -4 
   -4 
    0 
   -2 
   -6 
    2 
    5 
   13 
   -1 
    7 
   -9 
   -7 
   -5 
  -11 
    3 
   -8 
   -6 
    9 
  -17 
  -16 
   -8 
  -15 
  -13 
    6 
    4 
   -3 
  -23 
   17 
  -17 
   -4 
    0 
   -6 
   11 
   -3 
  -16 
   24 
   -8 
  -12 
    0 
   20 
  -16 
    4 
  -23 
    1 
   12 
  -12 
  -29 
    3 
  -16 
  -30 
    1 
   -4 
   24 
  -14 
  -16 
    0 
   12 
   16 
   20 
   21 
  -27 
   18 
    6 
   22 
  -24 
   -6 
  -24 
  -24 
  -21 
    9 
   18 
   30 
   -6 
   24 
   30 
  -32 
  -37 
   -9 
  -23 
   -5 
  -12 
  -20 
   -6 
   24 
   -3 
  -41 
   27 
  -13 
  -30 
  -36 
  -30 
  -32 
   -1 
    1 
