1 0
100
    1 
    0 
    6 
    1 
    2 3 
   64 
   77 -51 
    0 -1 
   51 51 
    2 0 
    8 

    1 
    1 
   -1 

   -1 
   -2 
    0 
   -1 
   -2 
   -2 
   -4 
   -4 
   -2 
    0 
    2 
   -6 
   13 
    5 
   -1 
   -9 
    7 
   -5 
   -7 
    3 
  -11 
   -6 
   -8 
  -17 
    9 
   -8 
  -16 
  -13 
  -15 
    4 
    6 
  -23 
   -3 
  -17 
   17 
    0 
   -4 
   -6 
   -3 
   11 
   24 
  -16 
  -12 
   -8 
   20 
    0 
    4 
  -16 
    1 
  -23 
  -12 
   12 
    3 
  -29 
  -30 
  -16 
    1 
   24 
   -4 
  -16 
  -14 
   12 
    0 
   20 
   16 
  -27 
   21 
   18 
   22 
    6 
   -6 
  -24 
  -24 
  -24 
    9 
  -21 
   30 
   18 
   24 
   -6 
  -32 
   30 
   -9 
  -37 
   -5 
  -23 
  -20 
  -12 
   24 
   -6 
  -41 
   -3 
  -13 
   27 
  -36 
  -30 
  -32 
  -30 
    1 
   -1 
