1 4
100
    1 
    4 
    2 
    1 
    1 0 
    4 
 -157 84 
    0 -1 
  -63 -105 
    2 0 
   -2 

    1 
    1 
    1 
   -1 

    0 
   -1 
    3 
   -2 
   -2 
   -1 
   -3 
    6 
   -7 
    2 
   -9 
    9 
  -11 
   -8 
    1 
   12 
  -12 
   10 
    4 
    6 
   12 
    3 
  -12 
    9 
    6 
    5 
    2 
    6 
   15 
   -9 
   -3 
   -9 
   -6 
   -2 
   10 
   -6 
    9 
   -8 
  -21 
  -24 
  -16 
   20 
   24 
  -18 
  -11 
   16 
    6 
  -15 
  -14 
    4 
   -9 
  -18 
    9 
   15 
   17 
  -10 
    6 
    5 
   -4 
   -6 
  -24 
  -15 
    6 
    1 
  -26 
   29 
  -25 
  -13 
   22 
    1 
    4 
  -23 
   -7 
  -16 
  -18 
  -18 
   29 
   35 
   10 
   -5 
   15 
  -18 
    6 
   30 
  -33 
  -18 
    3 
  -12 
   28 
  -20 
   40 
   -5 
  -27 
  -30 
  -40 
    5 
  -25 
  -16 
   15 
   39 
