18 12
100
   -1    -1    -1     1     1     1    -1    -1    -1    -1     1     1     1    -1    -1    -1     1     1 
    0     0     0     0   -40   -16     0     0     0     0    32   -16    56     0     0     0  -120   -72 
    8     7     7     5     4     4     9     9     9     8     8     8     7     6     5     5     3     3 
    1     1     1     1     1     1     1     1     1     1     1     1     1     1     1     1     1     1 
    2 3     1 4    -5 4     1 1     1 0     1 0    -5 4    -5 4     2 3    -5 4     1 0     1 0     1 0    -5 4    -5 4     2 3     1 0     1 0 
   20    32    32    24   -40   -16    24     8    32    12    32   -16    56    12    24    48  -120   -72 
  113 -28   113 -28   113 -28    76 -47    76 -47    76 -47   113 -28   113 -28   113 -28   113 -28    76 -47    76 -47    76 -47   113 -28   113 -28   113 -28    76 -47    76 -47 
    1 0     1 0     1 0     1 0     1 0     1 0     1 0     1 0     1 0     1 0     1 0     1 0     1 0     1 0     1 0     1 0     1 0     1 0 
   54 198    54 198    54 198   216 -18   216 -18   216 -18    54 198    54 198    54 198    54 198   216 -18   216 -18   216 -18    54 198    54 198    54 198   216 -18   216 -18 
   -1 2    -1 2    -1 2     1 1     1 1     1 1    -1 2    -1 2    -1 2    -1 2     1 1     1 1     1 1    -1 2    -1 2    -1 2     1 1     1 1 
    6     1    -1     6     4    -4     1    -3     3    -2     8    -4    10    -2     1    -5   -18   -18 

    1     1    -1    -1    -1     1     1     1    -1    -1     1     1     1     1     1    -1     1     1 
    1    -1     1     1    -1     1    -1     1    -1    -1    -1    -1     1    -1     1    -1     1    -1 
    1     1     1     1     1     1    -1    -1    -1    -1    -1    -1    -1    -1    -1    -1    -1    -1 
    1    -1    -1     1    -1    -1     1    -1    -1    -1    -1    -1     1     1    -1    -1     1    -1 

    0     0     0     0     0     0     0     0     0     0     0     0     0     0     0     0     0     0 
    0     0     0     0     0     0     0     0     0     0     0     0     0     0     0     0     0     0 
   -1    -1    -1    -1    -1    -1     1     1     1     1     1     1     1     1     1     1     1     1 
   -2    -1    -1     1     2     2    -3    -3    -3    -2    -2    -2    -1     0     1     1     3     3 
   -1     1     1    -1     1     1    -1     1     1     1     1     1    -1    -1     1     1    -1     1 
   -4    -5     4    -4    -5     4     0    -6     0    -4     2     5    -2     0     2     2     6     0 
   -2    -4     5    -5    -7     2    -3    -3     3     2     8    -7     7    -6    -7    -1     3     3 
    3    -3     3    -3     0    -3    -9    -3    -3     1     7    -8    -1     9     1     1     3    -3 
    6    -3    -6    -6     0     6     2    -4    -4     1     4    -8     4     5     4    10    -4     2 
    2    -4   -10   -10     8     2    -4     2     8   -10     2     8     2     2     2    -4     2     8 
    7     4    -2    -2     4     7     2     2     8    10    -5    -8    10   -10    10     4     2     2 
    6     6     6     6    -3     6     8    -4     2    -8     4     1     4   -10     4    -8    -4    -4 
   -8     2    -1     1    11     8    -3     3     3     2     8    -7     1     0    -1    -7    -3     3 
   -8     2    -7     7   -10     8     3     3    -3     3     0    -6     9     3    -9     3    -3     9 
    6   -12    -9    -9    -6     6     5    11     5    -1    -4   -10   -13   -13   -13    -1    11     5 
   -6     6     3    -3     0     6     3    -9    -9    -5     4     4     5    -3    -5     1     9     9 
   -9     9     6    -6    -6     9     6    -6    -6     3    -9    -6     6     9    -6     6     6    -6 
   -4     7    -2     2     4     4   -12    -6     6     0   -12     0     6     6    -6    -6     6     0 
   11     4     4    -4    -2   -11     0    -6    12    10    -5    10    14     6   -14    10     6     0 
   -4    -7    -1    -1     8    -4    -7    11   -13     0     6     0     3     8     3     3    11     5 
    4   -14    -5    -5     4     4    -1    -1     5    -8     4    -8     7     2     7     7    -1   -13 
    8    -8     7    -7     4    -8     9    -3    -9    15     6   -12    -9    -9     9   -15     3     3 
    0     6     0     0     6     0     0     0     0    -1   -10   -10    -8     3     8   -16     0     0 
    3     3     6    -6    12    -3     0    12    -6    -6    -9    12    12     0   -12     0   -12    12 
  -11   -10    -4     4     5    11     0     6   -12    15    -3    15    18     3   -18     6    -6     0 
   19    10     1     1    10    19    -1    -1   -13   -12     3     6    -9   -10    -9   -15    -1    11 
   14     8    -1    -1   -13    14     5    -1     5   -17    -2     1     7    -1     7   -17    -1   -19 
    1   -11    -2    -2    19     1     8    -4    -4    20     5    11    -4     2    -4   -10    -4    -4 
   -4   -10    -4    -4   -19    -4    -4    -4    14   -18     6    -9   -12    -4   -12    -6    -4    -4 
   -9   -12     6    -6    -9     9   -12    -6   -12    14    -1     5    -2    -6     2     8     6     0 
  -12    15     6    -6   -15    12    -6    12    12     1    16     1    -4   -15     4   -14   -12     6 
  -12     0    18   -18    12    12   -12    12     6     0     0     0    12     6   -12   -12   -12     0 
   -3    18   -12    12   -12     3    18    18   -18   -16     5   -16    22     6   -22   -16   -18    -6 
  -22    11   -10   -10    -1   -22    14     8   -10    18    -6     9    24   -10    24   -12     8    14 
  -14    13    10    10    -2   -14    -4    -4   -16   -11     4    -2   -20    23   -20    -2    -4     8 
   -5     4    -8    -8    -2    -5    -4    20    -4    -8   -17    10     4     2     4    16    20    20 
   -2     7   -11   -11   -20    -2   -13    -7    -7     6   -12    24     9    14     9   -15    -7    -1 
  -24     6     3     3     6   -24    -1   -19    -1     6    12     6    21    20    21    -9   -19    11 
    0     6   -12    12     0     0    18     0     0   -12    -6   -12   -24    24    24    12     0    18 
    2    10    16   -16   -26    -2    18    18   -12    -4    20   -22    -2    18     2   -10   -18    18 
    5    11   -16   -16    23     5     2   -10     8    -2   -11    25    -2    -4    -2    -2   -10   -10 
   -1     2   -22   -22   -22    -1   -16   -16     8   -10    23   -10   -16     8   -16   -22   -16    20 
   -1    10     1    -1    -8     1    -9    21    -3   -18    -9     0    -9   -12     9    15   -21   -15 
    5   -14    -8     8   -11    -5    24     0   -12    24    -3    15   -24    12    24   -24     0     0 
    5   -13    -4    -4    23     5   -10    20    -4    16    13     7   -20    26   -20     4    20     2 
    5     2     2     2    14     5    -4    20     8     7    13    -2     4   -25     4    -2    20     8 
  -10   -13     2     2   -16   -10     8   -10     2   -13     8    -4    14    -1    14     2   -10    -4 
   15     6   -12   -12   -12    15   -16   -10   -10    13    19     4    -2   -19    -2   -20   -10   -16 
  -16    14    20    20   -13   -16    14    14   -10    -2    16     7    -2    14    -2   -20    14     2 
   -6    24     6     6    -6    -6   -10    14    -4    -8     4    10    22   -22    22    16    14   -10 
  -21     6    -6     6   -21    21    12   -24   -24   -21     3    15    24    21   -24     6    24     0 
    3    24    18   -18    21    -3    24    12     0     4    -5   -23   -28    12    28   -14   -12    12 
   14    -2    22   -22   -20   -14    24   -24    24    28    28    -8     8    -6    -8   -14    24    12 
  -15    27    24   -24    18    15    18     0    12   -22    -7    14    -8   -12     8    20     0    -6 
    3    18    30   -30    21    -3   -18   -18     6     2   -25    -7   -14   -12    14   -22    18    18 
   21    18   -18    18     6   -21     6    -6     6    19   -23   -26   -10   -15    10    -2     6    -6 
   10     4     1     1    -5    10    -1     5    11    25   -20    25   -11     5   -11   -11     5   -25 
   -4     7   -23    23   -20     4   -15     9     3    14   -28    -4    19   -18   -19   -25    -9    -9 
   18   -15   -27    27   -24   -18   -27    -3    15   -10     8     8     7     0    -7    -1     3     3 
   -1   -10    -1    -1     8    -1     5    29    17    22    19   -32    13    14    13    -5    29    -7 
  -14   -20   -11   -11   -23   -14   -13   -19   -25    -7   -28    11    29   -19    29     5   -19    11 
    9     9    -9     9    18    -9    -3    -9    -3     6    21     6    21    30   -21     9     9    -9 
    2   -20   -17    17    22    -2    15     3   -33    13    10    22    -7    -9     7     1    -3    -3 
  -11     4    -5    -5     7   -11   -19    29   -25   -29    13    25   -35   -19   -35   -17    29     5 
   35   -10    -7    -7    14    35    29     5   -25    18    15    18    21   -16    21    -3     5    -7 
  -32     2     2    -2     5    32    18    12     0    -6    36    21    12    -6   -12    -6   -12     6 
    6   -30    -6     6    -3    -6     6   -36     6    11    14   -25     4    -9    -4    -4    36   -30 
  -29   -32   -23   -23    34   -29   -13    11    35    14    23    14    11    20    11   -31    11    -1 
    6    -3   -24   -24    18     6     8    -4   -10    -4   -10   -22   -28     8   -28    26    -4     8 
   13     4    -8    -8    -2    13     2     8    26    37    25    10    -8     5    -8    -2     8   -10 
   14   -28    35    35    23    14   -25    29    17    -5     4    -5   -35   -19   -35    19    29   -25 
   -2    25    28    28   -32    -2    20     8   -28    -6     0    12   -24    -4   -24    36     8   -28 
   12     0     9    -9    15   -12   -39    33   -21     6   -12    15    27    -6   -27   -21   -33    15 
    5     1    16   -16    34    -5    36     0   -24   -27   -27    18   -24    21    24     0     0   -12 
  -34    16   -29    29   -11    34    15     9    39   -36   -18     9    27     0   -27    -3    -9     9 
   -5   -31   -22    22    32     5     6    30    18   -18    -9   -36    18    -6   -18     6   -30    -6 
  -14    28   -20   -20    -2   -14    26    26     8    26    20   -10     2   -28     2   -10    26   -10 
  -23   -20    28    28    28   -23   -34     2   -10   -14   -35   -32    34     2    34     4     2   -22 
   15     0     0     0    21   -15    12     0     0    17    35    -1    16    -3   -16    32     0   -36 
   30    33     6    -6   -12   -30    24     0    12    32   -34    -4   -32   -12    32    14     0    36 
   24    30    24   -24     0   -24     0   -24     0    16    10   -20     8    18    -8    16    24     0 
  -16    10    10   -10    16    16     6   -24     0   -36     6     0     0   -36     0   -18    24   -30 
   15     9   -12   -12    18    15   -16   -10     8     0    -9   -18     6    20     6    -6   -10    32 
  -17    13   -20   -20     7   -17     8   -22   -22    -6    39   -15    18   -34    18    24   -22   -40 
   14    -4   -25   -25    26    14   -31   -31   -19   -24    18    -6    33    -4    33    27   -31    29 
   26    -4    14    14    -1    26   -34    26    14    11    -4    29    26    -1    26    26    26    14 
   36     9    18   -18    -9   -36   -24    -6     0    13   -20   -23    14    15   -14   -20     6    12 
   -1    13    -2     2    -2     1     0   -24    -6   -36    15    18     0    12     0   -36    24   -12 
   30    12    36   -36    27   -30   -36    30    30    27    30     9    18    27   -18   -36   -30   -36 
   31    35    14   -14   -28   -31    -6    -6     0   -22    11    -4    22   -30   -22    32     6     6 
   24    36    24    24    18    24   -22    14    32   -15    24    30     6   -19     6     6    14   -10 
    8    29   -28   -28     2     8    26   -22   -34     8   -10    26   -22    32   -22    -4   -22   -34 
   -2   -37    20   -20     8     2    12    12    -6    -1    -4     8    28     9   -28     2   -12   -12 
   11   -11    22   -22    28   -11    -6    -6   -30    -6    39    12   -18    36    18   -18     6   -18 
   33    27   -12   -12     0    33    38     8    38    -8   -23    -8    -8    38    -8    34     8     2 
  -12     0    18    18    33   -12     2   -22     2   -34   -34    11   -22   -10   -22    14   -22    26 
    2     8   -25   -25   -28     2    11    17     5   -33    24    12   -15    17   -15     3    17   -13 
  -24   -27     9     9    12   -24    23    41     5   -22   -22    32    -7    -4    -7    29    41   -13 
    5   -38    25   -25   -23    -5     9    15   -15   -20   -11   -11    29   -36   -29    -5   -15    39 
   -7   -35    19   -19    34     7   -27   -33   -27    21    -3    30    21     3   -21    -3    33    15 
