3 9
200
    1     1     1 
   16   224    16 
    4     4     2 
    1     1     1 
    1 0     1 0     1 0 
   16   224    16 
   70 47    70 47    70 47 
    1 0     1 0     1 0 
  210 -70   210 -70   210 -70 
    1 -1     1 -1     1 -1 
    8   112     8 
   -1    -1    -1 
    0     0     0 

   -1    -1    -1 
   -1    -1    -1 
   -1    -1    -1 
    1     1     1 
    1     1     1 

    0     0     0 
    0     0     2 
    1     1     1 
    1     1     1 
   -1    -1    -1 
    0     0     0 
   -8     2     6 
    8    -2    -6 
    8    -2     8 
    8    -2     8 
    4    -6    10 
    4    -6    10 
   10     0     6 
  -10     0    -6 
   -1    -1    -1 
    0    10     2 
    0   -10    -2 
    4    -6    -4 
   -4     6     4 
    6   -14    -2 
    6   -14    -2 
    8   -12     8 
   -8    12    -8 
    6   -14    -2 
   -6    14     2 
   16   -14    -2 
   16   -14    -2 
   10     0   -14 
   10     0   -14 
   -2    -2   -18 
    2     2    18 
  -18   -18     6 
   18    18    -6 
   10    10   -10 
   10    10   -10 
  -22    -2    18 
  -22    -2    18 
  -10    10    22 
    0   -20    20 
    0    20   -20 
  -22    -2    26 
  -22    -2    26 
   -8    12    20 
    8   -12   -20 
   20    10    24 
   20    10    24 
  -10    20    -2 
  -10    20    -2 
    6    26    -6 
    6    26    -6 
   12     2    -8 
  -12    -2     8 
  -12    18    22 
   12   -18   -22 
   18   -22   -18 
  -18    22    18 
    2   -18   -30 
  -12   -22   -12 
   12    22    12 
  -28    22    22 
  -28    22    22 
    8    -2    22 
   -8     2   -22 
   -4   -24    -8 
   -4   -24    -8 
   -4   -14    26 
    4    14   -26 
    2    22   -26 
    2    32   -22 
    2    32   -22 
   16    -4    -8 
   16    -4    -8 
  -38   -28    18 
   38    28   -18 
  -38    22    -2 
   38   -22     2 
   -2    -2    10 
   -2    -2    10 
  -18     2    10 
   18    -2   -10 
   20    30   -24 
  -20   -30    24 
   34    -6     6 
   34    -6     6 
    4    14   -10 
    4    14   -10 
    6   -34   -26 
   -6    34    26 
   34    -6    -2 
  -34     6     2 
   32    22   -22 
   32    22   -22 
  -36     4    -2 
   36    -4     2 
   20   -10     2 
   20   -10     2 
  -36     4    24 
  -36     4    24 
   -6    -6   -30 
    6     6    30 
   30   -10    42 
  -30    10   -42 
  -32    38    -6 
  -32    38    -6 
   12   -28    26 
  -12    28   -26 
  -24    36    -8 
   24   -36     8 
   38    18   -22 
  -38   -18    22 
  -20   -10     0 
  -20   -10     0 
    8   -32   -48 
    8   -32   -48 
  -30   -10     2 
   30    10    -2 
  -16     4    14 
  -16     4    14 
   46   -24    38 
  -46    24   -38 
  -24     6    30 
   24    -6   -30 
   26     6   -30 
   26     6   -30 
   42    22   -18 
  -42   -22    18 
   28    18    -8 
   28    18    -8 
  -34    46    38 
  -34    46    38 
  -40   -10   -36 
   40    10    36 
    6    16    42 
    6    16    42 
   -8    12   -24 
   -8    12   -24 
  -44   -34    -2 
  -44   -34    -2 
  -46    14    -6 
   46   -14     6 
   22   -18    26 
  -22    18   -26 
   44   -26    54 
   44   -26    54 
   38    18     2 
   38    18     2 
   24    14    16 
  -24   -14   -16 
  -22   -42     6 
   -4     6   -40 
   -4     6   -40 
   -4     6     6 
    4    -6    -6 
    2   -58    -6 
   -2    58     6 
  -54    46    -2 
  -54    46    -2 
  -26    54     2 
  -26    54     2 
    0   -40    -4 
    0    40     4 
   34    -6   -18 
  -34     6    18 
   58    38    14 
  -58   -38   -14 
  -28    22   -44 
   28   -22    44 
   42   -38    42 
  -42    38   -42 
   42   -48    42 
  -42    48   -42 
  -32     8   -52 
  -32     8   -52 
   22   -58    34 
  -22    58   -34 
   62     2   -34 
   62     2   -34 
  -36    34    44 
  -36    34    44 
  -30   -50   -26 
   30    50    26 
   34    54    26 
  -34   -54   -26 
   -4   -34    46 
   -4   -34    46 
  -44   -34    14 
  -44   -34    14 
   12   -18    54 
  -12    18   -54 
  -14   -14    46 
   14    14   -46 
   -4    56   -38 
   -4    56   -38 
   60    50    50 
   60    50    50 
   52    32    -4 
   52    32    -4 
   34    54    -6 
  -34   -54     6 
    0   -30    46 
