1 0
100
   -1 
    0 
    3 
    1 
   -5 4 
   12 
  -93 90 
    1 0 
 -280 270 
    3 0 
    9 

    1 
    1 
    1 
    1 

    1 
    3 
   -1 
   -1 
   -1 
   -6 
    4 
   -6 
   -7 
   -5 
    7 
    1 
   10 
    6 
   13 
   -3 
    5 
   -6 
   -6 
    0 
  -12 
    7 
    3 
   17 
   -7 
   18 
   18 
    2 
  -10 
   14 
  -10 
    0 
   -6 
   -3 
    1 
    1 
    3 
  -22 
    4 
    0 
   -6 
    0 
  -24 
   20 
    7 
    1 
  -16 
  -14 
   -6 
  -28 
  -18 
    4 
   14 
   18 
  -30 
    8 
   11 
   -3 
   13 
  -10 
  -30 
    3 
  -33 
  -18 
   -6 
  -18 
   24 
   31 
   10 
  -10 
    8 
  -26 
   24 
   26 
   24 
  -18 
   34 
   -6 
    9 
    3 
   10 
  -26 
   18 
   -8 
  -24 
    0 
   -1 
  -28 
  -26 
   -6 
  -32 
   26 
  -23 
    1 
    2 
  -22 
   28 
  -34 
   38 
    0 
