1 0
100
    1 
 5560 
    8 
    1 
    1 0 
 5560 
   -7 53 
    0 1 
  108 -48 
    2 -1 
 2085 

    1 
    1 
    1 
   -1 

   -1 
   -1 
    0 
   -2 
    0 
    4 
    2 
    2 
    4 
    1 
   -4 
    2 
   -4 
    8 
    2 
    8 
   14 
    0 
    6 
    6 
   -8 
   -8 
   -8 
    6 
   -8 
    8 
  -12 
    2 
  -16 
    0 
   14 
    6 
  -10 
  -14 
    2 
   -4 
    8 
   10 
   12 
   12 
   14 
   22 
   -4 
    0 
   10 
   -8 
    2 
   -8 
    2 
    0 
  -16 
   12 
  -24 
   -6 
   18 
  -30 
    2 
    4 
  -18 
    6 
   28 
  -10 
    6 
    4 
    4 
    2 
    6 
   26 
  -14 
    8 
  -24 
   14 
   16 
  -24 
  -18 
  -22 
  -20 
   20 
    0 
  -30 
  -36 
  -28 
   -2 
   30 
   -8 
   34 
   34 
  -12 
  -30 
  -18 
  -20 
   32 
   12 
  -38 
   18 
    8 
   36 
   14 
  -36 
   14 
