1 0
100
    1 
  -56 
    7 
    1 
    1 0 
  -56 
 -151 -19 
    1 0 
 -360 132 
    2 -1 
   -6 

   -1 
    1 
    1 
    1 

    1 
   -1 
    0 
   -1 
    3 
    5 
   -9 
   -7 
    0 
   -4 
    4 
    7 
   -2 
    9 
  -12 
  -10 
    1 
    0 
  -10 
   -8 
   13 
   -8 
   -2 
   12 
    2 
   17 
   -2 
  -17 
   16 
   -3 
   -3 
   10 
    4 
    8 
   14 
   16 
   11 
   25 
   22 
    9 
  -20 
    7 
  -16 
   27 
    0 
   -6 
   16 
   -6 
   14 
   -8 
   19 
   19 
  -13 
  -12 
  -16 
   14 
   -2 
   12 
   -1 
    4 
   10 
   -2 
   -4 
  -27 
   14 
   -6 
    9 
  -23 
   -9 
   -4 
   20 
  -30 
   39 
    0 
   34 
    5 
    8 
  -11 
   10 
  -22 
   -9 
   -6 
   16 
   -5 
  -34 
   20 
   26 
   -8 
  -28 
  -30 
  -12 
   36 
    7 
   42 
   28 
    8 
   26 
  -25 
   24 
  -31 
