3 0
200
    1    -1    -1 
    0     0     0 
    6     3     1 
    1     1     1 
    2 3    -5 3    -5 3 
 3008   940   188 
  128 -21     7 90   128 -21 
    1 0     1 0     1 0 
  320 -170    20 270   320 -170 
    3 -1     3 0     3 -1 
   94  -235   188 
    0     0     0 
    0     0     0 

    1     1    -1 
   -1     1     1 
   -1    -1    -1 
   -1    -1     1 

   -2     1     3 
    0     1    -1 
   -1    -1     1 
    1    -1    -1 
    1     1     1 
    0    -2     0 
   -6    -8     4 
    2     0    -6 
  -10     7     1 
   -8    -5    -3 
   10     7    -1 
    6     5     9 
   -2     8   -10 
   -4    -2     4 
  -10    -1    -1 
    6    -9    -5 
  -10    -9    -1 
  -12    -6    -6 
    0     4   -10 
   -2    12    -4 
  -10   -12     4 
   -8     7   -15 
  -14    11   -15 
   18    -1    -9 
  -14     3    15 
  -14     2    12 
  -10    12    -2 
  -14     6    -4 
    0    14    12 
    2    -2    16 
   -2     0   -20 
  -18    -2    12 
   -6    -2    14 
   -2     7    -1 
    2    -7    17 
    8    11   -11 
  -10    11     9 
    2    18   -10 
  -10    18   -24 
   12    12   -10 
    6   -22    -6 
  -10    -2   -16 
   -4   -12    12 
    8   -24     0 
   -4   -25   -15 
   -8   -11    19 
    8    -2    24 
    2    26   -26 
  -18    18   -16 
   -2    -2   -12 
    6    24   -10 
    2    -8    -2 
    2     0    -2 
   18     6    -6 
   -2    10     6 
    6   -24    30 
  -30    15    -5 
   20     3   -11 
    2    -5    -7 
   18    10     2 
   -6    -4   -24 
  -18    -7   -27 
  -18    31   -13 
    6   -10   -14 
  -22   -24    16 
   18     0   -24 
  -18    26   -20 
   34   -23   -35 
  -26     0   -22 
   22    10     6 
  -34    18    30 
   -2    16   -36 
  -36    14    -6 
   30   -32    -6 
  -34    16    12 
  -14   -18     6 
   34    34    10 
   14    22    22 
   10     3   -21 
  -10   -27    -3 
  -16    -2   -10 
  -10   -36     2 
  -10   -28    14 
   -2    -8    36 
   34     8   -26 
  -38    -2    -2 
  -36   -12   -36 
    6   -28    12 
    1     1    -1 
  -14    18    10 
   20    22    22 
   28    -2    18 
  -42   -33    21 
   30   -15     3 
  -40   -20    20 
  -22   -16    38 
  -38    -8     6 
    2    16    32 
  -14   -42   -36 
    6    -4    -4 
  -30    -2    22 
  -30   -42     6 
   30   -10   -20 
    2     4    16 
   42   -21   -27 
   40    -9    17 
   38    11    25 
   16     3   -35 
   -6    -8   -36 
   26     8    -4 
  -20    16   -24 
  -18   -28    10 
    0   -17   -19 
    2    27    37 
   14   -37    -5 
  -22     5     1 
   46    29   -41 
  -18    31    13 
  -36    12     4 
   32    -6    38 
   38    -5    -1 
  -18    23    -9 
   38   -30    18 
   46   -46   -40 
  -18    15    37 
   44     3    -3 
   12     6    20 
   16    20   -14 
    6   -32   -48 
  -10   -24   -14 
  -40   -47    27 
   18   -23    -9 
   40    50    -6 
   18    36    42 
  -20   -15    31 
   38     5   -25 
  -10    38   -22 
   14    42    14 
   18    -9    23 
   10   -45   -13 
   30    -6   -34 
   -6    -6    -6 
   24   -34   -48 
   14   -42     6 
  -38   -46   -14 
  -10    14    10 
    0   -24     8 
  -20   -12    44 
  -38   -25    35 
  -14    22   -28 
  -26   -42    16 
    6   -38   -24 
  -34    46   -30 
    2   -42     6 
   18   -22    14 
   30    -7    51 
  -16     1    19 
   52     9   -33 
  -52    -5   -27 
   42   -13   -35 
  -12   -29    -3 
   50   -41    -5 
  -10     1   -15 
   18   -27   -45 
   18   -25   -15 
  -40    12    -4 
  -30   -36     8 
  -18    42    -8 
  -22     2    56 
   42   -48    16 
  -16    -8   -12 
   -2   -16    40 
   26   -40   -44 
   -6    31   -21 
    6    -5   -21 
  -42   -14   -18 
   -2   -44    28 
  -26    44   -12 
   10     0   -20 
   26     9   -63 
  -14    -5    35 
  -18   -10    16 
   10   -16    56 
  -26    -8    38 
   28    46    48 
  -22   -61    -1 
  -46    -1    55 
  -18    10    64 
   26    36   -36 
  -66   -30   -46 
  -46    54   -18 
   10    24    60 
   30   -20   -24 
   66   -34    34 
  -26    64     8 
  -52    20    20 
  -60    20    20 
  -42    -2     6 
   42    18   -42 
  -14   -56    -6 
