4 4
200
   -1     1    -1     1 
    0   -40     0   -48 
    5     5     3     2 
    1     1     1     1 
   -5 3     1 0     1 1     1 0 
  288   -40    32   -48 
 -276 5   -51 73   -70 -75   -51 73 
   -1 1     1 0     1 0     1 0 
  286 176  -220 22   154 -220  -220 22 
    3 -1     0 1     1 1     0 1 
  -18   -20    -8   -24 

    1    -1     1    -1 
   -1    -1    -1    -1 
   -1    -1    -1     1 
    1     1     1    -1 

   -1    -1     1     2 
   -1     1    -1     1 
    1     1     1     1 
    0     2    -2    -2 
    3     2    -3     0 
    0     0     0     0 
    6    -7    -4     4 
   -3     3     5     8 
   -5    -7    -5    -2 
   -1    -1    -1     1 
   -2     1    10    10 
   -2     0    -6   -10 
    3     4    -9     0 
   12    -5     0     2 
   13    -8     5    -6 
    6    14    12    -2 
    0     9   -14     6 
    3     0   -11    -8 
    0     9    -8     8 
    4    12    -8    -2 
   13   -13     7     4 
  -15    -8    -7     6 
   -9   -12     3     8 
    0     7    14     2 
    0    14    18    10 
   -1   -10   -17     2 
  -19     2    13     2 
  -13   -10   -13    16 
   -4     9   -14   -12 
  -15     8     5     0 
  -18    -6    16     6 
  -12     1    16     8 
   12    18    -6   -18 
    4    17    16    -4 
    4     2     8    -8 
   -7    12     7   -24 
   20     3     4    20 
    1    10     5     4 
   12    -6     6     2 
  -12    20   -20    12 
    2   -16    -8     2 
   11    25     5    10 
  -24    -8     8   -22 
    0    23    20    -8 
   -2    18    20    22 
  -20    26     2    20 
  -19    12   -23   -16 
  -19     2     9    20 
  -23   -18   -25    22 
    4    13    16    10 
   15    30    -7     4 
   30    18     2   -30 
  -18   -12    30   -18 
  -15    -2    17     6 
   21   -19     3   -26 
  -30    26    -2   -18 
    2    26    16   -18 
   24    -6    16   -28 
  -12     8    14    16 
  -17   -26    19    10 
   10    14    -8    26 
    9    -9   -17    22 
   24   -34   -30   -16 
  -28    25    -6    28 
    8   -15   -12   -20 
   30   -12   -30    -2 
  -30    21     6    14 
  -29   -12   -29    -2 
    8   -26    12     0 
  -37     2    -5    -8 
    2   -29   -16    12 
  -25   -16    29    20 
   24    10     6   -12 
  -24   -36   -16   -28 
  -30   -18    -2     8 
  -18    10    -6    -2 
   29    21     7    34 
    2    -7   -34    14 
   30    30   -26   -12 
   30     3    18    38 
   -6    15     6    12 
  -24    24   -38   -34 
   28   -10    28   -28 
   10     9     2   -20 
    2   -23    -2    18 
  -16   -18   -28   -22 
  -30    15     4    24 
   36     2    30    12 
   15   -39   -29    -2 
    6   -12     2   -22 
  -22    -5   -28    -8 
  -22    39   -34    16 
   -6     2    18    12 
   12   -15    -6    -8 
   34   -20   -16     2 
   34    12   -28    12 
   40   -16    26    -4 
  -32     4   -10    10 
   -6    38    30    30 
    6   -27   -14    18 
  -18   -17    30    -4 
   -6   -35    30   -18 
  -38   -32     2    32 
    7   -14   -13     8 
   12   -13     8   -32 
  -33   -44    45   -24 
  -30    12   -36    24 
    0    36    16     0 
   15    -3   -33    22 
  -24   -42    -8   -12 
  -28   -32    28   -28 
   17    40     3    28 
   43   -25    -9    18 
    7    -7   -13    20 
   -9    44    31   -34 
   33   -42   -15   -22 
  -31     6    -1   -20 
   -4    18    -8    20 
   12    26    20   -28 
    3    14   -25    48 
  -36   -26   -18    46 
  -27     2    31   -30 
  -41    28    45    16 
   22    16    22    36 
    3    -1     9    18 
  -24    18    24    36 
   -1   -24    45   -44 
  -28   -33   -42   -12 
   10    -7    -8   -46 
   10    34    30   -18 
    6   -10    10   -18 
   -9   -18   -29    24 
  -44    38    30    26 
    1   -29    13    36 
    4     6    48    -2 
   -5    32    23    48 
  -11    34     3   -20 
   -2    17    20    24 
   -3    15     7     6 
  -21    46     5   -30 
    0   -11    -2   -44 
  -30    38   -14    22 
   41     8    -3    12 
  -13    14    -1   -40 
  -16    48    38    14 
    2    -2   -46    42 
    9   -30    13    36 
   45    -9    37    24 
   50    -4    -6   -38 
   50    52   -50   -36 
  -22    31    -8    -4 
   27   -27   -41    32 
   24    49    34   -12 
   -6    15    24     0 
   36   -36     8    34 
   16    18     2     4 
   34    50     8     6 
   44    28    -2    12 
   17   -26    19    12 
   36    41     0    16 
  -57   -20     7    50 
    0    36   -50   -42 
   18    18    36    24 
  -45   -42    -3    12 
  -30    18   -44   -46 
  -36   -10    -4    48 
    3   -12    -3    40 
   33   -23    13   -30 
  -48    59   -58    44 
   24    56     0   -56 
  -42    33    28    24 
  -20    16    60    52 
   52   -16   -32   -22 
  -21    42   -39    10 
   -9    36     1    38 
  -31    49    47   -38 
   -4   -20    14    50 
   14    -4   -60    64 
  -31   -48   -15   -20 
   45    10    45    -4 
  -39     2    21   -38 
    0   -30   -42    58 
   -3    22    59     6 
  -26    58    -4    28 
    1    -7    57   -42 
  -41   -28    -7     4 
   13    52   -41    60 
   42    16    44   -48 
  -54    16   -20    58 
   18    -9   -42    42 
   51   -20   -31   -54 
  -19    -2   -17   -44 
  -46    53    20    44 
   52    37    56   -32 
    7   -62    -9   -32 
   52     9   -44   -22 
   52   -33    28    44 
  -21    41   -39   -10 
    3   -14    25    -4 
    3   -15   -21   -42 
