4 4
100
   -1    -1     1     1 
    0     0   -40   -48 
    5     3     5     2 
    1     1     1     1 
    2 3    -2 1     1 0     1 0 
  288    32   -40   -48 
 -271 -5  -145 75    22 -73    22 -73 
    0 -1     1 0     1 0     1 0 
  462 -176   -66 220  -198 -22  -198 -22 
    2 1     2 -1     1 -1     1 -1 
  -18     8   -20   -24 

    1     1    -1    -1 
   -1    -1    -1    -1 
   -1    -1    -1     1 
    1     1     1    -1 

   -1    -1     1     1 
   -1     1    -1     2 
    1     1     1     1 
    3    -3     2     0 
    0    -2     2    -2 
    0     0     0     0 
   -3     5     3     8 
    6    -4    -7     4 
   -1    -1    -1     1 
   -5    -5    -7    -2 
   -2    -6     0   -10 
   -2    10     1    10 
   12     0    -5     2 
    3    -9     4     0 
   13     5    -8    -6 
    0   -14     9     6 
    6    12    14    -2 
    0    -8     9     8 
    3   -11     0    -8 
   13     7   -13     4 
    4    -8    12    -2 
   -9     3   -12     8 
  -15    -7    -8     6 
    0    18    14    10 
    0    14     7     2 
  -19    13     2     2 
   -1   -17   -10     2 
   -4   -14     9   -12 
  -13   -13   -10    16 
  -18    16    -6     6 
  -15     5     8     0 
   12    -6    18   -18 
  -12    16     1     8 
    4     8     2    -8 
    4    16    17    -4 
   20     4     3    20 
   -7     7    12   -24 
    1     5    10     4 
  -12   -20    20    12 
   12     6    -6     2 
   11     5    25    10 
    2    -8   -16     2 
    0    20    23    -8 
  -24     8    -8   -22 
  -20     2    26    20 
   -2    20    18    22 
  -19     9     2    20 
  -19   -23    12   -16 
    4    16    13    10 
  -23   -25   -18    22 
   30     2    18   -30 
   15    -7    30     4 
  -15    17    -2     6 
  -18    30   -12   -18 
  -30    -2    26   -18 
   21     3   -19   -26 
    2    16    26   -18 
  -12    14     8    16 
   24    16    -6   -28 
   10    -8    14    26 
  -17    19   -26    10 
   24   -30   -34   -16 
    9   -17    -9    22 
    8   -12   -15   -20 
  -28    -6    25    28 
  -30     6    21    14 
   30   -30   -12    -2 
  -29   -29   -12    -2 
  -37    -5     2    -8 
    8    12   -26     0 
  -25    29   -16    20 
    2   -16   -29    12 
  -24   -16   -36   -28 
   24     6    10   -12 
  -18    -6    10    -2 
  -30    -2   -18     8 
    2   -34    -7    14 
   29     7    21    34 
   30    18     3    38 
   30   -26    30   -12 
  -24   -38    24   -34 
   -6     6    15    12 
   10     2     9   -20 
   28    28   -10   -28 
  -16   -28   -18   -22 
    2    -2   -23    18 
   36    30     2    12 
  -30     4    15    24 
    6     2   -12   -22 
   15   -29   -39    -2 
  -22   -34    39    16 
  -22   -28    -5    -8 
   12    -6   -15    -8 
   -6    18     2    12 
   34   -28    12    12 
   34   -16   -20     2 
  -32   -10     4    10 
   40    26   -16    -4 
    6   -14   -27    18 
   -6    30    38    30 
