5 0
100
    1     1     1     1    -1 
    0     0    30   -80     0 
    5     5     5     4     4 
    1     1     1     1     1 
   -5 4    -5 4     1 0     1 0     2 3 
   48    16    30   -80    72 
  -43 41   -43 41   -80 -43   -80 -43  -253 121 
    1 0     1 0     1 0     1 0     0 -1 
 -210 80  -210 80  -210 80  -210 80   180 -290 
    2 1     2 1     1 -1     1 -1     2 1 
    4     4    15   -40   -30 

    1     1     1    -1    -1 
    1    -1    -1    -1    -1 
    1     1     1    -1    -1 
    1     1     1     1     1 
   -1     1     1     1    -1 

   -1    -1    -1     1     1 
   -1    -1    -1     0     0 
   -1     1     1     1     1 
   -1    -1    -1     1     1 
    0     0     0     0     0 
    1    -1     3     0     2 
    0    -8     4     8     0 
    5     3     6    -4    -8 
    1    -1    -1    -1     1 
    0    -8     8     8     0 
   -8     8     2    10     0 
   -2   -10     8    10     2 
    7     1     7     0   -10 
  -13    -1     3     8     4 
  -11    -9   -10    -2    -8 
   -1   -11   -14   -10     2 
   -9    -1     4    10    -2 
  -11   -15     5    12     0 
    4   -12    10     4    -4 
   -7    -7    -2    -4    14 
   11    -7    -3   -12    12 
    0     8     2     4    -2 
  -10     6    -3     0    -8 
   -5   -15    -5     2    10 
  -14    14   -15    -6    10 
  -13    15    -2   -10   -12 
    8   -12     2    14    14 
  -14    14    19   -16    12 
   -6    -2     6    -4    -4 
  -14     6    -9    14    -6 
  -20   -16    14     6   -12 
  -12    -4    18   -14    -2 
   14   -10    -3   -10   -22 
  -10    10     2    10   -20 
  -14     2    -2     2    10 
    6    -2   -14    12    -8 
  -10   -14    -1    16     4 
  -25   -19     5    18   -14 
  -15    15   -10    20   -16 
  -12    -4     0     4    12 
  -11     3    13   -18    14 
   20    16   -12    22   -22 
   -3     7    18   -24   -12 
  -18   -10     8   -24     8 
  -17    -9     5    16     4 
    1    -7     0   -20   -18 
   -4    -4    11     0   -14 
  -13    -9     9   -16   -12 
    2   -18    15    26    -8 
   -1    -5   -10   -18   -14 
   14    10    12    12     0 
   12   -12   -23    12   -24 
    4   -24     8     2   -22 
   27   -27    22   -10    -2 
  -23    -3   -10    14    18 
  -28   -16    20    14   -18 
  -17    13   -10    -2   -12 
  -10    -6    12   -12     6 
    7   -33     7    -8    12 
  -17   -29    19   -10    28 
   10    -2    11   -26    -6 
   22    14    23    -6    22 
  -14    14    27     6     2 
  -22     2   -12    36   -28 
  -16    12    13     0    10 
    6   -18     4    -6   -26 
   11    21    26    14    14 
    8   -20   -13    10   -26 
   22    -6    37    -8     2 
   28     4   -12   -16    -4 
   36    -8   -20   -20   -28 
   11    -1     0   -20    -8 
  -33    27    -6    24   -24 
  -22    38    21   -32    -6 
  -29    15   -20   -18     6 
   28   -16   -30    -2    26 
   26    -2     8    18    14 
   10    22   -23    38     6 
   -2     6    -2   -30   -10 
   22     2    23    18     2 
   33    -1   -20   -36    16 
   30   -18    20     0    -6 
   19    -3    23    30    22 
   -9   -23     3    -2    22 
   34   -14     4   -14     2 
    8   -24    16    38   -14 
   12    36    26    12     8 
   -4   -12    24   -20     6 
   11     1   -10   -34    40 
  -38   -34   -30   -18    12 
  -10    -6   -16    24    32 
   19   -43   -24     4    -4 
   20    40   -33   -28    28 
  -12    16   -17   -40     8 
  -21    31    38     0    32 
  -34   -38     2   -28   -12 
   22   -10    20    28    -4 
   38   -30     0    20   -36 
   40   -32    30   -22    12 
  -15   -27   -30     2   -36 
