3 0
100
   -1     1     1 
    0     0     0 
    5     5     5 
    1     1     1 
   -2 1     7 3     7 3 
    8    24    24 
  125 47    58 55    -7 -64 
    1 0     1 0     1 0 
  390 -78   338 52   390 -78 
    2 -1     3 -1    -1 2 
   -2    12     9 

    1    -1    -1 
    1     1    -1 
   -1    -1    -1 
   -1    -1     1 

   -1    -1    -1 
   -1     1     1 
   -1    -1     1 
   -1    -1    -3 
    2    -2    -4 
   -4    -4    -2 
   -3     1     7 
    1     1     1 
    8     4     4 
    8    -8    -8 
    4     8    -4 
    1    -7    -5 
    0     0   -10 
    3    -9   -11 
   -2    -2    -2 
   -4     8    -6 
    9     5    -1 
    0     0    -4 
  -10     2     0 
   13    -7     5 
   -7    -7    -3 
  -12     0   -12 
    3    -9    -7 
   -2   -10   -10 
  -12     0     6 
   -2    -2   -14 
    0    -4    -2 
    6   -14     2 
   -4   -16     8 
  -15     1     9 
   -6     6     8 
   14   -10     8 
   -9    -1     3 
    2   -14   -14 
   -4    24   -22 
    9   -23   -19 
    0    12    -4 
    1     1    -1 
  -24     0    14 
   -5    -5   -21 
   22   -10    22 
    8     8    -2 
   18    22   -12 
   18    22    -4 
  -11   -11     7 
   -3   -15    23 
   -8   -16     8 
    4    24    10 
  -10   -14    20 
   22     6   -26 
   28   -16   -22 
  -10     6    20 
  -14   -22   -14 
   -8   -24    -6 
    6   -10    30 
  -17     3    -3 
   26   -14    16 
  -13    31    -3 
  -18   -14    -8 
    0     8     8 
  -17   -29   -17 
    4   -12   -24 
  -20    -8   -12 
    3   -25    23 
   32     4   -18 
   27   -21    19 
  -17   -21    15 
   -1   -29    -5 
    8   -12    20 
   14   -26    -8 
  -26    10   -16 
   -2    18   -22 
    6     6   -28 
    0    20    -4 
    9   -15    -9 
    0    -4   -24 
    6    22   -16 
   28    -8    16 
    1     5     1 
  -20    24    12 
   26   -30   -10 
    4    12   -20 
  -12   -24   -22 
   17    13    15 
   14    -2   -14 
   34     6   -16 
  -26     6   -32 
   39     3   -37 
   15    27    15 
  -30   -22    14 
  -16     0   -12 
  -16    -4   -22 
   32    -8    -4 
   -3    33   -35 
  -41    11    37 
   14    38    -6 
  -37    11    19 
   24    20    30 
   22   -26   -32 
    6    14   -18 
