2 0
200
    1    -1 
   40     0 
    5     4 
    1     1 
    1 0    -2 1 
   40     4 
  -66 -51    53 -101 
    1 0     1 0 
 -220 66  -198 -154 
    1 -1     2 -1 
   16     1 

   -1    -1 
   -1    -1 
   -1     1 

   -1     0 
    0     1 
    1     1 
    3     1 
   -2    -2 
    0     0 
   -2    -1 
    8     6 
    8    -5 
   -1     5 
    3     4 
   -4     2 
   -1    -7 
   -4     0 
  -10     6 
   -6   -10 
    9     0 
   -6    12 
    8   -15 
   -8     3 
  -13    -2 
    6    -1 
   -6    -2 
  -12     4 
   -8    12 
    1    -1 
   -1    -2 
  -14     6 
    0     4 
   -1     6 
  -15    14 
   18    12 
    4   -15 
   20     4 
    2   -11 
  -22    -4 
   19    -2 
   15     4 
  -10     6 
    2   -15 
  -10    -5 
   19   -16 
    9    12 
   16   -16 
   17    18 
    8    13 
  -15     9 
   17    -2 
  -30    22 
  -28     1 
  -21    18 
   15    13 
  -23     3 
    6    28 
   17    10 
   21   -28 
    3    -2 
  -30    10 
   20   -25 
   26    25 
    6   -25 
    0    14 
  -19    15 
   20    -4 
    8   -28 
   14   -18 
  -32     4 
   26    20 
   31   -33 
   -9    22 
   29   -15 
   -8     1 
  -28   -12 
   18     9 
   -6   -26 
  -10    30 
   12   -24 
   -8     4 
  -14   -12 
   30    10 
    4    -6 
   -8   -38 
   31    27 
   35    13 
   -6     9 
   -2   -20 
   15    20 
   -3   -36 
   25    -9 
   38     1 
   -5    20 
   14   -22 
    1    20 
  -20   -38 
   43    -2 
  -22   -26 
    6   -31 
   30    -6 
  -30    33 
   -4   -37 
  -20     5 
  -28    43 
  -33    16 
  -14   -19 
  -45   -12 
   -3   -40 
   27    16 
   16    23 
  -41    34 
   19   -32 
   -5     4 
   25    -8 
   16    -8 
  -40    20 
  -15   -23 
   24   -30 
    5    39 
   14   -43 
   47    16 
    0     9 
  -21   -40 
    4    18 
  -30    28 
    2     0 
  -25     0 
  -14   -23 
   34   -49 
  -36   -21 
   -8    -7 
  -39   -22 
   -3   -18 
  -16   -32 
   28     0 
    5   -44 
   38    -7 
   28   -40 
  -47   -29 
   16     2 
  -39    46 
  -11    48 
   46   -42 
   32   -12 
  -40     9 
  -53    28 
   31   -18 
  -50    -3 
    9    10 
  -24     4 
   -9     6 
  -18   -40 
   28    12 
  -26    -2 
  -16   -32 
   12    25 
  -18   -25 
  -24    20 
   13   -37 
  -27    52 
   23   -53 
    3   -43 
   15   -20 
   54    34 
    9   -20 
   18     0 
  -26   -48 
   30   -38 
    3   -12 
  -26    -2 
  -52   -57 
   24    50 
   -6    13 
   48    22 
  -10    25 
  -58     9 
   26    27 
   25    53 
   48    22 
   31    31 
  -21    44 
  -50   -56 
  -35    60 
    2    21 
   46   -51 
  -32   -11 
   49   -42 
    6   -42 
    7    29 
   -9   -64 
    6    59 
  -36    19 
   -1   -60 
   44   -46 
  -62   -41 
    2     2 
   49     6 
  -21   -25 
  -55   -16 
  -10    12 
  -13    66 
   60   -24 
