8 0
100
   -1     1     1     1     1    -1     1    -1 
    0    20     8    24    12     0  -100     0 
    5     5     4     3     3     7     5     2 
    1     1     1     1     1     1     1     1 
    1 1     1 0     1 0     1 0     1 0     1 1     1 0    -5 7 
    8    20     8    24    12    32  -100    32 
   34 -101   -56 75   -56 75   -56 75   -56 75    34 -101   -56 75   131 -81 
    1 0     1 0     1 0     1 0     1 0     1 0     1 0     1 0 
  336 -168   168 56   168 56   168 56   168 56   336 -168   168 56   504 -112 
    1 1     1 -1     1 -1     1 -1     1 -1     1 1     1 -1     2 1 
   -2    10     4    12     6    -8   -50    -1 

    1     1     1     1     1    -1    -1    -1 
    1    -1    -1    -1    -1    -1    -1     1 
   -1    -1     1     1     1     1    -1    -1 
   -1    -1     1     1     1     1     1     1 

   -1    -1    -1    -1    -1     1     1     1 
   -1    -1     0     1     1    -3    -1     2 
    0     0     0     0     0     0     0     0 
    1     3     2    -1    -1    -1     1    -2 
    1     1    -1    -1    -1    -1     1     1 
   -3     0     0    -3     4     1     4    -2 
    2    -1     0     6    -1     6     3     4 
   -1    -2     4    -1     6     3     6     2 
    2     7     0    -2    -9    -2    -3    -4 
   -4     0     0     0     0     0     4     0 
    2    -3     2     2    -5     2     7     6 
   -3    -2     6     5    -2     5     2     2 
  -12     6     8    -8     6     8     6     0 
    8   -13     4     0    -7    -8    -1     6 
    1     1    -1    -1    -1    -1    -1    -1 
  -12     1    -6    12    -9     4     3    -2 
    5   -10   -10    -3   -10    -3     6     6 
   -3     4    -4     3    -4     7     0   -10 
    0    10     4     0    14    -8    10    -6 
   -4    -4   -12    12    12   -12    12     4 
  -12     5   -12    -4     3     4    11    -2 
    6    -8    -8     2   -12    -6    -8   -16 
    8    -6     8   -12     2   -12    -6   -12 
    1    -6   -10   -17    18    15    14    -6 
    9     8   -10     7     0     7    -8     6 
    2    -5   -10     2     9     2   -13    -2 
  -18    -8    -2    -6     8    10    16    -2 
   -9    18    -8    -7    14     5    -6     6 
   12     4    16    12   -16    -4    -8    -8 
    2    18    -2     6     6     6   -10     6 
   13    19    18   -11     3   -19   -13    14 
    2   -20    18    -6     8    10    16     6 
    6    12     2     6    -8    -2     8     2 
  -13    18     2    21   -14    13    -2    18 
  -10    -8   -18   -10     4    -2    -8    10 
    3   -13    -4     3   -11    -9   -11   -10 
   24    -1     4     4    11    -4    -1    -8 
   10    16     2    -6   -20    -6    -4     2 
   20    11    -4    -4   -11     4    21     2 
   21     9    -4   -11   -25    25   -17    -2 
    3     7    26   -19    -5   -19    21     6 
   -7     5    18     7    -7    -1    -9   -22 
   17     9     0    25    11    13     3    -6 
    3    -8   -24     3    24   -25     0    26 
   17    20     8    -9   -16     3     0   -10 
    1    12    -4   -25    -4   -13     4   -18 
   22   -11     0    14    21    14     7     4 
  -20    19   -28   -28    -7   -20    15    22 
  -20    -9    10   -24    25     0    11   -18 
   20   -22    18    -4   -18    20    -6   -10 
   -5    21   -16   -19    -5    -7    13   -30 
   17   -12     0    15   -20    11    12    -6 
  -16    -5     6    28    -7   -28    11     6 
   23    27    22    -7   -21   -15    -3   -18 
   12   -25   -30    -4    17    -4   -21    -2 
  -14   -24    30   -10   -24    22   -12     2 
   10     9   -10    30    -5   -18   -25   -18 
  -23     2     0    15    -6   -21     6    -2 
    8    12    32   -16    12   -24    -8   -18 
  -14    13    14   -10   -17    30    29    14 
   19    -2     6    -3   -10    -3   -14    22 
    7    13    14    -9   -23    -9   -23     6 
   22     7    26   -18    17     6    -3   -18 
   17   -28    16   -15    -8    -3   -12   -14 
    9   -15    20    -7     7    29    15   -10 
   -4     0    18   -24     4     8    24    10 
  -31   -12    14    31    24    -9    12   -14 
  -11    14     2   -27    -6   -11    -2   -10 
   10    -7   -32    14    -7   -10    35    32 
   13   -20    36    19    12    31   -28   -10 
  -34    24    -4   -38     4    10    12    16 
   -8    11    12    36    15    12     3     8 
  -29    26    -8    21   -14     1     6     6 
   30    -9   -24    -6    15    -6   -11    24 
    5    -6   -10    21    14   -19    30     6 
  -11    -1     6   -35   -21   -27   -29   -38 
  -14   -31   -14     2    23   -22   -19    22 
   19    20   -14    -3     4   -27   -20   -18 
    0    -9   -18   -24    -3     0     9     6 
   12    10   -22     0   -14   -32     2     2 
   28    22   -20   -24   -10   -16    10   -24 
   24     2    12    24   -18   -24    22    24 
    2   -18   -10    34     6    10    10   -30 
    0    36   -26    20    20     4   -24    18 
  -34   -29    14    22     1   -10    11   -34 
   -2    32    14    10   -32    10   -20    10 
   12     0    16     4     4    28     4     2 
  -20   -15     4    32    -3   -24    41    40 
    8    27     6    12   -23    12    21   -26 
   14   -30    26     6     6   -18    34   -30 
   26   -30    24   -14   -14    34    -2    32 
  -33   -16    12    31    -4   -21    -4    -2 
   18   -12    20    14   -28    22    36   -24 
  -29    -8   -20   -27     8     9   -24     6 
   36    -5   -32    28    35    20    -1     8 
  -32   -25    -8    16    37   -24    37    22 
   34    -2    20    14   -14   -34   -14    20 
   20    25   -36   -20   -27   -20     9    28 
   28   -33    -6    12    33    -4   -21   -18 
  -24   -28     6   -12    16     4   -36   -30 
