9 0
100
    1     1    -1    -1     1     1     1     1     1 
 -168    72     0     0  -128   -48   -48    -8   -16 
    6     6     5     4     4     3     3     2     1 
    1     1     1     1     1     1     1     1     1 
    1 0     1 0     2 3    -5 3     1 0     1 0     1 0     1 0     1 0 
 -168    72    32    32  -128   -48   -48    -8   -16 
   -3 73    -3 73  -292 69  -292 69    -3 73    -3 73    -3 73    -3 73    -3 73 
    1 0     1 0    -1 1    -1 1     1 0     1 0     1 0     1 0     1 0 
 -220 70  -220 70   430 80   430 80  -220 70  -220 70  -220 70  -220 70  -220 70 
    0 1     0 1     3 -1     3 -1     0 1     0 1     0 1     0 1     0 1 
  -84    36     7     1   -64   -24   -24    -4    -8 

   -1    -1     1    -1    -1    -1    -1    -1    -1 
    1    -1     1     1    -1    -1    -1     1     1 
    1    -1     1    -1    -1     1     1    -1     1 
   -1     1    -1    -1     1     1    -1    -1    -1 
   -1     1    -1    -1     1    -1     1     1    -1 

   -2    -2    -1     0     0     1     1     2     3 
    0     0     0     0     0     0     0     0     0 
   -1     1    -1    -1     1     1     1    -1    -1 
   -1     1    -1     1     1    -1    -1     1    -1 
    1    -1     1     1    -1    -1     1     1     1 
    6    -6    -5    -2     6    -3     3    -2     1 
    4     0     0     6     2     6     6     8    -6 
   -8     0    -8     2     6    -6     6    -8     2 
    4    -4     5     6   -10     5    -1    -4     9 
    0     8    -5     4    -4     5     5     0    -5 
    6     2    -2     6    -6     2     2    -6     6 
    6     2     0   -10    -2     8    -4     6    -4 
   -8     0     2    -8     8     0     0   -12    -8 
   12     0    -8    -2     6     0     0    -8    -8 
   -8     8     6     2    -2     2    14    -4     2 
    1    -1     1     1    -1     1    -1    -1     1 
  -12     0     3     6     6    -9    -9    12     3 
    8     0    -3    -6    10    -3    -9    12     3 
   -8     0    -5     6     6     3   -15    12    -3 
   12    -4     6    -2    10    -4    -4   -12    -8 
    8    -4     7     6   -10    11    -7     4     3 
    6     6    11     6     6     9    15     2    -9 
  -12   -12    -6     0     0   -12    12    12   -12 
    6    -6    12   -10    10     0   -12   -18    -4 
   -2    -6    -3    -2    -6    -9     3    14    13 
   14   -10   -12   -18    14     2     2    -2    -6 
    2     2   -13     2     6     5    -1    10    17 
   -8    20    -9    -6   -14    -1     5    20    -3 
   16     8     2     6    10    14    14    16     6 
    0    12    -7   -18     2   -15     9   -12    15 
  -10   -18    -3    -6    -2   -15    -9     2    15 
  -10   -18    -1    14    14     9    -3   -18     5 
  -16    12    18   -22     6    12   -12    12   -16 
   14     2    -2    14    10    14     2     2    14 
   18   -10   -17   -10    -6    17   -13    -6    23 
   10     2     8    -8    16   -22     2    -2    10 
    4    20     2   -18    10     2    14    -4    -6 
   -8     8   -20    -6    18    -4    20   -12    12 
    0     0    15     0     0    -9     3    16   -15 
   10   -18    26    22    26     6     6    -6    10 
   -2     2    22    -2   -22   -10     2     2    -2 
   -6   -10    -4   -10   -22    14    14    18    14 
  -20   -12     3   -18    -2     3     9   -12    15 
    0    24   -26    12    12     0    12    16     0 
    6   -10    -9    -6   -22    -7    -1     2    -9 
  -10    14     8    -2   -14   -22     2   -14    10 
   16     8    16   -10    -2    -4    20    -8    -4 
  -18     2   -28    -8   -24     8   -16   -10    -8 
    6   -10    -9     6     6   -19    -7     6    21 
  -14     2    -5    -6   -22     5    -7    10    21 
    4    12   -30     2    -2    18    30    24    14 
   28   -12     1    -8     0     3    27    -4   -17 
    6     6     7     6    22   -15   -27    14    21 
  -20     0     2     6    -6     6    -6    -8    30 
   16     0    -9     6   -22    15     9   -32    21 
  -24     0     6   -18     6    12   -12     0   -24 
   12    -4    27   -22    22    11     5    24   -13 
    0   -24    20   -12    -4     0     0    24     0 
   16     0    21   -20   -12    21   -15     0     1 
   26    26   -28    14    22     8   -28   -22    -4 
   16    -4    26     6    -6   -22    26    -4     6 
   -6     6    24    22   -18    30    -6     2   -26 
  -30   -18    -2   -30   -18   -30     6    22    30 
  -28    -4    13   -24    -8    17   -19   -12   -33 
   32     8   -24   -16    -8    32   -28     8    32 
   26    18     3    18   -26    27    -3   -18    21 
   14     6    14   -14    -6    -6    18    30   -26 
  -22     2     9     2    22   -13    -7    10    -7 
   28   -28     8   -12     4   -22   -10     8    18 
   36    32     2    10    14    20     8   -24    16 
    4    -4    -6    16   -16   -34     2     4    34 
   16     8     6    10   -18   -16   -16    20    16 
  -18    18    35   -24     8   -27    -3     6    -3 
    0   -24    25   -24    24    21    33   -36    15 
   30    30   -24     6   -26   -18   -30   -26   -30 
  -24     0     2    38   -18    12   -24   -16    -4 
   36    32   -11   -14    34   -19    29    12     1 
  -22   -34    -7    34   -18   -13   -25    -2    13 
  -20    12     0    18    -6    -6   -30     0    30 
  -30     6   -30    18   -18   -12    12   -38     0 
  -32   -24   -20   -12    28   -12    36    24   -12 
   18   -18     8   -30   -26     0    24   -22   -12 
    6   -22     2    -6   -10     8     8     6    36 
  -14   -10   -15    14    26    35    17    38    11 
    2     2    30   -14   -26   -10    26    14   -38 
  -28     8   -28   -26    -6     2     2    -8    22 
   22   -18   -28   -16    24    18   -30   -14     2 
    4    36    22    12    12   -36    24    36   -36 
   28    12    18   -14    34     6    18     0    -2 
   20    12    22    26     6     6    -6    40   -10 
  -22    14    29    20   -36    23    -1    10    23 
    4    -4     6    16    16   -22    14   -16   -26 
   30    30   -26    -4   -12   -36   -24    34    20 
  -28    12     4   -18   -34    12    36    36    12 
   -6   -34   -16    40     8     2    38   -30    34 
   -8   -40     2   -42   -38     8     8    40    12 
   36    44   -12    30     6   -28    20    32    36 
  -28    -4   -17    36   -28   -31    -7    28    -3 
   10    18   -36    10    18    -6   -30     2    10 
  -24    24    16    38    22    42    30     0    26 
