5 0
100
   -1     1     1    -1    -1 
    0    24  -120     0     0 
    4     6    10     8     4 
    1     1     1     1     1 
    1 1     1 0     1 0     1 1     1 1 
   12    24  -120     4    60 
  -74 -77   -74 -77   -74 -77   -74 -77   -74 -77 
    1 0     1 0     1 0     1 0     1 0 
  156 -228   156 -228   156 -228   156 -228   156 -228 
    1 1     1 1     1 1     1 1     1 1 
    3     6   -30    -1   -15 

    1     1    -1    -1    -1 
    1    -1     1    -1    -1 
    1     1     1     1     1 
    1     1     1     1     1 
    1     1     1     1     1 

   -1    -1     1     1     1 
   -1     1    -1     1     1 
    0     0     0     0     0 
    2     0    -4    -2     2 
   -1    -1    -1    -1    -1 
    0    -2     2     6    -2 
    6    -4     8    -4     4 
    0     4    -4     4     0 
   -2     6     6     4    -4 
   -2     6    -2     0    -4 
   -2    -2   -10    -6    -2 
   -6     6   -10   -12    -8 
    8    12    12    -8     8 
   -2     8    12     0     8 
  -10    -2     6   -10    -6 
    6     0    12    -2     6 
   -6    14     6    -6     2 
  -12    12     4    14     2 
   14     4     0    12    -4 
   -1    -1    -1    -1    -1 
    0    -8    -8   -14     2 
    8     8     0     8     0 
   -2     4     0    -8     0 
    6    -8    12    14   -14 
    6     0    12     6   -10 
   10   -14     2   -10   -10 
   -2    -2    14   -10   -14 
    0    -8     8    -8    -8 
   -6    18    -6    -4     8 
  -14     6    14    -6   -14 
    0    10     6     8   -12 
  -18    10   -14    10    18 
   14    16   -12    -6    -2 
   16    -4     4     2     2 
   -6    18     2    14   -18 
   14     2    18    -8     4 
  -20    -4    -4     4     4 
  -12    16     8     6    -2 
   12    -6   -26    20     4 
   -4     6    10    12    12 
    0    16     0    22   -26 
   12    -4   -20   -10    22 
    8    16    24     8    24 
    0     4    20     0    16 
   -8     4    28     8    16 
  -16     0     0   -24    16 
    6     2    26   -16    24 
   16   -16    -8    -8    -8 
  -26    14    14     2     2 
   26    -6    -6   -28   -16 
   18   -24   -28     0     0 
    2   -12     8    16   -16 
   -2   -18    14     6    30 
   14    -2     6   -12    28 
   24   -30    30    18   -14 
  -12   -10   -14     0    20 
   18    10    10   -26    -6 
   34    12   -16    24     0 
   18   -20   -16   -24     0 
   -6     6    22   -24   -28 
    8     0    24    -4   -20 
   -8   -18    18   -20    24 
   -6   -12     0    14   -10 
  -22    -2     6    24   -32 
  -18   -30   -14    -8   -28 
  -14    -2     6    26    -6 
   10    -8    -4    -6    -6 
   -2    26     2   -10   -10 
    2    18     2    -4   -12 
   -8    24    -8    18    -2 
  -20    20    36    22   -14 
  -24   -20    20   -28    -4 
    2     0   -36   -12   -12 
   32    -6     6   -34    -2 
  -30    -6    10   -26   -26 
   10    10    -6   -10   -18 
  -18    18   -14     8   -20 
  -14   -38    34    14   -22 
  -26    12   -32    26   -22 
  -10    10    -6   -24   -32 
   24    -6    -2    36    28 
  -12   -12    -4    12    12 
   -6    26     2    10   -22 
  -10    14   -10     2    34 
    2    26    -6   -16   -20 
   28   -12   -20   -16    16 
  -12   -16    24   -28    32 
  -12    -4    36    26   -18 
   30    12   -32   -34    22 
   18    -8     4    22   -14 
    8     0    16   -16    16 
   20    -8    16    16   -16 
   -8    18    14   -34   -42 
  -24   -12    20   -18     2 
   -8   -24   -32     4    28 
   12    16   -16     6   -26 
    4   -12    20   -20     4 
   20   -20     4    -4    44 
   28    14    -6   -34    30 
   20    30    10   -16    36 
