4 5
100
   -1    -1    -1    -1 
    0     0     0     0 
    6     4     2     2 
    1     1     1     1 
   -5 4    -5 4    -5 4    10 1 
   64    16    16   128 
   28 89    28 89    28 89    28 89 
    1 0     1 0     1 0     1 0 
  350 150   350 150   350 150   350 150 
    3 -1     3 -1     3 -1     3 -1 
  -18    10    -2    -2 

   -1     1    -1    -1 
   -1     1    -1    -1 
    1     1     1     1 
    1     1     1     1 

   -2     0     2     2 
   -2     2     0     2 
    1    -1     1     1 
    1    -1     1     1 
    0     0     0     0 
    2     2     0    -6 
    6    -4     2     6 
   -8     4     0    -4 
    0     0     0    -8 
    4    -8     8     4 
    2    12    -4    -2 
    6    -2    -2     6 
    8     0     0   -12 
    4    -8     0     8 
    6    12     4    -2 
   10    -2     2     2 
   -6    -6     6    10 
   10    -4    -6    -6 
  -12    12     0    -4 
   -8    -8   -12    -4 
    2    -8   -10    14 
  -14    10     8     6 
    4     8    -8    -4 
  -18     0   -16    -2 
   -2    12   -12   -18 
   10    12     0    10 
   -1    -1    -1    -1 
    6     8   -10     6 
   10   -10     0     2 
    6    -6    -6     6 
   -6   -16   -12    -6 
   10   -18    -2    10 
   -2    18    18   -18 
   -6    -4    12    -2 
   14   -14    18    -2 
  -16   -20     4    -4 
    0     4    20   -20 
   -2     8     8     6 
    2     6   -20    -6 
  -24    24     4   -24 
   -2   -10    10   -26 
    2    18   -14     6 
   18    -4     6    -2 
   -6     8   -22   -18 
  -20   -16     8    12 
  -10    18    -4    -6 
  -18    -2   -12    14 
   -4   -16    -8   -24 
  -10   -12     8   -14 
  -10    -8     4   -14 
  -14    16    14     2 
   20    20     0   -12 
   26   -16   -12   -22 
   14   -14     2    -2 
  -30   -14   -30   -14 
   14   -10   -18    30 
    6    -4   -20    22 
   20     0    24    -4 
  -18   -30    20   -22 
  -26   -34   -18    14 
    6    10   -22    22 
  -18    -6     2    18 
   18     2    -2    18 
  -14    10     8    10 
   -8    -4    20     0 
  -30    12     0    -6 
   14   -26   -34     6 
    2    14    -2     2 
   -2    26     8    14 
  -28    -8     4    -8 
   -2    24    26   -18 
    2    24   -34    -6 
    4     0    24   -32 
  -18   -14     8    14 
  -10    20     8   -30 
   14     0   -36   -14 
  -30   -14    30    34 
  -10    22    34    14 
  -18   -22   -18   -34 
  -34    28   -12   -10 
  -20    16    28   -20 
   40   -40   -20     8 
  -30    30   -34   -34 
    2     6     6   -10 
   10    28   -40   -14 
   -2    38   -34    -2 
  -20    36    -4    24 
  -34    -6   -32    -6 
  -30     6    -6   -30 
   30   -30   -42    30 
  -26   -20    26    14 
   -6    26     4    26 
   32   -12    -8   -28 
  -32   -32   -12   -12 
  -38    -8     2   -22 
  -30    30    32    -6 
   16    20     8   -24 
    2    32    22   -14 
  -42    36   -40    10 
    6   -36   -24     2 
