4 5
100
   -1    -1    -1    -1 
    0     0     0     0 
    6     4     2     2 
    1     1     1     1 
    1 4     1 4     1 4   -11 1 
   64    16    16   128 
 -132 29  -132 29  -132 29  -132 29 
    1 0     1 0     1 0     1 0 
 -310 190  -310 190  -310 190  -310 190 
    3 -1     3 -1     3 -1     3 -1 
   -8     2   -10     4 

   -1    -1     1    -1 
    1     1     1     1 
   -1    -1     1    -1 
    1     1     1     1 

   -2     0     2     2 
   -2     2     0     2 
    1     1    -1     1 
    0     0     0     0 
    1     1    -1     1 
    2     0     2    -6 
   -8     0     4    -4 
    6     2    -4     6 
    4     8    -8     4 
    0     0     0    -8 
    6    -2    -2     6 
    2    -4    12    -2 
    4     0    -8     8 
    8     0     0   -12 
    6     4    12    -2 
   -6     6    -6    10 
   10     2    -2     2 
  -12     0    12    -4 
   10    -6    -4    -6 
    2   -10    -8    14 
   -8   -12    -8    -4 
    4    -8     8    -4 
  -14     8    10     6 
   -2   -12    12   -18 
  -18   -16     0    -2 
   -1    -1    -1    -1 
   10     0    12    10 
   10     0   -10     2 
    6   -10     8     6 
   -6   -12   -16    -6 
    6    -6    -6     6 
   -2    18    18   -18 
   10    -2   -18    10 
   14    18   -14    -2 
   -6    12    -4    -2 
    0    20     4   -20 
  -16     4   -20    -4 
   -2     8     8     6 
  -24     4    24   -24 
    2   -20     6    -6 
    2   -14    18     6 
   -2    10   -10   -26 
   -6   -22     8   -18 
   18     6    -4    -2 
  -10    -4    18    -6 
  -20     8   -16    12 
   -4    -8   -16   -24 
  -18   -12    -2    14 
  -10     4    -8   -14 
  -10     8   -12   -14 
   20     0    20   -12 
  -14    14    16     2 
   14     2   -14    -2 
   26   -12   -16   -22 
   14   -18   -10    30 
  -30   -30   -14   -14 
    6   -20    -4    22 
  -18    20   -30   -22 
   20    24     0    -4 
    6   -22    10    22 
  -26   -18   -34    14 
   18    -2     2    18 
  -18     2    -6    18 
   -8    20    -4     0 
  -14     8    10    10 
   14   -34   -26     6 
  -30     0    12    -6 
    2    -2    14     2 
  -28     4    -8    -8 
   -2     8    26    14 
    2   -34    24    -6 
   -2    26    24   -18 
  -18     8   -14    14 
    4    24     0   -32 
   14   -36     0   -14 
  -10     8    20   -30 
  -10    34    22    14 
  -30    30   -14    34 
  -34   -12    28   -10 
  -18   -18   -22   -34 
   40   -20   -40     8 
  -20    28    16   -20 
    2     6     6   -10 
  -30   -34    30   -34 
   -2   -34    38    -2 
   10   -40    28   -14 
  -34   -32    -6    -6 
  -20    -4    36    24 
   30   -42   -30    30 
  -30    -6     6   -30 
   -6     4    26    26 
  -26    26   -20    14 
  -32   -12   -32   -12 
   32    -8   -12   -28 
  -30    32    30    -6 
  -38     2    -8   -22 
    2    22    32   -14 
   16     8    20   -24 
    6   -24   -36     2 
  -42   -40    36    10 
