8 0
100
   -1     1    -1    -1    -1    -1     1     1 
    0    40     0     0     0     0   -40   -24 
    7     5     5     4     3     2     2     1 
    1     1     1     1     1     1     1     1 
   -5 3     1 0     7 0    -5 3    -5 3    -5 3     1 0     1 0 
  360    40    56    64     8    64   -40   -24 
 -112 -21  -133 23  -112 -21  -112 -21  -112 -21  -112 -21  -133 23  -133 23 
    1 0     1 0     1 0     1 0     1 0     1 0     1 0     1 0 
 -400 70   -70 -110  -400 70  -400 70  -400 70  -400 70   -70 -110   -70 -110 
    3 -1     0 1     3 -1     3 -1     3 -1     3 -1     0 1     0 1 
   18    20     4     6    -2     2   -20   -12 

   -1     1     1    -1    -1     1    -1    -1 
    1     1    -1     1     1     1    -1     1 
   -1    -1    -1     1     1     1    -1     1 
   -1     1    -1    -1     1    -1    -1    -1 
   -1     1    -1     1    -1    -1    -1    -1 

   -3    -1    -1     0     1     2     2     3 
    1    -1    -1     1     1    -1     1     1 
   -1    -1     1    -1    -1    -1     1    -1 
    1     1     1    -1    -1    -1     1    -1 
    1    -1     1     1    -1     1     1     1 
    4    -4     5     0    -4     4     4    -5 
    6    -6     6    -8     2    -6     6     6 
    0     0     0     8     8     4     0     0 
    2    -2    10     2    -6     4     2   -10 
    1     5    -5     4    -7     0    -4     7 
   -4    -4   -11    -6     0     6     6    -7 
   -5    -3    -2    -8    -9     8    10    -2 
   -3    -7     2     8    -3     0    -8   -12 
   -2     6    -8     0    -2    -6    -2    -2 
   -4     4   -11    10     8     8    -4     5 
   -5    -3   -10     8     3    -6     0     4 
    0     4     6    -6    12    -6    10     0 
   -4    -4    -9     2   -12     4     6    -7 
    3    -3    11    -6     7     4    -2    -3 
   -8    -4    -3   -12     0    -4    12   -11 
   -5    -3     3     8    -5    -6    10     7 
    0     8     8   -16     8    -8     0     6 
    6    14    -9    -6    -6     2    -4    15 
  -12     8    -9     6     8     8     8    15 
  -14    14     6     6    14     4    -4    -2 
  -12    -8     7    16     4   -18     8    -3 
   10     6    -4    -4   -10   -12    10    10 
  -16    16    -2    -4     8    -6    -6     8 
   19    19   -12     0    -1     8   -16     4 
   10     6   -12    -8    -6     4   -10    -2 
    5    13    -2    -6     5     6    10   -10 
   10     6     9     4    -2   -14     0    -5 
    0     0     2    -8     8   -12   -10     6 
  -14    14    -2    -8     2   -14    16    22 
    6   -18    10     2    -6   -22   -14   -24 
   24     8   -20     4   -24     2    14    12 
    1    -1     1    -1     1     1     1     1 
    6     2   -19    22    -6    -4    -4     9 
  -12     0    11   -24     0    -4   -12    21 
  -11    19     0    -6    21     6   -16    16 
  -16     8   -20    22    20    22   -26    20 
   13   -25     1   -10    -7     2    -2    -5 
  -25     7     3     0    11    -8   -20    23 
  -15    17     3    -4    13    -8    20    -9 
   -4   -16   -25    -2     0   -18    -4   -25 
  -20     4     0   -14    -8   -18     0    16 
  -11     1    16    16    -3   -16   -16    16 
    5     9    23     8   -23    -8   -20     5 
   13   -25    -6    10   -11   -20   -12    22 
  -16     4    -1    26   -16    14    14   -19 
   -3    15   -24    26    13   -20   -18    12 
    6   -18   -26   -12    30   -20   -24   -24 
   -7    -3    24   -22    21   -26    18     2 
  -26    -2   -27    -2    22   -18    14    -5 
  -14    30     3   -14   -10   -14   -14    25 
   24   -24    25    30   -12    10    -6    -9 
  -13   -13   -16     2     7   -22   -18   -16 
   25    -7   -24   -24    25    24     0    -2 
   -3    13   -12    28     5     4    32    18 
   29   -27   -30   -10    -3   -10    14    26 
  -19    -7    -1     6    -3     6     6    17 
  -14    18    12   -18   -22     6   -34     4 
  -20   -24   -17    -6   -12   -18    30    31 
   26    -2    11    20    26     8    -4     5 
  -35   -25   -30   -18    -7   -10   -20   -20 
   29    -3    16    -6     5    34    -6   -22 
   10   -30    31    26    -6    18    30    13 
   18     2    20    -6    -2   -26    -2   -30 
  -18   -22   -12   -16   -22   -28    -8     0 
  -22    10    14    32   -18   -10   -22   -10 
  -24    28     4     0   -16     4    16     0 
    4    20     8   -20   -24    28   -16   -14 
    8    16     9   -24   -32   -24   -32    11 
   28   -12     3   -24    16   -12     8     1 
   20   -20    -9    10   -16   -30    10    -7 
   16   -24     6   -14     8     6     6    22 
  -30    22     3    32    10    20   -10     3 
    2   -18   -24    -4    18   -14   -28    -4 
    6    10   -19    18    -6   -32    -4   -15 
  -22    38   -21    18     6   -24   -12    35 
  -14   -26    -1    20    18     8    -4    25 
  -25   -15    36   -22     7    -6   -20   -22 
   15   -35   -10   -30   -37     2   -30    18 
    6    34   -37    10    30    26    26   -15 
   19    27    18   -38   -21    22    34   -26 
   20   -16     0   -20    20    32   -10    26 
  -12    -4   -18    12    -8     4   -32   -24 
   20    24    12    20    24    12   -20    -4 
   22   -14   -31    -6   -26    16    12    37 
   22   -14   -34   -30    26    36    32    -2 
    4    -4     9    16   -20    -8    24     7 
  -32    -8   -17    16    16    -4   -32   -11 
   19   -27   -23    36    11    38    34     1 
    7   -43    28   -28    -1   -28   -28    -2 
  -27    29    -5     8    37    20     8    21 
   35    11    26    -8    39   -16    40     8 
   40   -40    40   -32    -4    12   -20    22 
  -16     4   -18    20   -32     4    24    32 
   15   -31   -34   -30     3   -36   -20   -18 
   15   -35   -14   -38   -41     0     0     0 
