2 13
100
   -1    -1 
    0     0 
    6     2 
    1     1 
   -5 4    -5 4 
    8     8 
 -271 115  -271 115 
    0 -1     0 -1 
  222 -296   222 -296 
    2 1     2 1 
   -3    -7 

   -1    -1 
   -1    -1 
   -1    -1 
   -1    -1 

    0     0 
   -2     2 
    1     1 
   -3     1 
    3    -1 
    0     0 
    6     6 
   -6    -6 
   -4     4 
   -4     4 
    1     1 
    1     1 
    3     7 
   -3    -7 
   14    -2 
   -6     2 
    6    -2 
    0     0 
    0     0 
   -4     8 
   -4     8 
   -9   -13 
    9    13 
    6     6 
   -6    -6 
  -10   -14 
  -10   -14 
   -4   -16 
   -4   -16 
    0   -20 
    0    20 
    9     9 
   -9    -9 
   -4    -8 
   -4    -8 
   11    -5 
   11    -5 
   26    10 
   -3     5 
    3    -5 
   20    24 
   20    24 
  -12   -12 
   12    12 
   20   -24 
   20   -24 
   -1   -13 
   -1   -13 
  -22    14 
  -22    14 
   -3    21 
    3   -21 
   18    -6 
  -18     6 
    6   -18 
   -6    18 
  -25    -9 
  -30    26 
   30   -26 
  -28     4 
  -28     4 
  -12     4 
   12    -4 
   -1   -33 
   -1   -33 
   -6    -6 
    6     6 
    2    34 
   17    37 
   17    37 
  -16    -8 
  -16    -8 
    6    22 
   -6   -22 
  -18   -26 
   18    26 
    2   -10 
    2   -10 
   12    16 
  -12   -16 
  -24     0 
   24     0 
  -10    -2 
  -10    -2 
   -7    25 
   -7    25 
   36    24 
  -36   -24 
   18    14 
  -18   -14 
   -4   -36 
   -4   -36 
   21   -35 
  -21    35 
   20   -20 
   20   -20 
  -13   -13 
  -13   -13 
    6    18 
   -6   -18 
