1 0
100
    1 
    0 
    6 
    1 
    7 0 
   16 
   48 9 
    1 0 
  170 -30 
    3 -1 
    2 

    1 
   -1 
   -1 
   -1 

   -2 
   -2 
   -1 
    1 
    1 
   -6 
    0 
   -8 
   -6 
    0 
  -10 
   -6 
   -6 
    4 
   -6 
    1 
   -2 
  -10 
   10 
    4 
   -8 
    6 
   -8 
  -10 
   -6 
    2 
   -2 
  -12 
   -4 
  -14 
   14 
   18 
   -6 
  -22 
   -2 
   14 
  -24 
   10 
  -24 
  -10 
    6 
   18 
  -22 
    8 
  -10 
  -22 
   -4 
  -14 
  -14 
  -10 
   10 
  -16 
   -6 
   18 
  -18 
  -10 
   10 
   20 
   12 
  -30 
   26 
   30 
  -26 
   28 
   -4 
  -14 
  -10 
  -30 
    6 
  -16 
    4 
  -10 
   34 
  -18 
    2 
  -26 
   38 
   30 
   18 
   18 
  -12 
  -30 
   18 
   -2 
  -26 
   -6 
  -34 
  -10 
  -22 
   34 
    6 
  -26 
    6 
  -12 
  -26 
    0 
   -6 
    8 
  -30 
    6 
