1 0
200
   -1 
    0 
    2 
    1 
    7 0 
 1536 
  -64 0 
    0 -1 
   43 -43 
    2 0 
 -192 
    0 
    0 

   -1 
   -1 

    2 
    1 
    0 
    0 
   -2 
    3 
    3 
   -1 
   -5 
    7 
    6 
   -6 
  -12 
   -8 
    6 
   -9 
  -13 
    8 
   -4 
  -15 
   -3 
   -8 
   12 
    0 
   10 
  -13 
    7 
  -11 
    5 
  -12 
    4 
  -22 
   -2 
   -4 
   -4 
   16 
    2 
   23 
  -12 
   10 
   10 
  -26 
   18 
   22 
  -22 
   22 
    4 
   10 
    9 
    5 
   25 
  -15 
  -12 
   30 
   -9 
   11 
   15 
    3 
  -21 
  -26 
    8 
   21 
   -3 
    4 
   10 
  -31 
  -27 
   10 
    4 
   -8 
   23 
   11 
   16 
  -12 
  -24 
    0 
  -30 
  -18 
  -19 
   21 
  -34 
   36 
   16 
   -8 
  -24 
   18 
   12 
    4 
   36 
   30 
   16 
    2 
  -12 
  -36 
  -24 
   24 
   -8 
  -22 
  -23 
   13 
    6 
    8 
  -10 
  -40 
   36 
  -28 
   -9 
   -5 
    3 
  -21 
  -36 
   12 
   36 
   24 
  -38 
  -32 
  -36 
   36 
   -6 
   -6 
   22 
   -6 
  -17 
   23 
    3 
   -9 
  -50 
  -40 
  -13 
   -5 
  -12 
   28 
  -40 
  -40 
  -14 
  -24 
   22 
   -2 
  -36 
  -10 
   -2 
    2 
   31 
  -25 
  -52 
   -4 
  -24 
   -2 
   -6 
  -22 
   26 
   24 
   36 
   37 
  -15 
   19 
   19 
  -37 
   35 
   10 
   48 
   44 
  -28 
    3 
    3 
   23 
  -57 
  -18 
   -2 
  -24 
   54 
   52 
   22 
  -10 
  -42 
   28 
  -28 
   38 
  -50 
    6 
   -6 
   30 
   -4 
   56 
    2 
   56 
   38 
   48 
   42 
  -24 
   24 
  -44 
  -54 
   -3 
   29 
  -52 
  -44 
  -40 
  -60 
   -4 
