3 0
1000
    1     1     1 
    8   -18    -6 
    8     6     2 
    4     1     1 
    1 0     1 0     1 0 
    8   -18    -6 
   29 5    29 5     5 5 
    0 1     0 1     1 0 
    0 -24     0 -24    24 0 
    2 -1     2 -1     2 -1 
    4    -3    -4 

    1    -1    -1 
    1    -1    -1 
   -1    -1    -1 

   -1     1     1 
   -1     1     1 
    0     0     0 
   -2     0     4 
   -2     4     0 
    4    -4    -4 
   -8     6    -6 
   -8    -6     6 
    8     4     4 
    8     4     4 
    6    -6     2 
    6     2    -6 
    0    -6   -10 
    0   -10    -6 
  -14    -2    -2 
   -2     8    -4 
   -2    -4     8 
    4    -8     0 
    4     0    -8 
   -4     4    -4 
   -4    -4     4 
    8     2    -2 
    8    -2     2 
   -6   -14    18 
   -6    18   -14 
    2    -2    -2 
    2    -2    -2 
   16   -12     4 
   16     4   -12 
   18   -14    18 
   18    18   -14 
   -6    14    22 
   -6    22    14 
   -2   -10    22 
   -2    22   -10 
   12    -4    12 
   12    12    -4 
  -22     6     6 
   12   -16   -24 
   12   -24   -16 
    6   -14    -6 
    6    -6   -14 
    0   -10   -22 
    0   -22   -10 
   16     0   -24 
   16   -24     0 
   -8    24    16 
   -8    16    24 
   22     6    22 
   22    22     6 
   20     0    24 
   20    24     0 
    2    -6    10 
    2    10    -6 
  -10   -24    -4 
  -10    -4   -24 
  -30   -14   -14 
  -24   -14    -2 
  -24    -2   -14 
   -6   -14   -30 
   -6   -30   -14 
    6     4     0 
    6     0     4 
   20   -20    28 
   20    28   -20 
    2   -30    18 
    2    18   -30 
  -22    -6    -6 
   -8     8     0 
   -8     0     8 
   20    12    28 
   20    28    12 
    0    -6    38 
    0    38    -6 
   -2    20     0 
   -2     0    20 
   14    26   -30 
   14   -30    26 
  -30    -2   -26 
  -30   -26    -2 
   12     8   -16 
   12   -16     8 
  -10    18   -22 
  -10   -22    18 
  -14    26    10 
  -14    10    26 
   20     0    24 
   20    24     0 
  -14     6    14 
  -14    14     6 
    8    36     4 
    8     4    36 
  -36    -4    -4 
  -36    -4    -4 
  -32   -16    -8 
  -32    -8   -16 
   12    20    20 
   12    20    20 
    6     8   -20 
    6   -20     8 
   26     6   -18 
   26   -18     6 
    2   -42   -10 
    2   -10   -42 
  -44   -32     8 
  -44     8   -32 
   24    14   -14 
   24   -14    14 
   42   -22    26 
   42    26   -22 
  -44    28     4 
  -44     4    28 
   16    28   -20 
   16   -20    28 
  -14   -34     6 
  -14     6   -34 
   12    36    12 
   12    12    36 
    8    18   -18 
    8   -18    18 
    6    16    36 
    6    36    16 
  -10    22     6 
  -10     6    22 
    4   -16   -24 
    4   -24   -16 
   -4   -20    20 
   -4    20   -20 
  -10     6   -10 
  -10   -10     6 
  -32   -30    14 
  -32    14   -30 
   48     8    32 
   48    32     8 
   24     4    20 
   24    20     4 
   38    10    34 
   38    34    10 
  -18    24   -36 
  -18   -36    24 
   22   -12    16 
   22    16   -12 
  -16   -16     8 
  -16     8   -16 
  -50    14    46 
  -50    46    14 
  -24    -6     6 
  -24     6    -6 
  -22    10    10 
  -12   -20   -36 
  -12   -36   -20 
  -32   -50    18 
  -32    18   -50 
   50    34   -30 
   50   -30    34 
   -4    20    -4 
   -4    -4    20 
    4    44   -44 
    4   -44    44 
   16    -2     2 
   16     2    -2 
   50     6   -50 
   50   -50     6 
   12   -20    -4 
   12    -4   -20 
   36    -8   -32 
   36   -32    -8 
  -30    30    22 
  -30    22    30 
  -24    26    54 
  -24    54    26 
   40    28    12 
   40    12    28 
  -50   -12   -48 
  -50   -48   -12 
   30     2    58 
   30    58     2 
  -40    16    56 
  -40    56    16 
   26    -6   -54 
   26   -54    -6 
   30   -20     8 
   30     8   -20 
    8    44   -52 
    8   -52    44 
   54   -62    26 
   54    26   -62 
   48   -42   -54 
   48   -54   -42 
  -18   -44    16 
  -18    16   -44 
  -36    36    -4 
  -36    -4    36 
  -62    -2    -2 
  -62    -2    -2 
  -20     4    20 
  -20    20     4 
   22   -24    12 
   22    12   -24 
  -22    42    10 
  -22    10    42 
   46     2   -22 
   46   -22     2 
   38   -14   -38 
   38   -38   -14 
  -60    -8   -16 
  -60   -16    -8 
    6    -4   -24 
    6   -24    -4 
   56    28   -20 
   56   -20    28 
    4    36   -20 
    4   -20    36 
  -18   -56    12 
  -18    12   -56 
  -32   -36   -20 
  -32   -20   -36 
  -28    28   -36 
  -28   -36    28 
  -22    38   -10 
  -22   -10    38 
  -24    54    -6 
  -24    -6    54 
   54   -44    16 
   54    16   -44 
   18    62   -10 
   18   -10    62 
    8    64    40 
    8    40    64 
   -6    10    -6 
   -6    -6    10 
   48    30    18 
   48    18    30 
  -66    54   -26 
  -66   -26    54 
  -60   -28   -28 
  -60   -28   -28 
   50   -38   -22 
   50   -22   -38 
   20     0    40 
   20    40     0 
   40    62   -30 
   40   -30    62 
  -36    12    12 
  -36    12    12 
   64    68   -76 
   64   -76    68 
   46    78   -34 
   46   -34    78 
  -56   -32    40 
  -56    40   -32 
   60    12   -20 
   60   -20    12 
    8    78    18 
    8    18    78 
   10    46    46 
   10    46    46 
   38    62   -18 
   38   -18    62 
   78     0   -28 
   78   -28     0 
  -46    50    50 
  -14   -42   -66 
  -14   -66   -42 
   -4   -20   -60 
   -4   -60   -20 
   38    20    48 
   38    48    20 
   26    -6    74 
   26    74    -6 
  -50    58   -14 
  -50   -14    58 
  -52    60    52 
  -52    52    60 
  -38   -10   -10 
  -38   -10   -10 
  -64   -24    32 
  -64    32   -24 
  -12   -44   -12 
  -12   -12   -44 
   16   -40   -48 
   16   -48   -40 
  -70   -38   -38 
   16   -18   -78 
   16   -78   -18 
   50   -66   -66 
   50   -66   -66 
  -16    16   -24 
  -16   -24    16 
  -26    12   -56 
  -26   -56    12 
   12   -48    40 
   12    40   -48 
  -40    48   -24 
  -40   -24    48 
  -66    12     8 
  -66     8    12 
  -20   -52    -4 
  -20    -4   -52 
   84   -20    20 
   84    20   -20 
    2   -30     2 
    2     2   -30 
   36    20    84 
   36    84    20 
  -34    74   -46 
  -34   -46    74 
   56    10   -42 
   56   -42    10 
   30    64    20 
   30    20    64 
  -20   -36    -4 
  -20    -4   -36 
  -84   -60   -12 
  -84   -12   -60 
    2    18   -14 
    2   -14    18 
  -38   -26    70 
  -38    70   -26 
  -56    -8    64 
  -56    64    -8 
   18   -50    30 
   18    30   -50 
   12   -44   -20 
   12   -20   -44 
   84    28   -68 
   84   -68    28 
  -42   -48   -60 
  -42   -60   -48 
   84    36   -28 
   84   -28    36 
   -2    26    18 
   -2    18    26 
  -22    -6   -38 
  -22   -38    -6 
   22     2    10 
   22    10     2 
  -54    54    62 
  -54    62    54 
  -48    16     8 
  -48     8    16 
  -26    44   -72 
  -26   -72    44 
  -42    26     2 
  -42     2    26 
   52   -36    44 
   52    44   -36 
  -34   -72    12 
  -34    12   -72 
  -22   -62   -14 
  -22   -14   -62 
   22   -24    60 
   22    60   -24 
   64    30    66 
   64    66    30 
  -24   -26   -22 
  -24   -22   -26 
   48   -90    -6 
   48    -6   -90 
  -68    -4     4 
  -68     4    -4 
   42   -54    74 
   42    74   -54 
  -52    48   -56 
  -52   -56    48 
   36     4   -92 
   36   -92     4 
  -82   -78    42 
  -82    42   -78 
   60    -4    60 
   60    60    -4 
  -42    96   -60 
  -42   -60    96 
  -70   -26   -82 
  -70   -82   -26 
   24    78    66 
   24    66    78 
   24    52    68 
   24    68    52 
  -58   -58    22 
  -58    22   -58 
  -48   -82    66 
  -48    66   -82 
  -62    54    86 
  -62    86    54 
  -98    88   -36 
  -98   -36    88 
  -12    40   -80 
  -12   -80    40 
   60   -12   -76 
   60   -76   -12 
   72    42    38 
   72    38    42 
   -6     6    14 
   -6    14     6 
  -28   -60   -92 
  -28   -92   -60 
   18   -42    14 
   18    14   -42 
  -22   -82    70 
  -22    70   -82 
   -2    70   -58 
   -2   -58    70 
 -100   -52   -44 
 -100   -44   -52 
   12    20    84 
   12    84    20 
  -76    28    60 
  -76    60    28 
   22    44   -24 
   22   -24    44 
   32     4    52 
   32    52     4 
  -30    78   -74 
  -30   -74    78 
  -10     0    20 
  -10    20     0 
  -16   -66     2 
  -16     2   -66 
   10   -10   -10 
   10   -10   -10 
  -10   -60   -48 
  -10   -48   -60 
   28    84    36 
   28    36    84 
  -12    68    52 
  -12    52    68 
  -38   -86   -22 
  -38   -22   -86 
  -28    76    68 
  -28    68    76 
   64    -6   -42 
   64   -42    -6 
   62   -58    86 
   62    86   -58 
  -14   -42    30 
  -14    30   -42 
  -10    26    18 
  -10    18    26 
   20    52   -60 
   20   -60    52 
   36    12   -36 
   36   -36    12 
   50    66   -78 
   50   -78    66 
   34   -34    14 
   34    14   -34 
   56    58     6 
   56     6    58 
   82    34   -94 
   82   -94    34 
  -18    24   -52 
  -18   -52    24 
   90   -30   -46 
   90   -46   -30 
   20    68    -4 
   20    -4    68 
  -32    52    84 
  -32    84    52 
   70   110    14 
   70    14   110 
    4   108   -36 
    4   -36   108 
   -4   -20   -60 
   -4   -60   -20 
  -20   -60  -108 
  -20  -108   -60 
   80   -30   -18 
   80   -18   -30 
  -12    68    36 
  -12    36    68 
   22    -4    88 
   22    88    -4 
  -40   -28   -28 
  -40   -28   -28 
   14    88   -20 
   14   -20    88 
  -54    22   -10 
  -54   -10    22 
   34   -62     2 
   34     2   -62 
  -16    88    48 
  -16    48    88 
  -98   -94   -86 
  -98   -86   -94 
  -20   -12    36 
  -20    36   -12 
   52    92   -28 
   52   -28    92 
   74  -106    54 
   74    54  -106 
   36   -84    68 
   36    68   -84 
  -50    80    68 
  -50    68    80 
   30   -50   -34 
   30   -34   -50 
  114    22   -98 
  114   -98    22 
  104    86   -54 
  104   -54    86 
  -24   -32   -40 
  -24   -40   -32 
  102   -64    36 
  102    36   -64 
  -14    -2   -82 
  -14   -82    -2 
   30   -44    48 
   30    48   -44 
  -72    14   -30 
  -72   -30    14 
 -118    70    70 
  -24   -44   -28 
  -24   -28   -44 
   70   118   118 
   70   118   118 
  -56   118   -70 
  -56   -70   118 
  -14   -34    46 
  -14    46   -34 
   22     8    28 
   22    28     8 
  -70  -118   -54 
  -70   -54  -118 
   36    32    56 
   36    56    32 
   94    10     2 
   94     2    10 
  102   -22   -46 
  102   -46   -22 
   -6   -98   -42 
   -6   -42   -98 
 -106  -108     0 
 -106     0  -108 
  -24    16     8 
  -24     8    16 
  -60    52  -124 
  -60  -124    52 
  -64    84    52 
  -64    52    84 
   52    60    28 
   52    28    60 
  -40    -6   -10 
  -40   -10    -6 
   54    24   -36 
   54   -36    24 
   44   120    64 
   44    64   120 
   52   -60    68 
   52    68   -60 
  -46   -70    74 
  -46    74   -70 
 -100  -116    20 
 -100    20  -116 
   90   -22   -22 
   90   -22   -22 
   26    54    62 
   26    62    54 
  -80   -90   -70 
  -80   -70   -90 
  -50   -50   -34 
  -50   -34   -50 
   34    30   -50 
   34   -50    30 
  116    -4   108 
  116   108    -4 
  104    52   -44 
  104   -44    52 
   28   -72  -112 
   28  -112   -72 
   -6    82   114 
   -6   114    82 
 -114   -60    64 
 -114    64   -60 
  102    14    62 
  102    62    14 
  -48   -14   -50 
  -48   -50   -14 
  -14    82   -46 
  -14   -46    82 
   36  -104    16 
   36    16  -104 
   80   -68   -20 
   80   -20   -68 
  -30    94   102 
  -30   102    94 
   12    92    28 
   12    28    92 
  -90   -40    60 
  -90    60   -40 
  -90  -114    -2 
  -90    -2  -114 
   90  -126   -30 
   90   -30  -126 
   16    24    64 
   16    64    24 
   56   -12   -12 
   56   -12   -12 
   66    50   -30 
   66   -30    50 
   54   -72   -36 
   54   -36   -72 
  -30   -14   -14 
  -30   -14   -14 
   16    44   -84 
   16   -84    44 
   92     8   -96 
   92   -96     8 
  -40  -112     8 
  -40     8  -112 
  -60   124  -108 
  -60  -108   124 
   46    86   102 
   46   102    86 
   44  -104   112 
   44   112  -104 
  -28  -108     4 
  -28     4  -108 
   50    86    22 
   50    22    86 
  -78    46    70 
  -78    70    46 
  104   -50    50 
  104    50   -50 
   12    36   -44 
   12   -44    36 
   44   -84    44 
   44    44   -84 
   38   -48   116 
   38   116   -48 
   88   -76    68 
   88    68   -76 
  -74   -70    98 
  -74    98   -70 
   96   -90    -6 
   96    -6   -90 
   66    70   -58 
   66   -58    70 
   40   114    14 
   40    14   114 
  -42   -72   -36 
  -42   -36   -72 
   74   102   -98 
   74   -98   102 
  -98    42   130 
  -98   130    42 
 -100   -60   -60 
 -100   -60   -60 
   86   -50   -98 
   86   -98   -50 
   10    50   -62 
   10   -62    50 
  -32    34   110 
  -32   110    34 
  128    40    64 
  128    64    40 
  -74   -24    44 
  -74    44   -24 
   84   -60    20 
   84    20   -60 
  -96   -64     8 
  -96     8   -64 
 -124  -116   -84 
 -124   -84  -116 
   66   -18     6 
   66     6   -18 
  -42   -36    72 
  -42    72   -36 
  -48    34    -2 
  -48    -2    34 
    0    26   -58 
    0   -58    26 
   76    60   -92 
   76   -92    60 
   -6    46   -82 
   -6   -82    46 
   -8   -64   -40 
   -8   -40   -64 
  114     6  -114 
  114  -114     6 
   12    96    40 
   12    40    96 
  100   -76   -44 
  100   -44   -76 
   14   -38    82 
   14    82   -38 
   30    84    48 
   30    48    84 
  -42     8    60 
  -42    60     8 
   10   -90   -18 
   10   -18   -90 
   98   -14    50 
   98    50   -14 
 -104   -26    58 
 -104    58   -26 
  -46  -110  -110 
   14    12   -40 
   14   -40    12 
  -52    -4   -92 
  -52   -92    -4 
   24    -6  -138 
   24  -138    -6 
  114    42    90 
  114    90    42 
   56     6    90 
   56    90     6 
  118    74   114 
  118   114    74 
 -102    78   -42 
 -102   -42    78 
  -82  -106   -10 
  -82   -10  -106 
  -20   -76    44 
  -20    44   -76 
   74    50    66 
   74    66    50 
  -80    82    30 
  -80    30    82 
  -64  -104   -80 
  -64   -80  -104 
  -76    24    96 
  -76    96    24 
    6  -100    40 
    6    40  -100 
  104  -104   -96 
  104   -96  -104 
  -16   -56   -16 
  -16   -16   -56 
  148    -8  -112 
  148  -112    -8 
  -62   126   -66 
  -62   -66   126 
  110   -30   -38 
  110   -38   -30 
  -40   -90    26 
  -40    26   -90 
  -22    22   -74 
  -22   -74    22 
  -56   -92   -28 
  -56   -28   -92 
  -54   -18  -122 
  -54  -122   -18 
  -28    12    44 
  -28    44    12 
   30   -68    40 
   30    40   -68 
  -10   -62   -70 
  -10   -70   -62 
  -56  -124    84 
  -56    84  -124 
 -100    92    28 
 -100    28    92 
  -88   -16     8 
  -88     8   -16 
 -102     6  -114 
 -102  -114     6 
   14   -92   -48 
   14   -48   -92 
   56   -36    44 
   56    44   -36 
   66    26   -54 
   66   -54    26 
 -114    20   -48 
 -114   -48    20 
   68  -152    96 
   68    96  -152 
  -24    18    30 
  -24    30    18 
   90    30    38 
   90    38    30 
   12    76    52 
   12    52    76 
  -24   -98   -94 
  -24   -94   -98 
  -84   -64    72 
  -84    72   -64 
   64   -96    88 
   64    88   -96 
   52  -108    52 
   52    52  -108 
  102   108   -24 
  102   -24   108 
   86   -86   -78 
   86   -78   -86 
  -44    52   -20 
  -44   -20    52 
 -114   -36     8 
 -114     8   -36 
   -6   130   -14 
   -6   -14   130 
  106   118   -10 
  106   -10   118 
   12   -36  -100 
   12  -100   -36 
 -128   -34  -126 
 -128  -126   -34 
  -52    -4    92 
  -52    92    -4 
   30    48    36 
   30    36    48 
  118    30   -66 
  118   -66    30 
  -94   -18   -18 
  130   -18   -26 
  130   -26   -18 
   24    98    -2 
   24    -2    98 
  120   -72    80 
  120    80   -72 
 -114   -42   -74 
 -114   -74   -42 
  -74   -48    36 
  -74    36   -48 
   92    24   -48 
   92   -48    24 
   42    22   126 
   42   126    22 
  -62    62  -130 
  -62  -130    62 
   72    94   -46 
   72   -46    94 
   26   -82   -50 
   26   -50   -82 
   -8   -84   108 
   -8   108   -84 
 -154   -50    62 
 -154    62   -50 
  -82   -28   112 
  -82   112   -28 
 -124   -92   -12 
 -124   -12   -92 
  -78   -62  -126 
  -78  -126   -62 
   28   100   -12 
   28   -12   100 
   54    58    34 
   54    34    58 
  -70   -18   -74 
  -70   -74   -18 
  -60   108    60 
  -60    60   108 
  -70   -70    42 
  -70    42   -70 
 -108    68   140 
 -108   140    68 
  -34    68    64 
  -34    64    68 
   14    78   -98 
   14   -98    78 
   54   140   -40 
   54   -40   140 
  -36  -132   140 
  -36   140  -132 
  -30   -30    50 
  -30    50   -30 
  124   -84  -108 
  124  -108   -84 
    8  -132    28 
    8    28  -132 
  -96   -66     2 
  -96     2   -66 
   30   102   134 
   30   134   102 
    2    62   -10 
    2   -10    62 
 -140  -140  -140 
 -140  -140  -140 
   36    68   -44 
   36   -44    68 
   14    -6   -94 
   14   -94    -6 
 -152    66  -130 
 -152  -130    66 
 -132   -72  -112 
 -132  -112   -72 
  -16   144   136 
  -16   136   144 
   46  -146   110 
   46   110  -146 
  -22   -78   130 
  -22   130   -78 
  -18    60   -72 
  -18   -72    60 
 -150    90    90 
    0    30   130 
    0   130    30 
  -18    88    60 
  -18    60    88 
 -110   -70   -86 
 -110   -86   -70 
  128    52   -60 
  128   -60    52 
   50   -34  -122 
   50  -122   -34 
   24  -122   -86 
   24   -86  -122 
 -122   -46   154 
 -122   154   -46 
  -86   -10   -98 
  -86   -98   -10 
   36   -96   136 
   36   136   -96 
   -4    28   148 
   -4   148    28 
   12   -44   -44 
   12   -44   -44 
   30   120   -68 
   30   -68   120 
   82    90    74 
   82    74    90 
  -38    90   -38 
  -38   -38    90 
 -144   150   -22 
 -144   -22   150 
   48    32  -104 
   48  -104    32 
   10  -138  -154 
   10  -154  -138 
  124   -76   148 
  124   148   -76 
 -100   -84  -116 
 -100  -116   -84 
  -12    20    52 
  -12    52    20 
  112   -38   102 
  112   102   -38 
   -2    64  -108 
   -2  -108    64 
  108  -152     0 
  108     0  -152 
 -158  -158    98 
 -158    98  -158 
 -140     0  -152 
 -140  -152     0 
  -82   158   -34 
  -82   -34   158 
  -36  -116   -52 
  -36   -52  -116 
  -34   -44   -80 
  -34   -80   -44 
  -80   -48  -104 
  -80  -104   -48 
  -94  -114  -146 
  -94  -146  -114 
  122  -102    90 
  122    90  -102 
   52  -132    76 
   52    76  -132 
   28    68   -52 
   28   -52    68 
  122    42   -86 
  122   -86    42 
    2  -110   -46 
    2   -46  -110 
   28   164   -76 
   28   -76   164 
    6   -20   -56 
    6   -56   -20 
   10   114    50 
   10    50   114 
   68    36   148 
   68   148    36 
   94     2   154 
   94   154     2 
  -22    66  -110 
  -22  -110    66 
   70    54  -170 
   70  -170    54 
 -102   -30  -126 
 -102  -126   -30 
  -48   138     6 
  -48     6   138 
  -80    84  -172 
  -80  -172    84 
   22   118  -106 
   22  -106   118 
  -96  -148   124 
  -96   124  -148 
  100   156   -84 
  100   -84   156 
   18   174    70 
   18    70   174 
    2    62   -18 
    2   -18    62 
  -32   -92   100 
  -32   100   -92 
 -120   162  -114 
 -120  -114   162 
  -76   108   -76 
  -76   -76   108 
  -32   -42    58 
  -32    58   -42 
   10    54    86 
   10    86    54 
  -24   -88   -16 
  -24   -16   -88 
 -114    38  -122 
 -114  -122    38 
  -46    66   130 
