4 0
100
    1    -1     1     1 
   42     0     8    18 
    7     6     2     1 
    1     1     1     1 
    1 0    -5 3     1 0     1 0 
   42    32     8    18 
   40 7    11 38    40 7    40 7 
    1 0     1 0     1 0     1 0 
   60 -40  -240 60    60 -40    60 -40 
    1 -1    -1 2     1 -1     1 -1 
   21    -1     4     9 

    1     1     1     1 
    1     1     1     1 
   -1    -1    -1     1 
    1    -1     1    -1 

   -1    -1    -1    -1 
   -3    -2     2     3 
    0     0     0     0 
    0     0     0     0 
   -1     1    -1     1 
   -5     0     0     5 
    6     4    -4    -6 
   -1     4     4    -1 
    7     8    -8    -7 
    0   -10    10     0 
    3    -2    -2     3 
   -4    -6     6     4 
   10     0     0    10 
    7    -2     2    -7 
    5   -10    10    -5 
   10    10    10    10 
  -14     4    -4    14 
    0     0     0     0 
   14     4     4    14 
    8    -8     8    -8 
    6    -4    -4     6 
   -5     0     0    -5 
    7    -8    -8     7 
    8    -8     8    -8 
   11    14   -14   -11 
   -6   -14    14     6 
    1   -14   -14     1 
   -6    -4     4     6 
   -8    -8    -8    -8 
  -15    10    10   -15 
   -9     4    -4     9 
  -14    -6     6    14 
   -8    22    22    -8 
    2   -18   -18     2 
   19    16   -16   -19 
  -16     4     4   -16 
  -14     4    -4    14 
  -10   -20    20    10 
   16    -6     6   -16 
   18   -18    18   -18 
    4    16   -16    -4 
   -2    -8     8     2 
  -24    -6     6    24 
   10   -10    10   -10 
   22    -8    -8    22 
   21    16    16    21 
    8    28    28     8 
    0   -10    10     0 
   -2    -2    -2    -2 
  -14   -14   -14   -14 
   12   -28   -28    12 
   15   -20   -20    15 
    2    18   -18    -2 
    8    18    18     8 
    0    10    10     0 
  -21    14    14   -21 
  -21     6    -6    21 
   18    28    28    18 
    0     0     0     0 
   -8    18   -18     8 
   -9     6     6    -9 
  -23   -12    12    23 
   -5    30    30    -5 
  -20     0     0    20 
  -16   -34    34    16 
   34   -24    24   -34 
    7   -18   -18     7 
   -2    -2    -2    -2 
    7    -8    -8     7 
   32   -22    22   -32 
   -1     4     4    -1 
   10    20    20    10 
    6     4    -4    -6 
  -12     8     8   -12 
    6   -14   -14     6 
  -34    26    26   -34 
  -16   -14    14    16 
   15    10    10    15 
   25    30   -30   -25 
   28    12   -12   -28 
    8   -38    38    -8 
   24   -14    14   -24 
    8   -28    28    -8 
  -10    20   -20    10 
  -22   -18    18    22 
   17    22    22    17 
   37    12    12    37 
  -24   -16    16    24 
   35    10   -10   -35 
   -6   -24    24     6 
  -13    -2     2    13 
   19   -36   -36    19 
  -19    36    36   -19 
  -28   -12    12    28 
  -40    20   -20    40 
   -6    24    24    -6 
  -31   -36   -36   -31 
  -18    -8    -8   -18 
  -12    18    18   -12 
    9    -6    -6     9 
