7 2
200
   -1     1    -1     1    -1    -1     1 
    0    20     0   -12     0     0   -12 
    7     2     2     6     6     4     3 
    1     1     1     3     1     1     1 
    7 0     1 0     7 0     1 0     7 0   -11 1     1 0 
    4    20    48   -12    16    20   -12 
  113 -45   113 -45   -19 -22   113 -45   -19 -22   -19 -22   113 -45 
    0 -1     0 -1     1 0     0 -1     1 0     1 0     0 -1 
   15 75    15 75   150 -60    15 75   150 -60   150 -60    15 75 
    2 0     2 0    -1 2     2 0    -1 2    -1 2     2 0 
  -10    10    -1    -6    -1    -1    -6 
    0     0     0     0     0     0     0 
    0     0     0     0     0     0     0 

    1     1     1    -1    -1    -1    -1 
    1     1     1     1     1     1     1 
   -1     1    -1     1    -1    -1     1 
   -1    -1    -1     1     1     1     1 

   -1    -1    -1     1     1     1     1 
    0     0     0     0     0     0     0 
   -2     3     3    -1    -1     1     2 
    1    -1     1    -1     1     1    -1 
    1     1     1    -1    -1    -1    -1 
    1    -3    -4    -3     0     0     3 
   -8    -2    -3     6     3    -1     0 
    6    -4    -9     0    -3    -5     6 
   -1     7    -6    -1   -10     2     5 
    7    10    -3   -10     5    -1     5 
    0     9     5    -1    11    -5     8 
   -4     6    11     2    -7    -5    -4 
   -8    -7     2    -9    -6    -6    12 
    0     7   -10     9    -6     6    12 
   -1    -8     4     8     8   -12     5 
   -6    -3    -1     3     9    -1    -6 
    0     6   -10    -6     6    -2   -12 
    5   -15   -10     9    -6    10    -3 
   -4    -3    -4    -3   -12    -4   -12 
    0     6   -15    14    -1   -11    -4 
   -4    -3     6   -13   -10    10    -4 
    7     4    -8   -12     0    -8    -9 
   -4     8     1     0    -3   -13    12 
   -2    -1     3    15    -9     3    -6 
    7    -2   -18   -18     6    -6    -3 
  -18    -3     2   -13    14   -14     2 
   -8    18   -13   -10   -19    13     8 
    4   -14    -1    14    -7    19     8 
    6     7    -4    -7   -16    -8     2 
  -18     9     2    -9   -18    10    -6 
   20     6    20    18    12    -4   -12 
   -8    -5    -3    -3    15    19     0 
  -18     8   -18    12    18   -10   -18 
    0    18   -10     2   -22   -10    20 
   10   -18   -10   -22    14   -10   -10 
   14    -4   -16    20   -16   -20     2 
    4   -16   -16    20   -16    -8    20 
    6   -11    11     5    -1    -3    26 
   -7    24    -7    24   -15    13     3 
  -12    24    23    12    15    11    12 
   -5     1     5    -7    -7    -5    17 
   -1   -23    14    -7   -10   -14   -19 
   12     0     7   -12    -9    27    12 
  -17    18   -17    -6    15     3    21 
   15     8    10     8     2   -10   -25 
    9    14   -11   -10    17    17    -7 
  -26   -16    -1     8    29   -11    14 
    8     5     8    11   -16     4   -16 
  -15    -2     0    14     8     8    -7 
  -23     4    12     8     8   -28    17 
   -9    14    21    -6     9    -9    -9 
    5    16    15    12   -21   -27    -3 
    8   -27     3     3   -15    -3    12 
  -30    12     0   -12     0     0    -6 
   21    12    26    24    18     6   -27 
   21   -18    11   -18   -21    -3    21 
    1    20   -24    32    -4   -20   -13 
    0    16     0     0   -12     8   -24 
    5    -4    30    12   -18    10    21 
  -14    11    11   -19   -31    27     2 
   -4    17   -34    -1    26    -6   -16 
  -18   -12    22    12    30    -2   -30 
   -6    -3    19     3   -27   -13    18 
  -35    -4    30    20    26    14    -1 
  -12    -4   -12     8    20    20    20 
  -12    -6    18    -6     6     2   -24 
  -16   -15     9    15    -9     1    24 
  -29    20    -4   -16   -16    12    11 
   22   -18    27   -34    -7    33     2 
   32   -24    12   -16   -16   -24    20 
  -20   -20    -5   -16    -1    31   -28 
    8    25    -2    -7     2   -26     8 
  -18    12    27    36    21    -7    18 
   -4     0   -24    12   -24    -8   -24 
   25    36     0    24   -24   -12     9 
  -11    -6    -6    -6    -6     6   -27 
   28    35    -2     5     2    14   -16 
  -18    11     7    29   -31    -7    14 
   17   -38    12    18     0   -28    27 
  -23    23    27    15    -9    -5    27 
  -15   -22    40    -6   -24     0   -21 
   31    28   -29   -12    27    15    -3 
   30     9   -35   -31    17     3    26 
   13   -18    13   -10   -31   -21    23 
    4    21   -11    11    -1    13   -16 
  -26     6   -11     2    11    19     2 
    4    -2   -36    18    12   -12    24 
   30   -34   -15    -6    15   -21   -18 
   25    30    20    -6   -36    -8    27 
   21    42   -19    18   -15    29   -33 
  -14   -23     6    -1   -22   -26   -22 
  -34   -26    21   -10    -1    31   -22 
  -30     2    40    18     0    32    18 
   18    10    28    -6    12     4     6 
   -2    -2     8    38     8   -32    26 
   14   -41    14    -7    38    -2    26 
   -7    10   -17   -22    11   -29    17 
   12    31    -8   -25   -16     4    20 
    7     8     2    24    18    -2    39 
   35    19   -25    27    -9    -7   -21 
   17    16   -38     0   -18    34   -21 
  -27   -22    13    42   -39   -19   -33 
   -2     4    38    44   -34    42     2 
  -26    -2   -16   -34   -16   -36   -10 
   28   -30   -27    18   -45    23   -36 
   18    42    33   -42    27   -11    -6 
  -35    41    10     9   -42    18    -9 
   48    16    28     0     0    36   -24 
  -16     6    24   -30   -36   -32   -36 
  -28    27   -18   -27    18   -34   -36 
  -24    16    11    -4    35   -31   -16 
   20    31    20    -1    44   -16    44 
  -32   -43    28    29    20    16   -16 
  -31    32    19    20   -25   -17    -7 
  -13     5   -18    -3    30   -18   -39 
  -30    -2     0    30    48   -48   -18 
  -30    12   -30    -4   -10    14   -22 
  -18   -12    27   -40   -19    -1   -22 
  -40    32   -25    12    33    37   -12 
  -18     4   -43    12    -9    17    18 
    2     4    -8    36    24   -28    42 
  -36   -31   -26    15    -6    34    24 
   49    11   -26    11    14   -18    41 
   -2   -22   -17   -22   -49    15    38 
  -38    47   -18   -15   -42    30    30 
  -24    16   -24    48    12    12    24 
   15    -5   -50   -13   -46    10    -1 
    1     4     1   -40     5    13    17 
   25   -30    40    26     8     8    35 
  -19   -42   -44   -10    -4   -16    -1 
  -19    40   -24    24    24    -8    15 
  -24   -28    21    48    21    41     0 
   40    50   -40   -10     8    16     8 
  -18   -37    32     5   -28    40     2 
  -31    33    34    41    14    30    41 
   19   -24     4    32    -4    12   -13 
    2     2    -8     2    20    52     2 
  -40   -28    10    20     2   -26   -16 
    6    15     6   -15    42    -6    30 
   54   -18   -36    -6     0    24    42 
   48   -50    43    42   -27    -5   -12 
   46   -16   -14     0   -18    26    18 
   16   -25    56    41   -52    32    44 
  -26   -28   -16    32   -40   -40   -10 
   15     4     0    20    -4   -20     5 
   26     4   -24    -4   -52    16    38 
    9    39   -26    -9    -6    26   -15 
    9    39    34    15   -54   -50     9 
  -25   -22   -30    26   -22   -26    23 
   17    48    37    32     5    -1   -13 
    4    33   -56    -7    20   -40   -28 
  -52     6   -32    54   -24   -24     0 
  -12    18   -32    30     0    48   -36 
  -34   -40    26    24   -18    42   -42 
  -13   -35    47    -3   -33   -15     3 
   -6   -47   -46    -1   -34   -42   -34 
  -40    -2   -25   -34   -19   -51    44 
   -2    32     3    20    17   -23   -10 
   20   -25    30    -7     2   -50     8 
  -41    38    29    18    45     1    -3 
  -41    10    -1    42    39    11   -51 
   49    11   -11    51    -3    43   -39 
   -6    16   -26   -48    30   -58   -30 
   46   -29    36    21   -36   -32   -18 
   52   -28   -18   -12    42    38    48 
   29    15   -36    15     0   -28    15 
   21   -12     6   -36    42   -50    -9 
    2     0   -58   -24    18    42   -42 
   30   -57     5    33   -33     3    30 
    4   -20   -51   -48     3    -1    24 
  -56    44     9   -24     3    37    36 
   32    14   -13     2   -37    17    32 
   45    29   -10   -19   -46    26    -1 
    4   -14   -26    30    -6    30    24 
   42    32    -8    36   -24    36   -18 
  -38    50    22   -22    14    18   -34 
   51   -16    16   -16    -4    24    41 
  -31    25    34    41    50    34   -13 
   31    34   -59    14     5    31     5 
   -1    20    -6     0    30    30   -57 
   39    37   -21    -3    51    -3    -9 
  -55    18    30    30   -18    34    33 
  -35   -39   -15   -15    33    23   -27 
   -6   -47   -46   -49   -46    10    62 
  -48   -20    17    32   -37   -53   -28 
   34    64   -26   -40    14    58   -22 
  -30   -44   -50   -16    14    34   -46 
  -62    32   -12   -24    48   -24    -6 
  -34     4     6   -36    -6   -18   -18 
  -57   -10     8   -30     0    12    45 
  -17   -17   -22    39    42   -54    45 
    2    53    22   -37    14   -38    50 
  -26    50     4    26   -28     4    14 
   28   -24    -2    56   -34   -42    20 
   50   -54   -50     2     2    18   -34 
   25    47     0   -49    20   -32    -7 
   -5   -10    60   -22    -4     4    11 
   -6   -25    -1    63    15   -47   -54 
    3    -8   -52   -24    48   -40   -45 
  -34   -30    46   -18   -30    34    30 
