6 0
200
   -1    -1    -1     1    -1     1 
    0     0     0   -16     0  -196 
    4     4     8     8     6     2 
    1     1     1     1     1     1 
    1 1     1 1     1 1     1 0     1 1     1 0 
    4     4     8   -16     4  -196 
  -43 -19   -43 -19   -43 -19   -43 -19   -43 -19   -43 -19 
    1 0     1 0     1 0     1 0     1 0     1 0 
 -144 24  -144 24  -144 24  -144 24  -144 24  -144 24 
    2 -1     2 -1     2 -1     2 -1     2 -1     2 -1 
   -1    -2    -1    -4     1   -49 

    1     1    -1    -1    -1    -1 
    1    -1     1    -1    -1    -1 
   -1    -1    -1    -1    -1    -1 
   -1     1     1     1    -1     1 

   -1    -1     1     1     1     1 
   -1     1    -1     1     1     1 
    0     0     0     0     0     0 
    2     2    -2    -2     0     4 
    2    -2     2    -2     0     4 
    1    -1    -1    -1     1    -1 
    4     4     0     0    -2    -6 
    4     0     4     0    -2    -6 
    0    -4     4     0     0     0 
    0     4    -4     0     0     0 
  -10    10     2     6    -2     6 
  -10     2    10     6    -2     6 
   -4   -12     0     0    -6     6 
   -4     0   -12     0    -6     6 
  -14    -6    -6     2   -10   -10 
   -6    -6    -2     6    -8   -12 
   -6    -2    -6     6    -8   -12 
  -12     4    -4     4    -8    -8 
  -12    -4     4     4    -8    -8 
    4   -12   -12   -12    12   -12 
    4   -12   -12   -12    12   -12 
   12     0    12    -8   -10    10 
   12    12     0    -8   -10    10 
   10    -6    -6    -6    10    -6 
   10    -6    -6    -6    10    -6 
  -14   -14     2     2    -2    14 
  -14     2   -14     2    -2    14 
    8    -8    -8     0   -12    12 
    8    -8    -8     0   -12    12 
   -6   -14    -6    10    -6   -14 
   -6    -6   -14    10    -6   -14 
   -6    -6    10    18    22     6 
   -6    10    -6    18    22     6 
   22    18     2    -2   -22    10 
   22     2    18    -2   -22    10 
  -12   -20   -20    -4     4    -4 
  -12   -20   -20    -4     4    -4 
  -22     2     2    10   -26   -26 
  -12   -12   -12     4    24    16 
  -12   -12   -12     4    24    16 
  -18   -26    14   -10    26     2 
  -18    14   -26   -10    26     2 
   -4    24    12    16   -14    -2 
   -4    12    24    16   -14    -2 
  -16    20    20    -8    20   -20 
  -16    20    20    -8    20   -20 
  -24   -24    16     8   -24     8 
  -24    16   -24     8   -24     8 
   14    26    26   -26     2   -14 
   14    26    26   -26     2   -14 
   12    28   -20    -4     0     8 
   12   -20    28    -4     0     8 
   18   -14    18    18     2    18 
   18    18   -14    18     2    18 
  -14    -6    14    30   -16    12 
  -14    14    -6    30   -16    12 
    2     2     2     2   -30     2 
  -12   -32   -12   -16     6     2 
  -12   -12   -32   -16     6     2 
  -22    10    -6   -22    26    26 
  -22    -6    10   -22    26    26 
   34    10    -2    22   -20    -8 
   34    -2    10    22   -20    -8 
   -4   -28     4     4     4    28 
   -4     4   -28     4     4    28 
   34   -30    18   -14   -22    10 
   34    18   -30   -14   -22    10 
  -38     2     2    26    26   -22 
    8     0     8     8    16   -16 
    8     8     0     8    16   -16 
   -4    12   -20     4    -4     4 
   -4   -20    12     4    -4     4 
   28    24   -20   -24    -2    -6 
   28   -20    24   -24    -2    -6 
   18   -18     2    14    32    20 
   18     2   -18    14    32    20 
  -26     6    -2    14    26     2 
  -26    -2     6    14    26     2 
    2   -14     2    10     6    22 
    2     2   -14    10     6    22 
    4   -20    12    36   -24     0 
    4    12   -20    36   -24     0 
   22    10     2    22    14   -26 
   22     2    10    22    14   -26 
  -14   -14   -14     2    10   -22 
  -14   -14   -14     2    10   -22 
   20    20    12    20     0   -16 
   20    12    20    20     0   -16 
   -6    -6    18     2     6    14 
   -6    18    -6     2     6    14 
  -32    32   -16    24     4   -36 
  -32   -16    32    24     4   -36 
   20   -20   -20    12   -36   -12 
   20   -20   -20    12   -36   -12 
   16    -4    12    24    12   -12 
   16    12    -4    24    12   -12 
   44    -4   -28     4    -4   -20 
   44   -28    -4     4    -4   -20 
   18    -6    30    -2     0   -20 
   18    30    -6    -2     0   -20 
   10    -6    42   -14    38   -26 
   10    42    -6   -14    38   -26 
  -14   -30     2    34    -2    -2 
  -14     2   -30    34    -2    -2 
  -12   -12    -4   -28   -32   -16 
  -12    -4   -12   -28   -32   -16 
  -12   -12     0    16    22    34 
  -12     0   -12    16    22    34 
  -14   -14    26    18   -38    18 
  -14    26   -14    18   -38    18 
   36   -20   -12   -44   -28     4 
   36   -12   -20   -44   -28     4 
    8   -44    12     8    40   -40 
    8    12   -44     8    40   -40 
   10    18   -22   -14    38    -2 
   10   -22    18   -14    38    -2 
   -4    28   -44    -4    20   -28 
   -4   -44    28    -4    20   -28 
  -12    24    44     0    46    -6 
  -12    44    24     0    46    -6 
   26   -42    10    30    36   -24 
   26    10   -42    30    36   -24 
  -50   -46   -46    22   -30   -14 
  -50   -46   -46    22   -30   -14 
   -4   -28    20    12    24   -48 
   -4    20   -28    12    24   -48 
   12    44   -28    12    28   -36 
   12   -28    44    12    28   -36 
   14   -22    10     6   -30   -30 
   14    10   -22     6   -30   -30 
    4   -16   -36     0    30   -30 
    4   -36   -16     0    30   -30 
    0   -28   -28     8    12   -28 
    0   -28   -28     8    12   -28 
   48    -4     4   -32    16    16 
   48     4    -4   -32    16    16 
   38    42     2     6   -42   -18 
   38     2    42     6   -42   -18 
   -6   -22    30     6   -24    36 
   -6    30   -22     6   -24    36 
   42    22    10   -42     0    36 
   42    10    22   -42     0    36 
   48    16   -24   -16    16    32 
   48   -24    16   -16    16    32 
   30    14   -18    14   -34    14 
   30   -18    14    14   -34    14 
  -36   -12    40   -16    10    14 
  -36    40   -12   -16    10    14 
  -54    10    10   -22   -22   -22 
   -4    12   -52     4    -4     4 
   -4   -52    12     4    -4     4 
   52   -48    -4    24    50    54 
   52    -4   -48    24    50    54 
   10   -14   -54   -22    -6     2 
   10   -54   -14   -22    -6     2 
  -44    20   -44   -44     4    28 
  -44   -44    20   -44     4    28 
  -44   -28   -52     4    28    28 
  -44   -52   -28     4    28    28 
   20   -12   -24    48   -42    -6 
   20   -24   -12    48   -42    -6 
  -30    18    18   -54     6     6 
  -30    18    18   -54     6     6 
  -52    12    36   -12   -36    12 
  -52    36    12   -12   -36    12 
   36    28   -12   -60   -24   -24 
   36   -12    28   -60   -24   -24 
  -30    18    34    42    -2   -18 
  -30    34    18    42    -2   -18 
    4    24    44     0   -42    18 
    4    44    24     0   -42    18 
   16   -36   -44    16   -32    16 
   16   -44   -36    16   -32    16 
   18   -14    46   -26    36   -56 
   18    46   -14   -26    36   -56 
  -26   -10    30    -2   -46    10 
  -26    30   -10    -2   -46    10 
   -8   -24    16    24     0     0 
   -8    16   -24    24     0     0 
  -30    26    34   -30   -14    42 
  -30    34    26   -30   -14    42 
   18   -30   -50    22   -52   -32 
   18   -50   -30    22   -52   -32 
  -16     4   -20    48   -24    24 
  -16   -20     4    48   -24    24 
    6    34    26    54     6   -18 
    6    26    34    54     6   -18 
   36    12     0   -16   -58    26 
   36     0    12   -16   -58    26 
   18   -22   -42   -42   -52     0 
   18   -42   -22   -42   -52     0 
   44    44   -44    12    36   -12 
   44   -44    44    12    36   -12 
    2    18    34   -14    38    22 
    2    34    18   -14    38    22 
   28   -20     4    20    36    20 
   28     4   -20    20    36    20 
   42     2   -66   -10   -32   -28 
   42   -66     2   -10   -32   -28 
   42    26    42    10   -30    34 
