3 3
200
   -1     1     1 
    0   -30     4 
    4     3     2 
    1     1     1 
   -2 1     1 0     1 0 
    8   -30     4 
   59 -25   -37 23   -37 23 
    1 0     1 0     1 0 
   42 -84   -70 -14   -70 -14 
    2 -1     0 1     0 1 
   -2   -15     2 
    0     0     0 
    0     0     0 

   -1    -1     1 
   -1    -1    -1 
   -1     1    -1 
   -1    -1    -1 

    0     1     2 
    1     1    -1 
    1     1     1 
   -4     3    -1 
    0     0    -4 
    1    -1     1 
    4    -6     1 
    0     0    -2 
   -2     8    -4 
   10     8    -7 
   -2     5    -3 
   -2    -1    -6 
   -6    -3    -2 
   -6     6     7 
    1     1     1 
  -10     6     4 
   -6     9     1 
   12     0     1 
    0     9     4 
  -12    14     5 
  -12    -4    -1 
   12     0    -4 
    8   -12     5 
  -14     9     1 
   18     0   -14 
   14   -16     0 
  -10     8     6 
    2    -4    14 
   -2   -13     8 
   -2    18     4 
    6    -3    10 
    6     6    -6 
    6     9    -3 
  -20   -22    10 
  -12    20    -2 
  -12    -1    12 
    4    23     6 
   -6    20   -16 
    4     6     9 
  -20    12     0 
   -8   -13     2 
    8   -10    -7 
    0    15   -10 
   12    18     5 
  -22    -4    -5 
   22    -4    19 
   14   -16   -14 
  -14     8    -2 
  -20     2     2 
    4   -22    14 
  -24    -6   -11 
   20    15    10 
  -22    -6    14 
  -14    -9   -13 
   24    30    -1 
  -20     0   -28 
   14    11    11 
  -22   -24    -3 
   26   -24    18 
  -34     5   -27 
    6   -34   -21 
   22   -24    12 
   10    -3    33 
   20   -13     4 
  -12    17    16 
  -14    15    14 
   10     0    14 
    6     2    20 
   22    32    12 
   26   -19   -12 
   20    -1     2 
  -12    -4   -10 
   -6   -12   -16 
  -30   -33    38 
   -2    -9    39 
  -30   -24    30 
  -32    -7     6 
  -16     2     3 
  -18   -18    10 
  -34    -9     7 
  -12   -30    -3 
    0   -12     6 
   26    29    10 
  -22   -13    19 
   -2   -28     2 
   14   -28   -28 
   20    27    28 
   -4   -30   -29 
   30    -9    15 
  -18   -18    -6 
  -16   -16   -21 
  -40     2     9 
   28   -33     8 
   24    -6   -28 
  -24   -13   -12 
  -32    11    18 
  -28   -28   -31 
  -20    20     5 
   40    -9     2 
  -36     6     2 
  -18    -3    -6 
   -2   -36    42 
  -38    -7   -15 
  -38    17    45 
  -28   -30     0 
   16   -36   -18 
  -32    30    24 
  -12    -3   -30 
   10    18   -43 
   42   -42    44 
  -40    26     1 
  -36   -16   -35 
   -8    20     8 
    8    47    20 
  -30    18   -12 
   10   -15    33 
  -36   -22   -35 
   48    -4   -41 
   -6    42    39 
   18     3     6 
   22    30   -11 
   50    48     4 
  -40     8    16 
  -32    32    10 
   -4    24    36 
  -12    39    48 
   -8    44    24 
   -4   -28   -33 
  -34   -10     2 
   46    35    -1 
  -10   -42     0 
  -42   -24     0 
   14   -40     7 
   18     2    25 
  -48   -40   -28 
   48   -13    20 
  -26    23    15 
  -50   -31   -51 
  -12     3    23 
  -24   -18   -16 
   52     6    20 
    0    45    -7 
    4    32    47 
   12   -34    -4 
   44     2    -2 
  -28    47   -38 
   42   -45    24 
   -6    54   -21 
   10     5    45 
  -20   -46    29 
   48    38   -55 
  -16   -15    -2 
   -4     6    25 
  -14   -42    -9 
   18   -36    30 
  -28   -46   -52 
   36   -52    29 
  -28    41   -12 
  -28     5    18 
   12   -36   -31 
    8    21    20 
    6   -18    26 
   14    21   -22 
  -36   -12    42 
   12    36    -3 
  -32    -6     9 
   20   -36     0 
   -6   -39    17 
  -46    -6   -28 
   14    18    32 
   14     0   -10 
  -36   -40    38 
    4    20    44 
   -8   -15     6 
  -12    30   -24 
   16   -55   -19 
   32    47    35 
   10    41   -20 
   46    11    46 
   26     9   -46 
   58   -12    26 
   10   -12    52 
  -42     9   -50 
   20   -19    58 
  -20     8   -26 
    6    26    22 
   14    11   -14 
  -56    36     9 
   44    24   -24 
    0   -21   -10 
  -36   -30    56 
   -8    62   -19 
   44   -28   -19 
   10    41     5 
   26    59   -25 
  -28   -34    16 
   44     2   -20 
    8    42    63 
   12   -60     6 
  -30    -6    -6 
