2 0
100
   -1    -1 
    0     0 
    7     3 
    1     3 
   -5 4    -5 4 
    8    24 
   32 3    19 -12 
   -1 1     1 0 
  -26 -26    52 26 
    3 -1    -1 2 
   -4   -12 

   -1    -1 
   -1    -1 

   -3     1 
   -3     1 
    1     1 
   -1    -3 
   -1    -3 
   -2     6 
   -4     0 
   -4     0 
    4    -4 
    4    -4 
    3    -7 
    3    -7 
   13     3 
   13     3 
  -13   -13 
   12     0 
   12     0 
  -10    -6 
  -10    -6 
   -2    14 
   -2    14 
   -5    -3 
   -5    -3 
    6    -6 
    6    -6 
   14   -10 
   14   -10 
   -8    -4 
   -8    -4 
    2    -6 
    2    -6 
   12     0 
   12     0 
  -10    14 
  -10    14 
   -4   -16 
   -4   -16 
    1     1 
   -9     3 
   -9     3 
    0    20 
    0    20 
   10   -18 
   10   -18 
  -10     2 
  -10     2 
  -21   -19 
  -21   -19 
  -15   -13 
  -15   -13 
    0    24 
    0    24 
  -15     9 
  -15     9 
  -24    24 
  -24    24 
  -25   -25 
   18   -30 
   18   -30 
   -1    -1 
   -1    -1 
  -18    -6 
  -18    -6 
   -4     8 
   -4     8 
    4    24 
    4    24 
   -2   -34 
  -10    26 
  -10    26 
   16    20 
   16    20 
   27    21 
   27    21 
  -30    -6 
  -30    -6 
  -22   -34 
  -22   -34 
   24    36 
   24    36 
   21     9 
   21     9 
   -5    17 
   -5    17 
    7   -25 
    7   -25 
  -39    21 
  -39    21 
  -26     6 
  -26     6 
   16   -40 
   16   -40 
   20    36 
   20    36 
  -16   -16 
  -16   -16 
  -32   -40 
  -32   -40 
   34   -18 
   34   -18 
