2 26
100
   -1     1 
    0   -12 
    4     3 
    1     1 
  -10 3     1 0 
   16   -12 
  -47 64    50 -8 
   -1 1     1 0 
  175 -75    25 -50 
    3 -1     1 -1 
    8    -6 

    1     1 
    1     1 
    1    -1 

    0     1 
    0     1 
   -3     0 
    0     0 
    0     0 
   -1     1 
   -4     1 
   -4     1 
   -8     7 
   -8     7 
    2    -3 
    2    -3 
   12    -8 
   12    -8 
  -14   -10 
    2     6 
    2     6 
    4     5 
    4     5 
   16     7 
   16     7 
    8    -3 
    8    -3 
   10    15 
   10    15 
  -10     7 
  -10     7 
    4    16 
    4    16 
    6    -9 
    6    -9 
  -18     7 
  -18     7 
    2     7 
    2     7 
  -16    -4 
  -16    -4 
  -22   -10 
    4   -15 
    4   -15 
  -10     7 
  -10     7 
    8    17 
    8    17 
    0     0 
    0     0 
    4   -19 
    4   -19 
  -10    15 
  -10    15 
   12   -23 
   12   -23 
  -18     2 
  -18     2 
  -18    10 
  -18    10 
    2   -30 
  -24    12 
  -24    12 
   22     1 
   22     1 
   18   -13 
   18   -13 
    4     7 
    4     7 
  -18    21 
  -18    21 
  -22   -38 
   -4    17 
   -4    17 
   20    -5 
   20    -5 
   12     1 
   12     1 
    6   -15 
    6   -15 
  -30     2 
  -30     2 
    2     2 
    2     2 
  -28    20 
  -28    20 
    6    22 
    6    22 
   22    11 
   22    11 
   -8    11 
   -8    11 
    2    35 
    2    35 
   36    11 
   36    11 
    0    27 
    0    27 
  -28   -23 
  -28   -23 
  -36    20 
  -36    20 
   14    15 
   14    15 
