8 0
100
    1    -1    -1     1    -1    -1     1     1 
   14     0     0    30     0     0   -90    20 
    7     7     6     5     3     3     3     1 
    1     1     1     1     1     1     1     1 
    1 0     1 1     2 3     1 0     1 1     1 1     1 0     1 0 
   14     4   560    30    36    20   -90    20 
  -51 7   -48 35   -12 -61   -51 7   -48 35   -48 35   -51 7   -51 7 
    1 0     1 0    -1 1     1 0     1 0     1 0     1 0     1 0 
  -22 -44  -154 22  -110 110   -22 -44  -154 22  -154 22   -22 -44   -22 -44 
    0 1     1 1     3 -1     0 1     1 1     1 1     0 1     0 1 
    7     1    -6    15    -9    -5   -45    10 

    1    -1     1     1     1     1    -1     1 
    1     1     1    -1     1    -1    -1    -1 
    1     1     1    -1     1    -1     1     1 
   -1    -1     1    -1     1     1    -1     1 

   -3    -3    -2    -1     1     1     1     3 
   -1     1    -1    -1    -1    -1     1    -1 
   -1    -1    -1     1    -1     1     1     1 
    4    -3     2     0    -1     1     0    -3 
   -1    -1    -1     1    -1     1    -1    -1 
    0     0     0     0     0     0     0     0 
   -2     8     8     6     2    -6    -6    -2 
    5     0    -2     3     4    -4     9     8 
   10    -6     4    10    -8     0     2     4 
   -3    10    10    -5    -2     2    -7    10 
   -2    -4    -4    10     2    -2     2     6 
   -2    -1     4    -2    -5     1     2    -1 
   -6     8     0     6     0     8     6     0 
    7    -7     4    -9   -11     3    -3     9 
   -9   -11    10     1     1   -11    -1    -5 
    3     1   -10     9     5     3    -3    -5 
  -14     9   -12    -6     9    -5     6    13 
    4   -11   -12   -12     9    -3    12    -7 
   -9     2     0     3    12     0    -3     0 
    8    -2     6     4     6    10     8   -14 
   14     3    -8    -2    13     5   -10   -13 
   -9     5     0    15     9    -9    -3     5 
   13   -12   -16    -3     2    -6     9    -6 
   -2   -14    -6    -6    -6     2     6    14 
   -8     4     6     0    -6     2    12     6 
    6     9    -2    14     7     7     2     3 
   13   -14    -2   -13    -8     4    11   -12 
  -13    -6    -4   -13    14   -18    -1   -14 
    8     9   -16     8    -7    -5     8    -1 
  -18   -19     4     6    -5    -1     6   -11 
   12    -1   -18     0   -15     9    12    -3 
   15    10   -12    -9    -6     2     9    18 
   13   -12   -18     3    18    -2     3   -18 
  -21    -8   -10     1   -22   -14    11    10 
    4    -2    18   -20    18    -2    20    18 
   -6    20    12     2   -18    14   -22     2 
   14   -11    20    14   -25   -21    14    -5 
    8   -18    12    -8    18     2     8    22 
   -3    17    18    -9   -15   -15   -15     3 
   -1    12   -20    -3    10   -22    -3    10 
   -5    19    10    17     7   -15     5   -15 
    6    11    -2    26   -17   -23   -22    -7 
   20   -10    -4    24   -10    18    12    26 
    2    13   -12    -6   -21    -7     6    -7 
   17    25   -20    25     1     7    11     5 
  -18   -24   -10   -26   -16    24     2     0 
   -4    25    -4     8    -1    -3    -4   -19 
   -6     2    16     2     4    -8    14    16 
    5    10    20   -23     2     6   -13    10 
  -11     1     8   -23     5   -17   -13    -7 
   -4    -5     4    12     1   -27    24    29 
   12    -2    18     0    24    20   -24     8 
   27    -3     2    27   -19     5     3    -3 
   -3     5    -2     3     1   -27    21     3 
   -4   -30     2   -24    20    -4   -12    12 
    3    -3    16    15   -11    15    -3     1 
   -7    10   -10   -25    20    24   -25   -20 
   32     3     2   -12   -31   -33     0   -23 
    2    24     0   -18    18    -6   -18   -10 
   28     2    14    -8   -22    14     8    14 
   -9   -14   -26     1    10   -22    -1   -26 
  -22     0   -26    -6    -2   -26   -30    14 
    2    32   -18     6    18   -14    -6    22 
   28    14    28    20    34    -6    20   -22 
    8   -22    20    20    32    28    20    20 
  -10     6    30    30     0   -16    -6   -20 
  -32   -10    10   -12    10    18   -12   -10 
  -34   -12    -2    10    10     6     2    18 
   -2    16     4   -10   -32     0   -10    24 
   22    32    -8    26   -26    -6    26    22 
  -17    -4    -8    11   -20    -4    11    12 
  -16   -29     4   -16     1   -27    20   -11 
  -12     7   -14    24     1    -9   -12     1 
   19   -27   -24    21    21    15     9    11 
  -30    -9    14    -6    -7    27    30   -31 
   -3   -12    22   -15   -26    -6   -27     2 
  -25   -34    30    35     6     6    -1    30 
   20    -1   -18     8   -15   -25     8    27 
   30     3   -36    18    -3   -15    -6   -21 
    6   -18    -6    18     0     0    -6   -36 
   12    30   -20   -12   -20    24   -36   -20 
   21    17    18   -33    21   -19     9    23 
   26     6   -38   -26    -8   -24    26    32 
   13    22    22   -17   -20   -12   -19    -8 
    6     6    30   -10   -30    10    26   -30 
   11   -14   -14     5    28   -16   -19    -4 
  -26   -26    24    -6   -36     0    -6     4 
  -11    12    28     9   -14   -30    15    18 
  -20     8    30    36     6    14    36   -30 
    6   -15   -34    -6    -7   -27    30    11 
  -32    24    24    -4   -24   -20    32     4 
   -2   -25    -8   -22     1   -13   -22    27 
   26    28   -20     6     4    12    30   -20 
   33    33   -36    21    21    25   -27    29 
   -9     8    12     7   -24    -8    29    32 
   37   -22    18   -29     6     6    -7   -22 
    4   -40   -32    28   -14    30    20    38 
   -4   -24     6   -20     6   -26   -16     6 
  -10   -20   -14   -18    10     6   -42     6 
   21    22   -20     9    -2   -22    27   -10 
