4 10
100
    1    -1     1    -1 
    0     0     0     0 
    8     8     5     5 
    1     1     1     1 
    1 1    -5 4     1 1    -5 4 
   24    32    24     8 
   41 -81    61 27    41 -81    -8 46 
    0 -1     0 1     0 -1     0 1 
  135 27   189 -81   135 27   189 -81 
    2 0     4 0     2 0     4 -2 
   -4    -1    -8    -2 

   -1     1    -1    -1 
   -1     1    -1    -1 
   -1     1    -1     1 

    0     0     0     0 
    0     0     0     0 
   -3    -3     0     0 
   -2     2    -2     2 
   -2     2    -2     2 
    1    -1     1    -1 
   -1     1    -4     4 
   -1     1    -4     4 
   -8    -8    -8    -8 
   -8    -8    -8    -8 
   -3    -3    -9    -9 
   -3    -3    -9    -9 
   -1     1   -10    10 
   -1     1   -10    10 
   11    11   -13   -13 
  -12    12     6    -6 
  -12    12     6    -6 
    5    -5    14   -14 
    5    -5    14   -14 
   -4    -4     5     5 
   -4    -4     5     5 
    0     0   -12    12 
    0     0   -12    12 
   -6     6    -6     6 
   -6     6    -6     6 
   11    11    -7    -7 
   11    11    -7    -7 
  -10   -10    11    11 
  -10   -10    11    11 
   12   -12    -6     6 
   12   -12    -6     6 
  -16    16    -4     4 
  -16    16    -4     4 
  -13   -13   -22   -22 
  -13   -13   -22   -22 
  -14   -14     7     7 
  -14   -14     7     7 
  -22   -22    -1    -1 
  -15    15     6    -6 
  -15    15     6    -6 
   -5    -5    13    13 
   -5    -5    13    13 
  -19    19   -16    16 
  -19    19   -16    16 
    0     0     3     3 
    0     0     3     3 
  -20   -20     4     4 
  -20   -20     4     4 
   15    15     6     6 
   15    15     6     6 
   -5     5    10   -10 
   -5     5    10   -10 
   22   -22    22   -22 
   22   -22    22   -22 
   16   -16    28   -28 
   16   -16    28   -28 
   15    15   -30   -30 
  -15    15     6    -6 
  -15    15     6    -6 
   14    14   -13   -13 
   14    14   -13   -13 
   22   -22    22   -22 
   22   -22    22   -22 
  -20   -20    -5    -5 
  -20   -20    -5    -5 
  -18    18    18   -18 
  -18    18    18   -18 
  -38   -38   -29   -29 
    4     4    -5    -5 
    4     4    -5    -5 
  -26   -26   -11   -11 
  -26   -26   -11   -11 
  -16    16   -10    10 
  -16    16   -10    10 
   18   -18   -24    24 
   18   -18   -24    24 
  -38   -38   -14   -14 
  -38   -38   -14   -14 
   26   -26   -16    16 
   26   -26   -16    16 
   -4     4    20   -20 
   -4     4    20   -20 
    1     1   -35   -35 
    1     1   -35   -35 
  -11   -11    -2    -2 
  -11   -11    -2    -2 
   -8     8   -26    26 
   -8     8   -26    26 
  -16    16    20   -20 
  -16    16    20   -20 
  -20   -20     7     7 
  -20   -20     7     7 
   -3     3    12   -12 
   -3     3    12   -12 
  -16   -16    -1    -1 
  -16   -16    -1    -1 
   14    14   -28   -28 
   14    14   -28   -28 
   -6     6   -18    18 
   -6     6   -18    18 
