1 2
100
   -1 
    0 
    4 
    1 
    2 3 
   64 
  -60 -22 
   -1 0 
  121 44 
    2 0 
  -32 

   -1 
   -1 

    0 
   -2 
   -1 
    1 
    1 
    0 
   -2 
    6 
    0 
  -10 
    7 
    3 
   -8 
   -2 
    2 
    9 
   -9 
  -12 
    6 
    4 
    4 
   12 
    1 
   17 
   13 
    5 
    3 
  -10 
   18 
   -3 
   11 
   18 
    6 
   -6 
   18 
  -18 
  -16 
    9 
   24 
    0 
    1 
  -21 
   -2 
    2 
  -24 
    2 
   14 
   -8 
  -11 
   25 
  -28 
    0 
   -1 
  -11 
  -29 
   17 
  -27 
   12 
  -12 
  -27 
  -11 
   -2 
  -14 
  -14 
  -18 
   11 
    9 
   10 
  -24 
  -24 
  -20 
  -20 
    6 
   22 
   -3 
   -1 
   17 
   -5 
    3 
   29 
  -34 
   24 
    7 
  -35 
   11 
   -7 
  -24 
   40 
  -23 
  -21 
   14 
  -42 
   -6 
   32 
  -22 
  -18 
   10 
   16 
  -34 
   18 
