1 0
100
   -1 
    0 
    4 
    1 
    7 0 
   48 
  -25 0 
   -1 0 
   51 0 
    2 0 
    8 

    1 
    1 

   -1 
    0 
    0 
    0 
    2 
    2 
   -6 
   -2 
   -2 
  -10 
   -8 
   10 
   -7 
    7 
    1 
    3 
    9 
  -13 
   -7 
    5 
    5 
  -12 
  -14 
    1 
    3 
  -14 
    8 
    5 
    1 
    2 
    6 
   15 
   21 
   -5 
   23 
    6 
   12 
   14 
  -25 
   13 
   -8 
  -10 
   24 
  -16 
   -6 
    0 
  -24 
   24 
    9 
   13 
  -12 
  -12 
  -15 
    3 
   -6 
  -26 
   -1 
    4 
  -30 
  -14 
   28 
   10 
    6 
   -4 
    8 
   11 
    5 
  -22 
  -34 
   -4 
   -2 
  -16 
   16 
  -16 
   -3 
  -21 
  -18 
  -30 
   10 
  -18 
    4 
  -12 
  -19 
   29 
   17 
  -31 
   20 
   24 
   22 
    6 
   -7 
  -35 
   15 
  -27 
  -28 
   28 
   -4 
   28 
  -19 
   -9 
