2 0
100
   -1     1 
    0   -24 
    6     6 
    1     1 
    1 1     1 0 
   36   -24 
  -36 -31    19 -33 
    1 0     1 0 
   56 -98    98 -14 
    1 1     0 1 
    9   -12 

   -1    -1 
    1    -1 
    1     1 
   -1    -1 

   -2    -2 
    0     0 
   -1     1 
   -1     3 
   -1    -1 
   -5    -3 
    4     0 
    7    -3 
    0    -4 
    4    -4 
   -6     2 
   -3    -7 
   -8     0 
  -12   -12 
    1     1 
    6    -6 
  -11     9 
   13     3 
    0     0 
   -2    14 
   12    -4 
   -6     6 
  -12    12 
    9     9 
   -9    15 
  -10   -10 
   14   -10 
   -9     5 
    4    -4 
   10    -6 
    7    15 
    2    -6 
   12     0 
  -13    23 
   -8    -4 
    5    11 
    2     2 
   14   -10 
   -4   -12 
   25    15 
  -13   -25 
    5    -7 
   -9    21 
  -23     3 
   17    11 
    3    -7 
    4     8 
   16     8 
   -6    14 
   22   -22 
    9    15 
  -21    21 
   14    -6 
  -21     3 
   16     0 
   -6    -6 
    2     2 
   -1   -27 
  -20    12 
   28     8 
   31    -1 
  -17    27 
    8   -12 
  -15    -1 
   -1    17 
   -4   -36 
  -21     3 
   -1   -25 
  -10    26 
   11    17 
   24    20 
   14    38 
   -7     3 
   20   -24 
   15    27 
   21   -15 
   16    20 
   21    -7 
   -2    18 
   24    24 
    6     6 
   20    12 
   12     8 
    4   -28 
  -34    38 
  -14     2 
   20    36 
   14     6 
  -24    24 
    8    12 
    0    -4 
    1   -13 
  -26    -6 
  -37    21 
   38    38 
   40   -16 
  -12   -40 
  -24    32 
  -20    36 
  -20   -12 
