5 0
200
    1    -1     1     1    -1 
   24     0     8    16     0 
    6     4     4     4     2 
    1     1     1     1     1 
    1 0     1 1     1 0     1 0     1 1 
   24    28     8    16    36 
  -40 29   -60 44   -40 29   -40 29   -60 44 
    1 0    -1 0     1 0     1 0    -1 0 
  -88 -11   121 -88   -88 -11   -88 -11   121 -88 
    0 1     2 0     0 1     0 1     2 0 
   12    -8     4     8    -4 
    0     0     0     0     0 
    0     0     0     0     0 

    1     1     1     1     1 
   -1    -1     1     1     1 
    1    -1    -1    -1     1 

   -2     0     0     0     2 
   -1    -1    -1    -1    -1 
    2    -2    -1     2    -2 
    1     1     2    -1    -1 
    0     0     0     0     0 
    0     0     0     0     0 
   -9     7    -8     7    -9 
   -4     2    -8    -2     4 
    0    -2    -4     2     0 
  -10    -6     0     6    10 
    4    -2     2     2    -4 
   10    10    -2    10    10 
   -7     9     0    -9     7 
    0     4     4     4     0 
   -2   -12     6    12     2 
   -6    -6    -6     6     6 
   -8     4    -2     4    -8 
    3    -5     4    -5     3 
   -6   -12    12   -12    -6 
    4     2     8     2     4 
   14    -4     4     4   -14 
   12     6   -12     6    12 
    9     1    -8     1     9 
    2    10    14   -10    -2 
   17    13   -10   -13   -17 
  -14     6    -6     6   -14 
   -2    -2    14     2     2 
    9   -19     8   -19     9 
   -5   -13    -8    13     5 
  -10    18    -6   -18    10 
   -9    -9    -6    -9    -9 
   14    18     6    18    14 
    7    -5   -10     5    -7 
    4     0   -18     0    -4 
   -2     4    10     4    -2 
   11    -9   -12     9   -11 
   -9   -13    -4   -13    -9 
   -4    20    10   -20     4 
   12    -6   -24     6   -12 
   -4    20     4   -20     4 
   -3   -23   -22    23     3 
   10    18    -6   -18   -10 
   12    -4   -20     4   -12 
   -7   -19    16    19     7 
   10    26    -4    26    10 
  -18   -12     0   -12   -18 
  -21   -13    -8    13    21 
   19    -9   -24    -9    19 
    6    -4    14    -4     6 
   22    10    22    10    22 
  -21    -1    20    -1   -21 
   14   -12    24   -12    14 
  -13     3    18     3   -13 
  -18    -6   -18     6    18 
  -10     2    14     2   -10 
   18     0     6     0    18 
    3    11    -2   -11    -3 
   30   -10    32   -10    30 
    3   -13   -16   -13     3 
  -10    28    10    28   -10 
  -28    24    30   -24    28 
  -29    -1   -10    -1   -29 
   16     2    22    -2   -16 
   27     7   -28    -7   -27 
   28   -28    28    28   -28 
    2     2   -22     2     2 
   33   -11   -34    11   -33 
   -6    20     2    20    -6 
   24    -8    32     8   -24 
   -9    19    16    19    -9 
   11   -17     4   -17    11 
  -12    20   -28    20   -12 
    6   -30    24   -30     6 
    0    16     8   -16     0 
   24    24   -30    24    24 
  -15     9     6     9   -15 
  -27     5   -34     5   -27 
   23    -1   -14     1   -23 
    0    24   -30   -24     0 
   -3    21     6   -21     3 
   21   -27   -36    27   -21 
  -16   -30     0    30    16 
   30   -10    22    10   -30 
   18    34   -10   -34   -18 
   31    -9    -6    -9    31 
   41   -19    22    19   -41 
    9   -11    20    11    -9 
   24    -2     4    -2    24 
   17   -23   -34    23   -17 
   24   -36     6    36   -24 
  -20    16    -8    16   -20 
   23    31    32   -31   -23 
   30   -40     4    40   -30 
  -29   -33    36   -33   -29 
   22    12   -12    12    22 
  -12   -32    32    32    12 
   -6    40    28    40    -6 
    4    32    32    32     4 
  -15     5    14     5   -15 
  -40     6   -18     6   -40 
  -14   -40    34    40    14 
  -30   -30    30    30    30 
   28   -10    38   -10    28 
   -4   -28    10    28     4 
    4   -12    12   -12     4 
   28   -26   -28    26   -28 
  -17   -29    32    29    17 
   10   -22    40    22   -10 
  -31    29   -22    29   -31 
  -14    -6   -30     6    14 
   45   -35    20    35   -45 
   35    43    -4   -43   -35 
   -4    22   -20    22    -4 
  -42   -32    16   -32   -42 
  -42   -12    30    12    42 
   10    18   -18   -18   -10 
  -20    24    12   -24    20 
   37   -23    28   -23    37 
   18    18     0    18    18 
  -32    32    -8   -32    32 
  -42    34   -46   -34    42 
  -13   -17    46   -17   -13 
  -26    14   -22    14   -26 
  -20    24    18    24   -20 
   44    -4   -16    -4    44 
   -1    -5    -4     5     1 
  -13    35    20    35   -13 
  -12    -4    44    -4   -12 
   32    -8     2     8   -32 
   -8    26    10   -26     8 
    6     4   -28    -4    -6 
   21   -15    24    15   -21 
  -46    -2    20     2    46 
   48   -42    48   -42    48 
   42    28     4    28    42 
   12   -22    32   -22    12 
  -44    42    18    42   -44 
    0   -16   -50    16     0 
   19    -1    38    -1    19 
   38     0    18     0   -38 
   18     6   -18    -6   -18 
   38   -50    -2   -50    38 
   -8   -16    16    16     8 
   25     1   -32     1    25 
    5    13    26   -13    -5 
    2   -30    42    30    -2 
   24    24     0    24    24 
  -10   -36   -24   -36   -10 
    1    -7   -22    -7     1 
    5    41   -20   -41    -5 
   35   -29   -28    29   -35 
   14   -30     0   -30    14 
  -11    41   -32   -41    11 
  -24   -20   -50   -20   -24 
  -34    58   -14    58   -34 
   18     8    -4     8    18 
   42    -8   -16     8   -42 
  -28   -44    44    44    28 
  -37    51    12    51   -37 
  -48     0   -24     0    48 
   36    16   -28   -16   -36 
   51    -1   -22    -1    51 
  -46    -6    30    -6   -46 
   23   -57    36    57   -23 
   24   -24   -48   -24    24 
   43    27    60   -27   -43 
   24     6    36    -6   -24 
   -1   -57   -18    57     1 
  -62     8    38     8   -62 
  -18    22    -8    22   -18 
  -31   -55   -32    55    31 
  -18    -8     8     8    18 
   -2   -14    -4    14     2 
   11    15    -6   -15   -11 
    4    34    -2    34     4 
   49   -39    42    39   -49 
  -17   -45   -30    45    17 
   53   -39     0    39   -53 
   40   -32   -40    32   -40 
  -10     8    38     8   -10 
  -13    51    18    51   -13 
    3    -9     6    -9     3 
   40   -42    30   -42    40 
   -2    38     8    38    -2 
   -2    -2    44     2     2 
  -14    34   -14    34   -14 
  -22    18   -18   -18    22 
   16   -48   -48    48   -16 
  -62   -18    12   -18   -62 
  -63    -3   -54     3    63 
   16   -20     2    20   -16 
  -29     7     4     7   -29 
   51   -33    12    33   -51 
    6   -52    14   -52     6 
   24    32   -38   -32   -24 
  -34   -40     8   -40   -34 
   60   -54   -36   -54    60 
   11    27     6    27    11 
   30    24    42    24    30 
  -63   -47    58   -47   -63 
