1 4
200
    1 
  -36 
    3 
    1 
    1 0 
  -36 
   59 -4 
    1 0 
   11 55 
    0 1 
  -18 

    1 
   -1 

    1 
    0 
    3 
    4 
    2 
    0 
    5 
   -2 
    8 
   -4 
   -6 
   -3 
    8 
   -5 
    1 
   -3 
    6 
  -13 
   -8 
    7 
   -2 
   15 
   -6 
    9 
    3 
   -4 
    2 
   14 
   17 
   18 
    6 
   -8 
   -4 
   -8 
    4 
   -5 
    4 
  -20 
   24 
    0 
   19 
  -23 
  -17 
  -22 
    3 
    0 
    4 
  -11 
  -15 
   -9 
    4 
   -4 
  -23 
   14 
  -14 
  -19 
   18 
    6 
  -24 
  -23 
   13 
  -20 
  -10 
   10 
    7 
  -21 
   -3 
  -34 
  -14 
  -17 
   -5 
  -20 
   -2 
   17 
  -24 
   18 
   -8 
  -32 
   40 
   -4 
   -4 
    7 
    8 
   20 
  -20 
   -8 
  -29 
   -4 
  -10 
   34 
   13 
   34 
   18 
  -21 
   -8 
   40 
   16 
  -23 
  -18 
   15 
   -6 
  -24 
   12 
   18 
   28 
   26 
   -5 
    2 
   -6 
  -48 
   35 
   26 
    5 
  -22 
   27 
   -6 
    5 
   20 
    4 
    8 
  -46 
  -23 
   20 
   -4 
   19 
  -40 
  -16 
    8 
   19 
   46 
   48 
    6 
   21 
   12 
  -19 
   14 
   -2 
  -50 
   39 
  -21 
   16 
   26 
  -45 
   12 
   16 
   16 
   31 
    2 
  -22 
  -12 
  -36 
  -18 
  -24 
  -32 
   50 
  -46 
  -19 
   54 
  -15 
   30 
   -3 
   -6 
   -6 
  -42 
   12 
    5 
  -20 
   18 
    6 
   -6 
   27 
   44 
  -13 
    9 
   42 
   28 
   -2 
   26 
   29 
  -26 
    8 
   -7 
  -35 
  -62 
   19 
   54 
  -36 
    6 
  -24 
   15 
   51 
  -45 
    6 
   10 
   34 
   12 
    0 
  -30 
   60 
   -6 
