11 2
100
   -1    -1    -1    -1    -1    -1    -1    -1    -1    -1     1 
    0     0     0     0     0     0     0     0     0     0  -192 
   20    28    32    24    28    32    16    24    28    20    24 
    1     1     1     1     1     1     1     1     1     1     1 
    2 5    -5 4     1 4    -5 4    -5 4    -5 4    -5 4     1 4    -5 4    -5 4     1 0 
  640    16    16    64    96    64    16    64   256   192  -192 
  -22 -13   -22 -13   158 -43   -22 -13   158 -43   -22 -13   -22 -13   158 -43   -22 -13   -22 -13   -22 -13 
    1 0     1 0    -2 1     1 0    -2 1     1 0     1 0    -2 1     1 0     1 0     1 0 
 -150 -30  -150 -30  -330 0  -150 -30  -330 0  -150 -30  -150 -30  -330 0  -150 -30  -150 -30  -150 -30 
    5 -1     5 -1     5 -1     5 -1     5 -1     5 -1     5 -1     5 -1     5 -1     5 -1     5 -1 
    1     9    -4    -5    -2    -1     1     4     2     4    -6 

    1     1     1     1     1     1    -1    -1    -1    -1    -1 
    1     1     1     1    -1    -1     1     1    -1    -1    -1 
   -1    -1    -1    -1     1    -1     1    -1     1     1    -1 
    1     1    -1    -1     1    -1     1    -1     1     1    -1 
    1    -1     1    -1     1    -1     1    -1     1     1    -1 
   -1     1     1    -1    -1     1    -1     1     1     1     1 

   -1    -1    -1    -1    -1    -1     1     1     1     1     1 
   -1    -1    -1    -1     1     1    -1    -1     1     1     1 
    1     1     1     1    -1     1    -1     1    -1    -1     1 
   -1    -1     1     1    -1     1    -1     1    -1    -1     1 
   -1     1    -1     1    -1     1    -1     1    -1    -1     1 
    1    -1    -1     1     1    -1     1    -1    -1    -1    -1 
    4    -4    -8     0    -4    -8     8     0    -4     4     0 
    4    -8    -4     0     8     0    -4    -8     4    -4     0 
    8    -4     4    -8     4     0     4    -8     8     0     0 
    8     4    -4    -8     4    -8     4     0     0     8     0 
   -2     2     2   -10   -10   -10    -6     6   -10    -2    -2 
   -2     2     2   -10    -6     6   -10   -10    -2   -10    -2 
   -4    12     0     0     0     8     8    -8   -12    -4     8 
   -4     0    12     0     8    -8     0     8    -4   -12     8 
  -14     2     2     2     2    -6     2    -6     6     6   -14 
    2    -6     6    14    -6    -2    -6   -10    -2     6     6 
    2     6    -6    14    -6   -10    -6    -2     6    -2     6 
    4    -4     4    -4   -12     4     0     4    12   -12   -12 
    4     4    -4    -4     0     4   -12     4   -12    12   -12 
  -12    -4     4    -4    -4    -4    -4     4     8    -8     4 
  -12     4    -4    -4    -4     4    -4    -4    -8     8     4 
  -12     0    -4     8     8     0    -8     0     0   -16     0 
  -12    -4     0     8    -8     0     8     0   -16     0     0 
   -6    -6    10    -6    -6    -6     6    -6    14   -10    10 
   -6    10    -6    -6     6    -6    -6    -6   -10    14    10 
  -14   -14   -14   -14    10     2    -6   -14   -18    14     2 
  -14   -14   -14   -14    -6   -14    10     2    14   -18     2 
   16    -8    16     8     4    -8     0    -8    -8     8     0 
   16    16    -8     8     0    -8     4    -8     8    -8     0 
    2   -14    10    -6     2     2     2    -6   -18     6    10 
    2    10   -14    -6     2    -6     2     2     6   -18    10 
    2    10    -6    18    -2    -6     2    18     6     6    18 
    2    -6    10    18     2    18    -2    -6     6     6    18 
   -2     2   -22    -2    14     6   -14   -10    18    -6    22 
   -2   -22     2    -2   -14   -10    14     6    -6    18    22 
   20     4     4   -12    16     4   -12    20    -4   -20     4 
   20     4     4   -12   -12    20    16     4   -20    -4     4 
  -22     2     2   -22   -14    10   -14    10     6     6   -22 
  -12    -4     4    12    -4   -20    12    20   -12   -20    -4 
  -12     4    -4    12    12    20    -4   -20   -20   -12    -4 
   -2    14   -10     6    10   -26    -6   -10    -6    10    22 
   -2   -10    14     6    -6   -10    10   -26    10    -6    22 
  -12     8    12   -16    12   -24   -24    -8     0    24   -24 
  -12    12     8   -16   -24    -8    12   -24    24     0   -24 
  -24    20   -12     0   -16     8    -8     0    16   -24     8 
  -24   -12    20     0    -8     0   -16     8   -24    16     8 
  -16    -8    24    16    24     0     4    16   -20   -20     8 
  -16    24    -8    16     4    16    24     0   -20   -20     8 
   14    10    10   -10   -22   -26   -14   -10     6     6    22 
   14    10    10   -10   -14   -10   -22   -26     6     6    22 
  -20   -12    12   -12    20    -4   -16    20    12   -20   -12 
  -20    12   -12   -12   -16    20    20    -4   -20    12   -12 
   26   -22   -30    18    -6   -14     2     2   -14    18   -22 
   26   -30   -22    18     2     2    -6   -14    18   -14   -22 
  -22   -14    14   -10    -2   -26    -6    14   -18   -18    14 
  -22    14   -14   -10    -6    14    -2   -26   -18   -18    14 
  -30   -14   -14   -30    -2     2    -2     2    14    14   -30 
  -20     8   -12    32    24   -16     0     8   -16    -8   -32 
  -20   -12     8    32     0     8    24   -16    -8   -16   -32 
   -6    -6    10   -22   -10     2   -22     2    10     2    10 
   -6    10    -6   -22   -22     2   -10     2     2    10    10 
   -6    10   -18   -18   -30    14   -10    30    18    26   -18 
   -6   -18    10   -18   -10    30   -30    14    26    18   -18 
  -12   -20   -12    12   -28   -20     4   -20   -20    28   -20 
  -12   -12   -20    12     4   -20   -28   -20    28   -20   -20 
   26   -14    -6   -14    -2     2    -6    18    -6   -14    -6 
   26    -6   -14   -14    -6    18    -2     2   -14    -6    -6 
   26    10    10    26    -6     2    -6     2    -6    -6   -22 
   16    16   -16     0    16    32    -4    16    12    28    24 
   16   -16    16     0    -4    16    16    32    28    12    24 
   36     4    12   -20   -28    -4    12    12   -12   -28   -20 
   36    12     4   -20    12    12   -28    -4   -28   -12   -20 
   12     0   -28    24     0   -24   -16    16   -16   -16    24 
   12   -28     0    24   -16    16     0   -24   -16   -16    24 
  -22   -18   -30    22   -22    22   -26     6    -2    22   -26 
  -22   -30   -18    22   -26     6   -22    22    22    -2   -26 
   -2    14   -18   -18   -30    14    10   -18     2    18   -10 
   -2   -18    14   -18    10   -18   -30    14    18     2   -10 
   18    18    -6   -38    10   -30   -10    -6   -18   -18     2 
   18    -6    18   -38   -10    -6    10   -30   -18   -18     2 
    4    28   -12   -36   -20   -12    12   -20    20   -36    28 
    4   -12    28   -36    12   -20   -20   -12   -36    20    28 
   38    10   -14   -26    -6    -2    10    14    26    10     6 
   38   -14    10   -26    10    14    -6    -2    10    26     6 
    2    18   -30   -14     2     2   -14    34   -34    14     2 
    2   -30    18   -14   -14    34     2     2    14   -34     2 
  -28   -12    -4    -4     0     4    36     4   -36   -20   -36 
  -28    -4   -12    -4    36     4     0     4   -20   -36   -36 
   10   -38   -30   -14     6    18   -14   -30   -26    30    34 
   10   -30   -38   -14   -14   -30     6    18    30   -26    34 
    8    24     0    32    36   -16     0   -32    12    -4    -8 
    8     0    24    32     0   -32    36   -16    -4    12    -8 
   36     4    20    20    12    12    20    12    32   -24    20 
   36    20     4    20    20    12    12    12   -24    32    20 
    8     4   -12    16    32    24    24   -32     4   -28    32 
    8   -12     4    16    24   -32    32    24   -28     4    32 
    4     4    -4    -4     8   -12    24    -4   -36   -12    36 
    4    -4     4    -4    24    -4     8   -12   -12   -36    36 
  -22   -14   -18   -42   -10     6    10    30    -2   -34    -2 
  -22   -18   -14   -42    10    30   -10     6   -34    -2    -2 
