K = Q(sqrt(-7)) = Q(a), disc(K) = -7, min poly(a) = x^2-x+2.
2 [2,0,1] (a) 2 1 1
2 [2,1,1] (-1+a) 2 1 1
7 [7,3,1] (-1+2a) 7 2 1
9 [9,0,3] (3) 3 1 2
11 [11,4,1] (-3+2a) 11 1 1
11 [11,6,1] (1+2a) 11 1 1
23 [23,9,1] (-5+2a) 23 1 1
23 [23,13,1] (3+2a) 23 1 1
25 [25,0,5] (5) 5 1 2
29 [29,7,1] (-1+4a) 29 1 1
29 [29,21,1] (-3+4a) 29 1 1
37 [37,8,1] (-5+4a) 37 1 1
37 [37,28,1] (1+4a) 37 1 1
43 [43,18,1] (-7+2a) 43 1 1
43 [43,24,1] (5+2a) 43 1 1
53 [53,14,1] (3+4a) 53 1 1
53 [53,38,1] (-7+4a) 53 1 1
67 [67,11,1] (-1+6a) 67 1 1
67 [67,55,1] (-5+6a) 67 1 1
71 [71,31,1] (-9+2a) 71 1 1
71 [71,39,1] (7+2a) 71 1 1
79 [79,12,1] (-7+6a) 79 1 1
79 [79,66,1] (1+6a) 79 1 1
107 [107,48,1] (-11+2a) 107 1 1
107 [107,58,1] (9+2a) 107 1 1
109 [109,29,1] (7+4a) 109 1 1
109 [109,79,1] (-11+4a) 109 1 1
113 [113,42,1] (-3+8a) 113 1 1
113 [113,70,1] (-5+8a) 113 1 1
127 [127,22,1] (5+6a) 127 1 1
127 [127,104,1] (-11+6a) 127 1 1
137 [137,16,1] (-9+8a) 137 1 1
137 [137,120,1] (1+8a) 137 1 1
149 [149,34,1] (-13+4a) 149 1 1
149 [149,114,1] (9+4a) 149 1 1
151 [151,69,1] (-13+2a) 151 1 1
151 [151,81,1] (11+2a) 151 1 1
163 [163,25,1] (-13+6a) 163 1 1
163 [163,137,1] (7+6a) 163 1 1
169 [169,0,13] (13) 13 1 2
179 [179,53,1] (-7+10a) 179 1 1
179 [179,125,1] (-3+10a) 179 1 1
191 [191,19,1] (-1+10a) 191 1 1
191 [191,171,1] (-9+10a) 191 1 1
193 [193,73,1] (5+8a) 193 1 1
193 [193,119,1] (-13+8a) 193 1 1
197 [197,52,1] (11+4a) 197 1 1
197 [197,144,1] (-15+4a) 197 1 1
211 [211,20,1] (-11+10a) 211 1 1
211 [211,190,1] (1+10a) 211 1 1
233 [233,30,1] (7+8a) 233 1 1
233 [233,202,1] (-15+8a) 233 1 1
239 [239,72,1] (3+10a) 239 1 1
239 [239,166,1] (-13+10a) 239 1 1
263 [263,123,1] (-17+2a) 263 1 1
263 [263,139,1] (15+2a) 263 1 1
277 [277,23,1] (-1+12a) 277 1 1
277 [277,253,1] (-11+12a) 277 1 1
281 [281,33,1] (-17+8a) 281 1 1
281 [281,247,1] (9+8a) 281 1 1
289 [289,0,17] (17) 17 1 2
317 [317,83,1] (15+4a) 317 1 1
317 [317,233,1] (-19+4a) 317 1 1
331 [331,156,1] (-19+2a) 331 1 1
331 [331,174,1] (17+2a) 331 1 1
337 [337,124,1] (-19+8a) 337 1 1
337 [337,212,1] (11+8a) 337 1 1
347 [347,74,1] (-5+14a) 347 1 1
347 [347,272,1] (-9+14a) 347 1 1
359 [359,128,1] (-3+14a) 359 1 1
359 [359,230,1] (-11+14a) 359 1 1
361 [361,0,19] (19) 19 1 2
373 [373,154,1] (-17+12a) 373 1 1
373 [373,218,1] (5+12a) 373 1 1
379 [379,27,1] (-1+14a) 379 1 1
379 [379,351,1] (-13+14a) 379 1 1
389 [389,92,1] (-21+4a) 389 1 1
389 [389,296,1] (17+4a) 389 1 1
401 [401,152,1] (13+8a) 401 1 1
401 [401,248,1] (-21+8a) 401 1 1
421 [421,176,1] (7+12a) 421 1 1
421 [421,244,1] (-19+12a) 421 1 1
431 [431,41,1] (-21+10a) 431 1 1
431 [431,389,1] (11+10a) 431 1 1
443 [443,157,1] (-17+14a) 443 1 1
443 [443,285,1] (3+14a) 443 1 1
449 [449,196,1] (-7+16a) 449 1 1
449 [449,252,1] (-9+16a) 449 1 1
457 [457,85,1] (-11+16a) 457 1 1
457 [457,371,1] (-5+16a) 457 1 1
463 [463,80,1] (17+6a) 463 1 1
463 [463,382,1] (-23+6a) 463 1 1
487 [487,103,1] (-19+14a) 487 1 1
487 [487,383,1] (5+14a) 487 1 1
491 [491,234,1] (-23+2a) 491 1 1
491 [491,256,1] (21+2a) 491 1 1
499 [499,151,1] (13+10a) 499 1 1
499 [499,347,1] (-23+10a) 499 1 1
541 [541,46,1] (11+12a) 541 1 1
541 [541,494,1] (-23+12a) 541 1 1
547 [547,87,1] (-25+6a) 547 1 1
547 [547,459,1] (19+6a) 547 1 1
557 [557,133,1] (-25+4a) 557 1 1
557 [557,423,1] (21+4a) 557 1 1
569 [569,178,1] (3+16a) 569 1 1
569 [569,390,1] (-19+16a) 569 1 1
571 [571,158,1] (-11+18a) 571 1 1
571 [571,412,1] (-7+18a) 571 1 1
599 [599,129,1] (9+14a) 599 1 1
599 [599,469,1] (-23+14a) 599 1 1
613 [613,49,1] (-25+12a) 613 1 1
613 [613,563,1] (13+12a) 613 1 1
617 [617,116,1] (5+16a) 617 1 1
617 [617,500,1] (-21+16a) 617 1 1
631 [631,35,1] (-1+18a) 631 1 1
631 [631,595,1] (-17+18a) 631 1 1
641 [641,237,1] (-27+8a) 641 1 1
641 [641,403,1] (19+8a) 641 1 1
653 [653,169,1] (23+4a) 653 1 1
653 [653,483,1] (-27+4a) 653 1 1
659 [659,195,1] (-27+10a) 659 1 1
659 [659,463,1] (17+10a) 659 1 1
673 [673,293,1] (-23+16a) 673 1 1
673 [673,379,1] (7+16a) 673 1 1
683 [683,328,1] (-27+2a) 683 1 1
683 [683,354,1] (25+2a) 683 1 1
701 [701,315,1] (-9+20a) 701 1 1
701 [701,385,1] (-11+20a) 701 1 1
709 [709,106,1] (-7+20a) 709 1 1
709 [709,602,1] (-13+20a) 709 1 1
739 [739,127,1] (23+6a) 739 1 1
739 [739,611,1] (-29+6a) 739 1 1
743 [743,54,1] (13+14a) 743 1 1
743 [743,688,1] (-27+14a) 743 1 1
751 [751,77,1] (19+10a) 751 1 1
751 [751,673,1] (-29+10a) 751 1 1
757 [757,182,1] (-29+4a) 757 1 1
757 [757,574,1] (25+4a) 757 1 1
809 [809,150,1] (-27+16a) 809 1 1
809 [809,658,1] (11+16a) 809 1 1
821 [821,40,1] (-21+20a) 821 1 1
821 [821,780,1] (1+20a) 821 1 1
823 [823,229,1] (7+18a) 823 1 1
823 [823,593,1] (-25+18a) 823 1 1
827 [827,57,1] (-29+14a) 827 1 1
827 [827,769,1] (15+14a) 827 1 1
863 [863,117,1] (-15+22a) 863 1 1
863 [863,745,1] (-7+22a) 863 1 1
877 [877,367,1] (19+12a) 877 1 1
877 [877,509,1] (-31+12a) 877 1 1
883 [883,361,1] (-5+22a) 883 1 1
883 [883,521,1] (-17+22a) 883 1 1
907 [907,438,1] (-31+2a) 907 1 1
907 [907,468,1] (29+2a) 907 1 1
911 [911,289,1] (-19+22a) 911 1 1
911 [911,621,1] (-3+22a) 911 1 1
919 [919,326,1] (-31+14a) 919 1 1
919 [919,592,1] (17+14a) 919 1 1
947 [947,43,1] (-1+22a) 947 1 1
947 [947,903,1] (-21+22a) 947 1 1
953 [953,115,1] (-33+8a) 953 1 1
953 [953,837,1] (25+8a) 953 1 1
961 [961,0,31] (31) 31 1 2
967 [967,267,1] (-29+18a) 967 1 1
967 [967,699,1] (11+18a) 967 1 1
977 [977,62,1] (15+16a) 977 1 1
977 [977,914,1] (-31+16a) 977 1 1
991 [991,44,1] (-23+22a) 991 1 1
991 [991,946,1] (1+22a) 991 1 1
