K = Q(sqrt(-163)) = Q(a), disc(K) = -163, min poly(a) = x^2-x+41.
4 [4,0,2] (2) 2 1 2
9 [9,0,3] (3) 3 1 2
25 [25,0,5] (5) 5 1 2
41 [41,0,1] (a) 41 1 1
41 [41,40,1] (-1+a) 41 1 1
43 [43,1,1] (1+a) 43 1 1
43 [43,41,1] (-2+a) 43 1 1
47 [47,2,1] (2+a) 47 1 1
47 [47,44,1] (-3+a) 47 1 1
49 [49,0,7] (7) 7 1 2
53 [53,3,1] (3+a) 53 1 1
53 [53,49,1] (-4+a) 53 1 1
61 [61,4,1] (4+a) 61 1 1
61 [61,56,1] (-5+a) 61 1 1
71 [71,5,1] (5+a) 71 1 1
71 [71,65,1] (-6+a) 71 1 1
83 [83,6,1] (6+a) 83 1 1
83 [83,76,1] (-7+a) 83 1 1
97 [97,7,1] (7+a) 97 1 1
97 [97,89,1] (-8+a) 97 1 1
113 [113,8,1] (8+a) 113 1 1
113 [113,104,1] (-9+a) 113 1 1
121 [121,0,11] (11) 11 1 2
131 [131,9,1] (9+a) 131 1 1
131 [131,121,1] (-10+a) 131 1 1
151 [151,10,1] (10+a) 151 1 1
151 [151,140,1] (-11+a) 151 1 1
163 [163,81,1] (-1+2a) 163 2 1
167 [167,82,1] (-3+2a) 167 1 1
167 [167,84,1] (1+2a) 167 1 1
169 [169,0,13] (13) 13 1 2
173 [173,11,1] (11+a) 173 1 1
173 [173,161,1] (-12+a) 173 1 1
179 [179,87,1] (-5+2a) 179 1 1
179 [179,91,1] (3+2a) 179 1 1
197 [197,12,1] (12+a) 197 1 1
197 [197,184,1] (-13+a) 197 1 1
199 [199,96,1] (-7+2a) 199 1 1
199 [199,102,1] (5+2a) 199 1 1
223 [223,13,1] (13+a) 223 1 1
223 [223,209,1] (-14+a) 223 1 1
227 [227,109,1] (-9+2a) 227 1 1
227 [227,117,1] (7+2a) 227 1 1
251 [251,14,1] (14+a) 251 1 1
251 [251,236,1] (-15+a) 251 1 1
263 [263,126,1] (-11+2a) 263 1 1
263 [263,136,1] (9+2a) 263 1 1
281 [281,15,1] (15+a) 281 1 1
281 [281,265,1] (-16+a) 281 1 1
289 [289,0,17] (17) 17 1 2
307 [307,147,1] (-13+2a) 307 1 1
307 [307,159,1] (11+2a) 307 1 1
313 [313,16,1] (16+a) 313 1 1
313 [313,296,1] (-17+a) 313 1 1
347 [347,17,1] (17+a) 347 1 1
347 [347,329,1] (-18+a) 347 1 1
359 [359,172,1] (-15+2a) 359 1 1
359 [359,186,1] (13+2a) 359 1 1
361 [361,0,19] (19) 19 1 2
367 [367,122,1] (-1+3a) 367 1 1
367 [367,244,1] (-2+3a) 367 1 1
373 [373,123,1] (-4+3a) 373 1 1
373 [373,249,1] (1+3a) 373 1 1
379 [379,127,1] (2+3a) 379 1 1
379 [379,251,1] (-5+3a) 379 1 1
383 [383,18,1] (18+a) 383 1 1
383 [383,364,1] (-19+a) 383 1 1
397 [397,130,1] (-7+3a) 397 1 1
397 [397,266,1] (4+3a) 397 1 1
409 [409,138,1] (5+3a) 409 1 1
409 [409,270,1] (-8+3a) 409 1 1
419 [419,201,1] (-17+2a) 419 1 1
419 [419,217,1] (15+2a) 419 1 1
421 [421,19,1] (19+a) 421 1 1
421 [421,401,1] (-20+a) 421 1 1
439 [439,143,1] (-10+3a) 439 1 1
439 [439,295,1] (7+3a) 439 1 1
457 [457,155,1] (8+3a) 457 1 1
457 [457,301,1] (-11+3a) 457 1 1
461 [461,20,1] (20+a) 461 1 1
461 [461,440,1] (-21+a) 461 1 1
487 [487,234,1] (-19+2a) 487 1 1
487 [487,252,1] (17+2a) 487 1 1
499 [499,162,1] (-13+3a) 499 1 1
499 [499,336,1] (10+3a) 499 1 1
503 [503,21,1] (21+a) 503 1 1
503 [503,481,1] (-22+a) 503 1 1
523 [523,178,1] (11+3a) 523 1 1
523 [523,344,1] (-14+3a) 523 1 1
529 [529,0,23] (23) 23 1 2
547 [547,22,1] (22+a) 547 1 1
547 [547,524,1] (-23+a) 547 1 1
563 [563,271,1] (-21+2a) 563 1 1
563 [563,291,1] (19+2a) 563 1 1
577 [577,187,1] (-16+3a) 577 1 1
577 [577,389,1] (13+3a) 577 1 1
593 [593,23,1] (23+a) 593 1 1
593 [593,569,1] (-24+a) 593 1 1
607 [607,207,1] (14+3a) 607 1 1
607 [607,399,1] (-17+3a) 607 1 1
641 [641,24,1] (24+a) 641 1 1
641 [641,616,1] (-25+a) 641 1 1
647 [647,312,1] (-23+2a) 647 1 1
647 [647,334,1] (21+2a) 647 1 1
653 [653,163,1] (-1+4a) 653 1 1
653 [653,489,1] (-3+4a) 653 1 1
661 [661,164,1] (-5+4a) 661 1 1
661 [661,496,1] (1+4a) 661 1 1
673 [673,218,1] (-19+3a) 673 1 1
673 [673,454,1] (16+3a) 673 1 1
677 [677,170,1] (3+4a) 677 1 1
677 [677,506,1] (-7+4a) 677 1 1
691 [691,25,1] (25+a) 691 1 1
691 [691,665,1] (-26+a) 691 1 1
701 [701,173,1] (-9+4a) 701 1 1
701 [701,527,1] (5+4a) 701 1 1
709 [709,242,1] (17+3a) 709 1 1
709 [709,466,1] (-20+3a) 709 1 1
733 [733,185,1] (7+4a) 733 1 1
733 [733,547,1] (-11+4a) 733 1 1
739 [739,357,1] (-25+2a) 739 1 1
739 [739,381,1] (23+2a) 739 1 1
743 [743,26,1] (26+a) 743 1 1
743 [743,716,1] (-27+a) 743 1 1
773 [773,190,1] (-13+4a) 773 1 1
773 [773,582,1] (9+4a) 773 1 1
787 [787,255,1] (-22+3a) 787 1 1
787 [787,531,1] (19+3a) 787 1 1
797 [797,27,1] (27+a) 797 1 1
797 [797,769,1] (-28+a) 797 1 1
821 [821,208,1] (11+4a) 821 1 1
821 [821,612,1] (-15+4a) 821 1 1
829 [829,283,1] (20+3a) 829 1 1
829 [829,545,1] (-23+3a) 829 1 1
839 [839,406,1] (-27+2a) 839 1 1
839 [839,432,1] (25+2a) 839 1 1
841 [841,0,29] (29) 29 1 2
853 [853,28,1] (28+a) 853 1 1
853 [853,824,1] (-29+a) 853 1 1
877 [877,215,1] (-17+4a) 877 1 1
877 [877,661,1] (13+4a) 877 1 1
911 [911,29,1] (29+a) 911 1 1
911 [911,881,1] (-30+a) 911 1 1
919 [919,298,1] (-25+3a) 919 1 1
919 [919,620,1] (22+3a) 919 1 1
941 [941,239,1] (15+4a) 941 1 1
941 [941,701,1] (-19+4a) 941 1 1
947 [947,459,1] (-29+2a) 947 1 1
947 [947,487,1] (27+2a) 947 1 1
961 [961,0,31] (31) 31 1 2
967 [967,330,1] (23+3a) 967 1 1
967 [967,636,1] (-26+3a) 967 1 1
971 [971,30,1] (30+a) 971 1 1
971 [971,940,1] (-31+a) 971 1 1
