4 0
100
    1    -1    -1     1 
   84   120    96   352 
   42    60    48    44 
    1     1     1     1 
    1 0     1 0     1 0     1 0 
   84   120    96   352 
  -19 0    77 0   -19 0   -19 0 
    0 1     0 2     0 1     0 1 
   -2 2     4 -4    -2 2    -2 2 
    5 0     5 0     5 0     5 0 
    6     7     3     2 
    0     0     0     0 
    0     0     0     0 

    1    -1    -1    -1 
   -1    -1    -1    -1 
    1     1     1    -1 

   -1     1     1     1 
    0     0     0     0 
   -3    -3     0     1 
   -1    -1    -1     1 
    3    -3     0     3 
   -4    -1     2     3 
   -1     2    -4     6 
   -1    -4     2    -4 
   -4    -7    -4     3 
    3     6     6    -2 
    0     6    -6     6 
    7     4    -2     4 
   13    -8     4    -4 
   -6    -6     6    -6 
    8   -10     2     6 
   -2     4     4     4 
    2    14    14     6 
   16     4    -8   -12 
   12     3    12     7 
    0     9   -12     1 
    0    -6    -6    14 
   14   -10     2    -2 
    7    -8    -2   -12 
   15   -12     6    -4 
   -8     1    16     9 
   -6     0    -6    -8 
    6     9     0   -17 
   -2    -2    10   -14 
   -2    13    -2     1 
    3     6    -6    18 
  -14    10    22    -6 
   14    11    20   -11 
   22     4   -14    16 
  -15   -12   -12   -16 
   14     2     8   -10 
   -2   -26   -14   -14 
   -2     4   -26    -4 
   -9    12     6    12 
   -2    10    10   -18 
   -2    22    -8   -14 
  -19   -25   -28   -11 
   22    28   -14   -20 
   13    16    28     0 
  -16   -28   -16    16 
    9   -15   -24   -21 
   20    11     8    -3 
   22   -26    10   -22 
   18   -12   -24    20 
   24     9   -12   -15 
    0    18   -18    22 
  -14     4    10    -8 
   12    -9   -12    -7 
   30   -30    30     2 
   16   -11     4    -1 
   -9     0     0    16 
    9     0     6    20 
   30     6   -18   -30 
   -2   -17   -20   -25 
   16    -2    22    10 
   -8    28   -26   -12 
   20   -13   -22    23 
   25     4    -2    32 
  -10    -1     8    -3 
   11    -4   -28    -4 
   -4   -13     8   -11 
   24     6    -6     6 
   31    -5   -20    21 
   -8   -20    28    28 
   22    13    16    -3 
   23    -4   -16   -28 
  -16    26    20    -2 
  -14    -5   -26    15 
   14   -10    26    30 
   29    26    14   -14 
    8    26   -22     6 
    6   -27    12     7 
    6    24     0   -24 
    8    14   -16    14 
  -25    11    20    -3 
  -11   -32   -14    -8 
   -6   -39   -36    11 
   22   -26    28    26 
   13   -26    -2    22 
  -15    27   -36    37 
  -18   -18     0    10 
  -24   -30    24   -10 
    1   -26    34    14 
  -27     9   -18     9 
    2   -22    20    30 
   37    22   -38    10 
  -20    19    16    -7 
    8    11   -16    -7 
    5     2     2    10 
   12    36    18   -20 
  -34    32   -16     4 
   -1   -25    20   -19 
   25    13    16    -7 
   17   -16   -28   -28 
  -24   -15    36    35 
  -32    -8    16    40 
