1 0
200
    1 
14304 
    4 
    1 
    1 0 
14304 
   27 -37 
    1 0 
  100 -10 
    1 1 
 7152 
    0 
    0 

   -1 
    1 
   -1 
   -1 

    0 
    0 
   -1 
    5 
   -3 
    1 
   -3 
    0 
   -2 
    1 
   -3 
   -5 
    2 
    6 
   13 
   -3 
   10 
   16 
  -14 
    9 
   10 
  -12 
  -17 
  -10 
   -8 
    8 
   -5 
   -3 
  -15 
    0 
  -16 
   16 
    0 
   -6 
    9 
   21 
   10 
   -2 
   11 
   -6 
    4 
  -12 
   11 
   -8 
   14 
   28 
   -5 
    0 
  -26 
  -26 
  -15 
  -10 
   10 
   20 
   27 
   20 
   -1 
   24 
    5 
  -14 
   33 
   -7 
   30 
  -29 
   30 
    4 
   17 
    8 
    3 
  -11 
   21 
   -4 
   36 
  -16 
    2 
   10 
   21 
  -38 
  -14 
   30 
   24 
   16 
   24 
    3 
   -9 
   30 
   18 
  -40 
  -18 
   35 
   -3 
  -22 
   -4 
  -12 
   18 
    6 
   11 
   36 
  -18 
   44 
   37 
   24 
   -8 
  -18 
  -30 
   32 
   25 
    5 
   26 
   23 
  -34 
   48 
   21 
  -28 
    2 
   19 
  -38 
   10 
   45 
   -9 
   30 
    5 
   42 
  -11 
   12 
  -50 
   -8 
    8 
  -49 
  -37 
   24 
   -5 
   20 
   13 
  -30 
   15 
  -37 
  -41 
    2 
    2 
  -30 
   42 
  -33 
   21 
   20 
   -8 
   18 
  -16 
  -23 
   37 
   -5 
   -5 
   20 
   33 
  -44 
  -18 
    6 
   28 
  -30 
  -35 
   48 
   39 
   34 
   25 
   55 
  -60 
  -47 
   34 
   28 
  -10 
   14 
  -20 
   12 
  -59 
   19 
  -42 
   16 
  -40 
   23 
    4 
   12 
   39 
  -24 
   39 
  -45 
   20 
  -41 
   14 
  -15 
  -36 
   18 
   29 
    7 
  -20 
  -18 
   45 
   43 
   -9 
   52 
    6 
