3 0
100
    1    -1     1 
  -24     0    -8 
    6     4     2 
    2     4     2 
    1 0     0 0     1 0 
  -24     0    -8 
   11 11    -7 -14    11 11 
    1 0     1 0     1 0 
   32 0   -64 0    32 0 
    1 -1     1 -2     1 -1 
   -4    -8   -12 

   -1     1    -1 

    0     0     0 
   -2     0     2 
    2     0    -2 
    2     0    -2 
   -2     0     2 
    2    -2     2 
    2    -2     2 
   -2     0     2 
    2     0    -2 
    6     6     6 
    6   -10     6 
    6   -10     6 
   -6     0     6 
    6     0    -6 
    2   -14     2 
   14     0   -14 
  -14     0    14 
   10     0   -10 
  -10     0    10 
   14    -6    14 
   14    -6    14 
    6     0    -6 
   -6     0     6 
   -2    10    -2 
   -2    10    -2 
    2   -18     2 
    2   -18     2 
   -2     0     2 
    2     0    -2 
    2   -14     2 
    2   -14     2 
    6     0    -6 
   -6     0     6 
  -10    22   -10 
  -10    22   -10 
  -10     0    10 
   10     0   -10 
    2     0    -2 
   -2     0     2 
   22   -10    22 
   -6     0     6 
    6     0    -6 
    2    14     2 
    2    14     2 
   22     0   -22 
  -22     0    22 
   18     0   -18 
  -18     0    18 
  -18    26   -18 
  -18    26   -18 
    2    30     2 
    2    30     2 
   18     0   -18 
  -18     0    18 
   18     2    18 
   18     2    18 
  -18    10   -18 
  -18    10   -18 
   -6     0     6 
    6     0    -6 
   18     0   -18 
  -18     0    18 
  -10   -26   -10 
  -10   -26   -10 
   14     0   -14 
  -14     0    14 
  -14    18   -14 
  -14    18   -14 
   18     0   -18 
  -18     0    18 
   18    34    18 
   18    34    18 
    2     0    -2 
   -2     0     2 
  -30    -2   -30 
  -30    -2   -30 
  -10     6   -10 
  -10     6   -10 
   26     0   -26 
  -26     0    26 
  -30   -34   -30 
  -30   -34   -30 
    6     0    -6 
   -6     0     6 
   34    14    34 
   34    14    34 
    6   -42     6 
    6   -42     6 
  -14     0    14 
   14     0   -14 
   10     0   -10 
  -10     0    10 
   22     0   -22 
  -22     0    22 
   22    22    22 
   22    22    22 
   14     0   -14 
  -14     0    14 
  -30   -46   -30 
   38     0   -38 
