2 0
25
   -1     1 
    0  -112 
   18    14 
    1     1 
   -3 2     1 0 
   16  -112 
  -99 -61   -15 -19 
   -1 1     1 0 
   84 168   -84 -42 
    3 -1     3 -1 
   -7    -4 

   -1     1 
   -1    -1 
   -1    -1 
   -1    -1 

    0     0 
    1     1 
    0     0 
   -6    -2 
    2     6 
    0     4 
   -4     0 
   -4     4 
    4    -4 
    6     6 
    0    12 
  -12     0 
    8    -8 
   -8     8 
    1     1 
    8     0 
    0    -8 
    4    -4 
   -4     4 
  -10    -2 
   -2   -10 
    0   -16 
   16     0 
    0    12 
  -12     0 
