5 0
25
   -1    -1    -1    -1     1 
    0     0     0     0    64 
   16    14    12     8     8 
    1     1     1     1     1 
    3 4     3 4     3 4     3 4     1 0 
   32    16    16    32    64 
   33 -31    33 -31    33 -31    33 -31    33 -31 
    1 0     1 0     1 0     1 0     1 0 
   36 -126    36 -126    36 -126    36 -126    36 -126 
    3 -1     3 -1     3 -1     3 -1     3 -1 
   11     5     1     1     5 

    1    -1    -1     1    -1 
   -1    -1    -1    -1    -1 
   -1     1    -1    -1    -1 
    1     1    -1     1     1 

    0     0     0     0     0 
    0     0     0     0     0 
    0     0     0     0     0 
   -4    -2     0     4     4 
    4     4    -4     0     4 
   -1    -1     1    -1    -1 
   -2     6     2     6     6 
    4    -2     4     0     4 
    4     0     0    -8    -4 
   -6    -8    -2     2     2 
  -10     4    -6     6   -10 
  -10    -6    -6   -10     6 
  -12     0     4    -4    -4 
    4    -4    -4   -12    -4 
    2    -4    -6    10    -6 
   12     8   -12   -12     4 
   12   -12     0    -4     4 
    4   -10    16    -8     4 
  -12    -4     4    -8    -4 
   10   -10    -6    -6    10 
   -6    -8     2   -14   -14 
  -12     2     0   -12    12 
  -12    10    12    -4    12 
    6    -6   -14    -2    14 
  -10     2    10   -10     6 
