5 0
25
   -1    -1    -1    -1     1 
    0     0     0     0   -72 
   15    12    11     9     9 
    3     2     1     1     1 
    0 0     0 0     0 0     0 0     1 0 
    0     0     0     0   -72 
   33 23    33 23    33 23    33 23    69 -49 
    1 0     1 0     1 0     1 0    -1 1 
  144 36   144 36   144 36   144 36  -180 36 
    3 -1     3 -1     3 -1     3 -1     3 -1 
   -6    -2    -4     2    -5 

    1     1    -1     1     1 
    1    -1     1     1     1 
    1    -1    -1     1    -1 

    0     0     0     0     0 
    0     0     0     0     0 
    0     0     0     0     0 
   -3     0     1     3     3 
    0     3    -2     0     6 
    6    -3     4    -6     0 
   -3    -3     7     3    -3 
   -5    -5    -5    -5     7 
    7     1     1     7     1 
   -1    -1    -3    -1    -7 
   -3     9    -9     3    -3 
   12     6     0   -12     0 
   -8     1    -4    -8     4 
    1    -8   -13     1    -5 
  -10    -1     4   -10     8 
   -9    -3     1     9    -9 
   -6     0     4     6     0 
   -8    -8   -14    -8    -2 
   -2    -5    -8    -2     4 
  -10    11     4   -10   -16 
   -4   -13    -8    -4     8 
    3    -3    11    -3     9 
   18   -15   -10   -18    -6 
    6     6   -12    -6     0 
   -3     6   -15     3    15 
