1 2
100
    1 
    4 
    1 
    1 
    1 0 
    4 
   19 -5 
    1 0 
   28 14 
    1 1 
    2 

   -1 
    1 
    1 

    0 
    3 
   -1 
    3 
    0 
   -7 
    4 
    2 
    2 
    7 
   -6 
  -10 
   -9 
   -9 
   -1 
    6 
   13 
   -8 
   -2 
    9 
    1 
   -2 
   11 
  -13 
   18 
  -13 
  -14 
   15 
    4 
    4 
   -9 
    4 
   -2 
    3 
    2 
    7 
    7 
   11 
  -16 
    2 
    7 
   12 
   -5 
   18 
   18 
  -22 
    3 
  -24 
  -27 
    8 
    8 
  -14 
   12 
  -13 
    2 
   12 
  -18 
  -13 
   -8 
    1 
   11 
   -3 
  -14 
   -2 
  -18 
    8 
  -22 
  -22 
   20 
  -18 
   30 
   -9 
   23 
  -12 
  -18 
  -33 
  -33 
   29 
   -8 
   36 
  -19 
   -7 
  -32 
  -17 
   -1 
    0 
   -8 
   -6 
   20 
   12 
   24 
   12 
  -24 
    8 
  -26 
   30 
   22 
    8 
    1 
   21 
