1 2
100
    1 
    4 
    1 
    1 
    1 0 
    4 
   19 5 
    1 0 
   28 -14 
    1 -1 
    2 

   -1 
    1 
    1 

    0 
   -1 
    3 
    0 
    3 
    4 
   -7 
    2 
    2 
    7 
  -10 
   -6 
   -9 
   -9 
   -1 
   13 
    6 
   -2 
   -8 
    1 
    9 
   11 
   -2 
   18 
  -13 
  -14 
  -13 
    4 
   15 
   -9 
    4 
   -2 
    4 
    2 
    3 
    7 
    7 
  -16 
   11 
    2 
   12 
    7 
   18 
   -5 
  -22 
   18 
  -24 
    3 
    8 
  -27 
  -14 
    8 
  -13 
   12 
   12 
    2 
  -13 
  -18 
    1 
   -8 
   -3 
   11 
   -2 
  -14 
    8 
  -18 
  -22 
  -22 
  -18 
   20 
   -9 
   30 
  -12 
   23 
  -33 
  -18 
   29 
  -33 
   36 
   -8 
   -7 
  -19 
  -17 
  -32 
    0 
   -1 
   -6 
   -8 
   12 
   20 
   12 
   24 
    8 
  -24 
   30 
  -26 
    8 
   22 
    1 
    8 
