2 0
200
   -1     1 
    0   -16 
   16     8 
    1     1 
   -3 4     1 0 
   32   -16 
  129 -37    33 -1 
   -1 1     1 0 
 -264 -24    96 -36 
    3 -1     3 -1 
    1    -2 

   -1     1 
    1    -1 
   -1     1 
    1     1 

    0     0 
   -1     1 
    1    -1 
   -4     4 
   -4     4 
    6     6 
   -2    -2 
    8    -8 
   -4     4 
    2     2 
   -1    -1 
  -10   -10 
   -8     8 
    4    -4 
    2     2 
  -12    12 
    4    -4 
   -4     4 
    8    -8 
   10    10 
   -6    -6 
   12   -12 
   -8     8 
   -6    -6 
   14    14 
   18    18 
  -10   -10 
  -16    16 
   -4     4 
  -18   -18 
   -2    -2 
  -12    12 
   -8     8 
  -18   -18 
   22    22 
   -4     4 
    8    -8 
  -20    20 
    4    -4 
    6     6 
    4    -4 
    4    -4 
   14    14 
   26    26 
   -8     8 
   20   -20 
    0     0 
   12   -12 
  -22   -22 
  -18   -18 
  -10   -10 
  -26   -26 
  -12    12 
    0     0 
   30    30 
   -6    -6 
   -2    -2 
   -6    -6 
  -16    16 
   20   -20 
  -20    20 
  -20    20 
   -2    -2 
   10    10 
  -12    12 
  -24    24 
   34    34 
  -14   -14 
  -20    20 
   24   -24 
  -14   -14 
   26    26 
   -8     8 
  -36    36 
  -34   -34 
  -34   -34 
  -14   -14 
  -38   -38 
   -4     4 
  -28    28 
   14    14 
  -26   -26 
   -8     8 
   12   -12 
    6     6 
   22    22 
  -18   -18 
   -6    -6 
    4    -4 
  -20    20 
   12   -12 
   12   -12 
  -24    24 
   20   -20 
  -26   -26 
  -10   -10 
   -4     4 
   44   -44 
  -30   -30 
   28   -28 
   36   -36 
   24   -24 
   36   -36 
  -10   -10 
    6     6 
  -28    28 
  -24    24 
   -6    -6 
   34    34 
   12   -12 
   36   -36 
   14    14 
   -6    -6 
   26    26 
   34    34 
   18    18 
   -6    -6 
  -12    12 
  -32    32 
  -42   -42 
   30    30 
  -16    16 
  -44    44 
  -16    16 
   36   -36 
  -18   -18 
  -46   -46 
  -28    28 
    4    -4 
  -44    44 
    4    -4 
   20   -20 
   44   -44 
   22    22 
   22    22 
   26    26 
   26    26 
    4    -4 
   36   -36 
   30    30 
  -42   -42 
  -12    12 
   44   -44 
  -32    32 
  -52    52 
  -34   -34 
    6     6 
  -42   -42 
   20   -20 
  -36    36 
  -26   -26 
    6     6 
  -44    44 
   28   -28 
   12   -12 
  -12    12 
  -34   -34 
   30    30 
    2     2 
   26    26 
  -36    36 
   36   -36 
   38    38 
  -42   -42 
  -14   -14 
  -36    36 
   20   -20 
  -34   -34 
  -18   -18 
   -2    -2 
  -26   -26 
  -24    24 
  -36    36 
  -62   -62 
   18    18 
   -6    -6 
    6     6 
  -36    36 
  -12    12 
  -44    44 
   -4     4 
  -50   -50 
   22    22 
    4    -4 
   32   -32 
  -10   -10 
  -22   -22 
   34    34 
  -30   -30 
  -36    36 
  -24    24 
  -28    28 
   36   -36 
  -28    28 
   60   -60 
    6     6 
   38    38 
  -30   -30 
   -6    -6 
   50    50 
