1 7
200
    1 
    0 
    2 
    1 
    5 0 
   64 
  -12 -24 
    1 0 
 -109 0 
    1 -2 
   16 
    1 
    0 

   -1 

    1 
    0 
    0 
    1 
    1 
   -8 
   -8 
   -5 
   -5 
   -1 
    2 
    2 
   -4 
   -4 
  -10 
   12 
   12 
  -12 
  -12 
   -5 
   -5 
   -2 
   -2 
    1 
    1 
    1 
    1 
    3 
    3 
  -18 
  -18 
    0 
    0 
    1 
    1 
   16 
   16 
  -13 
  -13 
  -26 
   11 
   11 
  -13 
  -13 
   18 
   18 
  -14 
  -14 
    9 
    9 
  -10 
  -10 
   23 
   23 
  -24 
  -24 
   27 
   27 
  -23 
  -23 
   -8 
   -8 
   28 
   28 
  -20 
  -20 
  -32 
  -32 
    6 
    6 
   19 
   19 
  -31 
  -31 
  -19 
  -19 
   17 
   17 
   40 
   40 
  -26 
  -26 
  -10 
  -10 
  -24 
  -24 
  -27 
  -27 
   18 
   18 
    0 
    0 
    4 
    4 
  -42 
  -42 
   42 
   42 
    3 
  -23 
  -23 
   25 
   25 
    2 
    2 
   38 
   38 
   34 
   34 
   -3 
   -3 
   18 
   18 
   -6 
   -6 
  -10 
  -10 
  -22 
  -22 
  -28 
  -28 
   19 
   19 
  -30 
  -30 
   10 
   10 
    2 
    2 
  -17 
  -17 
    0 
    0 
    8 
    8 
  -10 
  -10 
  -11 
  -11 
   15 
   15 
   22 
   22 
   26 
   26 
  -33 
    3 
    3 
   21 
   21 
  -39 
  -39 
   19 
   19 
  -16 
  -16 
   12 
   12 
  -30 
  -30 
  -40 
  -40 
   -3 
   -3 
  -26 
   12 
   12 
  -47 
  -47 
    2 
    2 
  -48 
  -48 
  -10 
  -10 
  -64 
  -64 
  -55 
  -55 
    0 
    0 
  -13 
  -13 
   25 
   25 
    4 
    4 
    9 
    9 
   -4 
   -4 
    0 
    0 
  -20 
  -20 
  -12 
  -12 
  -24 
  -24 
    8 
