5 4
25
    1    -1     1    -1    -1 
   12     0   -12     0     0 
    3     3     3     3     1 
    1     1     1     1     1 
    1 0     3 2     1 0     3 2     3 2 
   12    72   -12    40    16 
  -33 49    17 66   -33 49    17 66    17 66 
    1 0    -1 0     1 0    -1 0    -1 0 
  -99 -33   -33 -132   -99 -33   -33 -132   -33 -132 
    0 1     2 0     0 1     2 0     2 0 
   12   -54   -12     2    10 

    1     1    -1    -1     1 
    1     1    -1    -1    -1 
   -1    -1    -1    -1     1 
    1    -1     1    -1    -1 

    0     0     0     0     2 
   -1    -1     1     1    -1 
   -1    -1     1     1     1 
    0     0     0     0     0 
   -1     1    -1     1     1 
    0     0    -4     4    -6 
    0     0     4    -4    -6 
    4    -8     0     4     4 
   -4     8     0    -4    -6 
    4     4     8    -8     8 
   -6     6     6    10     6 
    6    -6    -6   -10     6 
    8    -4     4    -8    -6 
   -8     4    -4     8     4 
   -8    -8     4   -12    -4 
    0     0     8    -8     0 
    0     0     8    -8   -12 
   14   -10   -10    -2   -14 
   14   -10   -10    -2    -2 
   -2    -2   -10     6     4 
    2     2    10    -6    -2 
    6    -6    -6     6     0 
   -6     6     6    -6    16 
   -6    18    -6   -14     2 
   -6    18    -6   -14     2 
