10 4
200
    1     1    -1    -1     1    -1     1    -1     1    -1 
  -48   -48     0     0   168     0   384     0   264     0 
   12    12     8    18    14    12    12    10     6     6 
    1     3     1     1     1     1     1     1     1     1 
    1 0     1 0     3 2     3 2     1 0    -3 4     1 0     7 0     1 0     3 2 
  -48   -48    48    64   168    16   384    28   264     8 
  -57 -4    33 41   -57 -4   -57 -4   -57 -4   123 49   -57 -4   123 -49   -57 -4   123 -49 
    1 0     0 1     1 0     1 0     1 0    -1 -1     1 0     1 1     1 0     1 1 
 -180 45    90 -90  -180 45  -180 45  -180 45  -270 0  -180 45   -90 -180  -180 45   -90 -180 
    3 -1     3 -1     3 -1     3 -1     3 -1     3 1     3 -1     3 -1     3 -1     3 -1 
   -1    -6     2     6     5     1    20     2    53    -2 
    0     0     0     0     0     0     0     0     0     0 
    0     0     0     0     0     0     0     0     0     0 

    1     1     1    -1    -1    -1    -1    -1    -1    -1 
   -1     1    -1    -1    -1     1    -1    -1    -1    -1 
   -1     1     1    -1     1     1    -1     1     1    -1 
   -1    -1    -1    -1    -1    -1     1     1    -1    -1 

   -1    -1    -1     1     1     1     1     1     1     1 
    0     0     0     0     0     0     0     0     0     0 
    0     0     0     0     0     0     0     0     0     0 
    0     0     4    -6    -2     0     0     2     6     6 
    3     3     2     3     5    -3     2    -3    -3     0 
    3     6     0     0    -3    -6    -4     0    -3    -6 
    6     0    -3     0     6     0     3    -4     6    -3 
    2     5    -6    -7     0     5     2     1     8     2 
    2    -4     3     2     0    -4     7     2     8    -7 
    1     1     1     1     1     1    -1    -1     1     1 
    9    -3     4    -9    -5     3     8    -7     3   -12 
    6    -6    -7    -6     8     6     5   -10     0    -3 
   -1   -10    -9     8     3   -10     5    -8    11    -1 
   -1    -1    -6    -1     9    -1    -2    -7    -7   -10 
   -4    -1    -2     5    -2    -1     6    -3   -10    -4 
   -6    -3     9     3     6     3   -11     5     6   -15 
   12     6     3     0     0    -6    11     4     0     9 
   -4    -4    -9    -4     6    -4   -15    -4    14     5 
   -4    14    -6    -4    12    14     2    12    -4    -4 
   -7     8   -11     2     1     8     7    10    -7    -7 
    2   -10    13     2   -14   -10     7    -2     2    -7 
   12    -9     5     9    -4     9    -1   -15    12    15 
    0     6    -5     6     4    -6    -3     2   -12    -9 
   -6     6    -6    -6    12    -6   -10    10   -12     6 
   -3     0     9   -12   -15     0     1   -16   -15     3 
  -10    -7   -12    -1   -18    -7     8     1    14   -10 
   17     2    -6   -10     3     2    10     2   -13   -10 
   -3    18    -6    -6     3   -18    -2   -18     3     0 
   12    -3    -6    -3     0     3   -18   -11     0   -18 
    9    21    -5   -15   -11   -21    -7     9    -3     9 
    6     9   -10    -9     8    -9   -18    -1     0    12 
  -15    12     4     6     1   -12     4    10   -15   -12 
   12    12    -7   -12     2   -12    13     4    -6    -3 
   12    12    -3     6     6   -12     3    -6   -18    21 
   -9     0     0     0    -3     0   -12   -12    -3    12 
  -13     2    12   -22    -3     2    -4    -2     5   -22 
   23    11   -12     5     3    11   -20   -19   -13    -4 
   20    11   -10   -25     8    11    22   -15     8     2 
   11   -16    -4    20   -25   -16    12    16    -1   -16 
  -10     8   -11     8   -14     8    -7    20     2    -1 
    6   -15     0    15    24    15    -8   -15     0    12 
  -15     0    -9   -24   -15     0    15    16   -15    -3 
  -22   -10    19    14     4   -10     5    18    -4     5 
   -4    -1   -11   -13   -20    -1     3     5    -4   -13 
   23     5   -23    23   -17     5     1    -1    -1     5 
    5    14    16    14     7    14     8   -26    -1    14 
   24   -18     8   -12   -22    18    24   -20    18   -12 
   -3    27   -20   -27   -11   -27    28    -3    -3     0 
    0    -6   -22    -6     8     6   -10     2    24    -6 
   -9     3    10   -21    -5    -3    14    11     3     6 
   17     8    14   -28    11     8   -10     4   -13     8 
  -19     8    -4   -10    11     8     4     2   -13     8 
  -30   -12   -12   -24    24    12     4   -12     0     0 
  -15    12    12   -12     3   -12   -24     4   -21     0 
   -6    15    26    27    14   -15   -18     3   -18    18 
   30    15    22    21    28   -15     6    -3   -12    -6 
  -12    -6    24    12    30     6     0    -8     6    -6 
  -30    12    27    -6    18   -12    19    18   -30    21 
   -4    -4   -28    14   -28    -4   -28    18    20    -4 
   -4     5    20   -13    32     5    12     5   -16    -4 
   20    11    23    -7   -22    11    33   -17     2    -7 
    2   -16   -16   -16     8   -16   -20   -12   -16     2 
  -28    -1   -26    -1   -14    -1    26     9   -22    26 
  -10    -1   -14    -1    10    -1    30    -7   -22   -10 
  -28    -4    16    26    -8    -4    -4    30     8     8 
   35     5     7    35   -17     5    -9   -13    -1    -1 
  -13   -22   -14    -4    19   -22    14    20    11   -22 
  -13    32   -23    32    19    32   -13    -4    11     5 
  -21    12    17    24    23   -12   -13    -8    15    -9 
   36     6     4     6    10    -6     4   -10   -30    12 
   24    15     0   -27    30   -15   -16    21     6    18 
  -21   -21     9   -21    15    21   -21   -13    -9    15 
   20    20    22    20     4    20    34   -20   -28     2 
  -16     2     1   -16    -2     2   -11    -8   -10    11 
  -30    39    25   -21    28   -39    -3    -3   -12     9 
  -27    15   -22    -3    23   -15   -18     3    15    -6 
  -22    -4    -5    14   -14    -4    31   -10     2     5 
   32    -4    13   -40     4    -4    17   -32    20    23 
   36     9    16   -15     4    -9   -36    15   -12    36 
   24   -12   -22   -36   -16    12     6     0     0    12 
  -25    -7   -30    11    33    -7    -6   -19   -31     2 
   11    -7     0   -25    21    -7     8     9     5    38 
  -18    24     7   -24   -20   -24     1    28    36    15 
  -15     9    -1     3   -31    -9    13    19     9     9 
  -21   -15   -26     3    13    15   -10   -19   -27    18 
   12   -27   -34   -39    20    27    14    23   -12   -18 
  -10    -1    16    17    22    -1    12    15   -10   -28 
   26   -10   -32    26   -38   -10     0     6    26   -28 
    0     6    15    -6   -18    -6    -7   -18     6   -33 
  -27    15    33    33    -3   -15     3    -7    21   -21 
  -15   -24   -19    30     5    24    21    18    21   -33 
  -42   -24   -20    36   -20    24    12   -36   -12     0 
  -13   -31   -23   -13     7   -31   -15    35    23     5 
   -4    32     4    14   -20    32    32   -30    -4    -4 
   21    15    18     9     3   -15   -30   -25    27    12 
  -30    -9   -15    27   -24     9    29   -27     0    -3 
   -7   -31    22    -7    43   -31    -2    31    11   -16 
   -7    32    37   -16    37    32   -41    28    29    -7 
   17   -46    21   -10   -15   -46    37    -2    17    17 
   -1   -40   -25   -28    23   -40    13    12    -1    35 
  -28    32    26     8     8    32     6    -8     8     8 
   12    30   -45    36   -18   -30   -19    32     6    -9 
  -15    21     3    39    -3   -21    41    -1    21   -15 
    3     6   -12    -6   -15    -6   -24   -10   -39    18 
   18    39   -45     3    18   -39   -25   -27   -30    15 
    5    26   -10   -22    11    26    22   -22    35   -40 
    5   -28    -7   -40   -19   -28    41    -8   -19    41 
   47   -40    46   -34   -17   -40   -14    46   -25     2 
   -7   -22    37   -16    37   -22    31    -8    29   -43 
  -27    12   -18    30     3   -12   -18    22     3    42 
   -6   -21     6     3    36    21    34    27    12    18 
   42   -39    14   -21    38    39   -30   -37     6    12 
   21    -6   -26    -6     1     6     2   -30     9   -30 
  -10    26   -18   -10    24    26    42    38   -16    26 
    8    -1     6   -19    36    -1    38    -3    20   -28 
   -6    33   -22    -9   -10   -33   -14    47   -42   -18 
  -15   -30   -11    -6   -47    30   -25    10     9     3 
   -1   -34   -26   -28    25   -34   -18    24    17   -28 
  -28    11    25   -19   -44    11     9    45   -28   -19 
  -12    15   -35    15   -38   -15   -31   -15    18    33 
  -21   -21    50   -27     5    21    18   -13    -3   -18 
   -4    -4     9    14   -36    -4    19   -46    -4    41 
   -4   -31     6   -31    12   -31   -34    31    -4    -4 
   18     9    28    15    34    -9    -4     9   -30    36 
  -15    48    -1   -18   -43   -48    -9   -10    21    33 
  -19    41    38    -1   -13    41   -18     1    35   -28 
   17     5     2    -1   -49     5   -14   -15    -1   -28 
  -15    -3   -52    51    29     3   -12   -21   -27    36 
   24    18   -35    12   -14   -18     3   -48    -6    45 
  -46    35    16   -37   -26    35    40    -5   -10   -46 
  -10   -10     4   -46   -14   -10   -20    46   -46    44 
  -16   -34    22    20     4   -34   -30    24    20    20 
   11    20   -47    20   -17    20    33    36    47    -7 
  -21   -42   -48   -18    -3    42    44    42   -27   -24 
  -54    33   -15   -15    12   -33    21    -1   -12     9 
   41   -22    14    -4   -13   -22     2   -40   -37    14 
   23    -4   -16    50   -19    -4    -4   -22    53    14 
    5    44     4    -4   -29    44   -28    -4   -13   -22 
   32    26     4    32   -20    26   -28   -28    -4    -4 
   54    39   -50   -39    10   -39    26   -41    -6   -48 
   36     3    -7     3   -34    -3    37   -19     6   -15 
  -34   -25    40    11   -38   -25   -16   -21    26     2 
   38    20   -17    20   -26    20     3   -40   -10    -7 
   48   -54    22    12    28    54   -22    32   -36   -48 
   42   -51   -10    33   -22    51   -34    -7    42    -6 
    5   -22   -18    32    15   -22   -10   -16    23   -22 
  -18   -18    23     6     8    18   -23   -14    48   -45 
  -33    12    28   -18    13   -12   -32   -38    45   -12 
  -22    20   -54    -4   -12    20    34   -12    -4    50 
  -40    20     0    14   -30    20   -24   -14   -22    -4 
   27   -36    50    36    35    36   -46    52   -45   -18 
    0    18    52     0   -20   -18   -20   -16   -36     0 
  -25    41   -42    29   -39    41   -18   -21   -55   -34 
   56    14    12    56    24    14    36    12     8    20 
  -28    23    16   -37     4    23   -36    13   -28   -10 
  -19    -4   -44     8     1    -4     4    36   -55     8 
  -30   -18     8    30    38    18   -40   -30    54    -6 
  -48    54     1   -42    16   -54    -3     2     0   -15 
    2    32    22    38    -2    32    -2   -30    14     2 
   56    14   -44    38   -26    14   -12    34    14   -52 
  -30    33    48    33   -48   -33    12     9   -24     6 
  -39     6   -48   -54    39    -6    12    30    -9    36 
   -6   -48    36    54   -54    48    36     2    42    -6 
   42   -36    39   -18     6    36    -7    -6     6   -21 
   44   -37    46   -19   -20   -37    14   -43    -4    44 
   15   -45    42   -21   -51    45    30    53   -27    12 
   12   -30    42    12    12    30    50    24    12    24 
  -18    54    24   -36    54   -54    24    60   -42   -12 
   24    42   -18    48   -42   -42   -30    12   -18   -30 
   20   -22    59    20    56   -22    23    20    56   -43 
  -34    -4   -34   -16    -4    -4    14     8    20   -34 
  -36   -27    43    -9    22    27    -1   -39    30   -33 
   12    -6    35    24   -28     6   -45     8   -12   -15 
  -46    56    46    26   -20    56    34   -34    20    26 
   26   -34    16    26   -26   -34    -4   -38    38    44 
   33   -24    51     0    45    24    51   -24    45   -15 
   36   -48   -12    30   -12    48    12   -30   -12   -18 
    8   -10   -22   -28     8   -10    -2    48   -40   -10 
  -19   -28   -43     8   -43   -28    45    -8     5    53 
   54   -42   -24     0   -18    42     8    56    30    12 
   48   -39   -42   -39    12    39   -46    47    60   -60 
  -42    -9   -53    15    22     9     9    31    54   -27 
   24   -33    38   -51     2    33    10    -3    -6   -18 
   26    35     4    53   -38    35   -28   -37   -22     8 
  -46   -28    34    26     4   -28   -46   -34    -4   -46 
  -31   -46   -14   -22    31   -46    14   -54   -25    32 
   41     8   -50   -22    -5     8     6    50   -61    14 
   56    50     2   -16    56    50   -50    -4     8    38 
    2    14    20   -34   -52    14   -16   -26   -28     2 
   12    21   -24    33    24   -21     8    57    24    -6 
   45    36    12    54    51   -36   -48    14     3    30 
   20    32    34   -52    16    32   -58    -8    32   -16 
   20    23     4    65    -8    23   -20   -55   -40   -52 
  -24    60   -12    36   -42   -60   -44   -12   -18   -42 
   60    54    12   -18   -12   -54   -60    46    36     6 
   -6    42    59   -42   -34   -42   -47   -18    30    21 
   -6   -66    46    18   -62    66   -18   -14   -30   -36 
  -40   -61    20     5     2   -61    60   -11   -22   -40 
  -22    47     2    41    38    47   -38   -63   -58   -40 
  -60   -45   -44   -15    58    45    16   -15    18    36 
