2 0
25
   -1     1 
    0   -16 
    4     4 
    1     1 
    7 0     1 0 
   32   -16 
    9 -38    47 -33 
    1 0     1 0 
  160 -20   -20 -80 
    1 2     1 -1 
    1    -8 

    1     1 
   -1    -1 
   -1    -1 
    1    -1 

    0     0 
    1     1 
    0     0 
    1     1 
    0     4 
    6     2 
   -2     6 
   -4     4 
   -4    -4 
   -1     1 
    2    -6 
   -6     2 
    4     4 
   -8     4 
    2     2 
   -4   -12 
    4    -4 
  -12    12 
   -4     8 
   10    10 
   10    -2 
  -12     0 
   12     8 
  -14   -14 
   10   -14 
