1 6
200
   -1 
    0 
    1 
    1 
   -1 6 
   24 
  -51 13 
    1 0 
    0 115 
    1 -2 
   -6 
    1 
    0 

   -1 
   -1 

    2 
    0 
    0 
    2 
    2 
    3 
    3 
   -2 
   -2 
    1 
    1 
    1 
    0 
    0 
  -13 
  -13 
  -13 
    5 
    5 
    6 
    6 
    9 
    9 
    4 
    4 
  -14 
  -14 
  -15 
  -15 
   -9 
   -9 
   12 
   12 
    6 
    6 
  -19 
  -19 
  -18 
  -18 
  -22 
   24 
   24 
   16 
   16 
   15 
   15 
    4 
    4 
    4 
    4 
  -18 
  -18 
  -26 
  -26 
   -8 
   -8 
   -6 
   -6 
   11 
   11 
  -26 
  -26 
   -3 
   -3 
   11 
   11 
   10 
   10 
  -12 
  -12 
   -8 
   -8 
   12 
   12 
    2 
    2 
  -11 
  -11 
  -18 
  -18 
   -1 
   -1 
  -32 
  -32 
  -21 
  -21 
   25 
   25 
   33 
   33 
    9 
    9 
    1 
    1 
  -42 
  -42 
   -4 
   -4 
    1 
   24 
   24 
   31 
   31 
   -6 
   -6 
  -16 
  -16 
   20 
   20 
    2 
    2 
   -4 
   -4 
  -21 
  -21 
   13 
   13 
   36 
   36 
   14 
   14 
   25 
   25 
  -30 
  -30 
   28 
   28 
  -28 
  -28 
  -44 
  -44 
   23 
   23 
   45 
   45 
   32 
   32 
   -7 
   -7 
   15 
   15 
   15 
   15 
  -29 
  -29 
   -9 
   22 
   22 
   -5 
   -5 
  -32 
  -32 
  -56 
  -56 
    5 
    5 
   27 
   27 
  -22 
  -22 
  -52 
  -52 
   26 
   26 
  -37 
   12 
   12 
  -39 
  -39 
  -20 
  -20 
   20 
   20 
   55 
   55 
  -16 
  -16 
  -36 
  -36 
  -56 
  -56 
   34 
   34 
   35 
   35 
  -23 
  -23 
   30 
   30 
    2 
    2 
  -50 
  -50 
   24 
   24 
   -7 
   -7 
   58 
   58 
   -2 
