2 3
25
    1     1 
    0    24 
    5     3 
    1     3 
   -3 2     1 0 
    8    24 
   11 43   -39 -39 
    1 0     1 0 
  118 118  -118 0 
    3 -1     1 -1 
    1    12 

   -1    -1 
   -1     1 
   -1     1 

    0     0 
   -1     1 
   -1     1 
   -2     6 
   -2     6 
    2    -6 
    2    -6 
   -5     5 
   -5     5 
   -9    -1 
   -1    -9 
   -1    -9 
    0     8 
    0     8 
   -5   -13 
    1    -1 
    1    -1 
  -14     2 
  -14     2 
   -2    14 
   -2    14 
    4     0 
    4     0 
  -18    -6 
  -18    -6 
