10 14
200
   -1    -1     1    -1     1     1    -1    -1    -1     1 
    0     0   120     0    96   -96     0     0     0   -40 
   14    12    10     8    12    12    16    14    12    10 
    1     1     1     1     1     1     1     1     1     1 
   -3 2    -1 6     1 0    -3 2     1 0     1 0    -3 2    -3 2    -3 2     1 0 
    8   128   120    16    96   -96    16    40    32   -40 
  -15 107   -15 107   -15 23   -15 107   -15 23   -15 23   -15 107   -15 107   -15 107   -15 23 
   -1 1    -1 1     1 0    -1 1     1 0     1 0    -1 1    -1 1    -1 1     1 0 
  168 -168   168 -168     0 84   168 -168     0 84     0 84   168 -168   168 -168   168 -168     0 84 
    3 -1     3 -1     3 -1     3 -1     3 -1     3 -1     3 -1     3 -1     3 -1     3 -1 
    1     3    10     3     6    -6    -1    -7    -1    -2 

   -1    -1     1    -1    -1    -1    -1    -1    -1     1 
    1     1     1     1     1    -1    -1    -1    -1    -1 
    1     1     1     1    -1     1    -1    -1    -1    -1 
   -1    -1    -1    -1    -1    -1    -1    -1    -1    -1 

    0     0     0     0     0     0     0     0     0     0 
   -1    -1    -1    -1    -1     1     1     1     1     1 
   -1    -1    -1    -1     1    -1     1     1     1     1 
   -2     0     2     4     0     0    -4    -2     0     2 
   -2     0     2     4     0     0    -4    -2     0     2 
    4     2     0    -2     2     2    -2     0     2     4 
    4     2     0    -2     2     2    -2     0     2     4 
   -4     4     4    -4     4    -4     4    -4    -4     4 
   -4     4     4    -4    -4     4     4    -4    -4     4 
  -10    -6     6    -6    10    10    -6     6    -6   -10 
    8    -6    -4    -2    10    10    -2    -4    -6     8 
    8    -6    -4    -2    10    10    -2    -4    -6     8 
   -8     8     8    -8     0     0     8    -8    -8     8 
   -8     8     8    -8     0     0     8    -8    -8     8 
    1     1     1     1     1     1     1     1     1     1 
    0   -12    -8    12    -4     4   -12     8    12     0 
    0   -12    -8    12     4    -4   -12     8    12     0 
    4    16    -4     8    -8     8    -8     4   -16    -4 
    4    16    -4     8     8    -8    -8     4   -16    -4 
   -2    -6     6     2    -6    -6     2     6    -6    -2 
   -2    -6     6     2    -6    -6     2     6    -6    -2 
   12   -12    12   -12     4    -4    12   -12    12   -12 
   12   -12    12   -12    -4     4    12   -12    12   -12 
    0   -14     4     6    -6    -6     6     4   -14     0 
    0   -14     4     6    -6    -6     6     4   -14     0 
    6    -6    -2     2     2     2     2    -2    -6     6 
    6    -6    -2     2     2     2     2    -2    -6     6 
    6    -8    10    12     8    -8   -12   -10     8    -6 
    6    -8    10    12    -8     8   -12   -10     8    -6 
   18     2     2   -14     2     2   -14     2     2    18 
   18     2     2   -14     2     2   -14     2     2    18 
   20   -12    20    20   -12    12   -20   -20    12   -20 
   20   -12    20    20    12   -12   -20   -20    12   -20 
  -18    -6     6    18    10    10    18     6    -6   -18 
  -18    -6     6    18    10    10    18     6    -6   -18 
   12    -4    -4   -20     4    -4    20     4     4   -12 
   12    -4    -4   -20    -4     4    20     4     4   -12 
    4     8   -20   -16   -16    16    16    20    -8    -4 
    4     8   -20   -16    16   -16    16    20    -8    -4 
  -22   -22   -22    10    26    26    10   -22   -22   -22 
   10    24     6    20    24   -24   -20    -6   -24   -10 
   10    24     6    20   -24    24   -20    -6   -24   -10 
  -26     2     6   -14     2     2   -14     6     2   -26 
  -26     2     6   -14     2     2   -14     6     2   -26 
  -24     0    -8    16     8    -8   -16     8     0    24 
  -24     0    -8    16    -8     8   -16     8     0    24 
   -8     4     0   -20    12   -12    20     0    -4     8 
   -8     4     0   -20   -12    12    20     0    -4     8 
  -26    10   -18   -14    -6    -6   -14   -18    10   -26 
  -26    10   -18   -14    -6    -6   -14   -18    10   -26 
   22    10    -2   -30    18    18   -30    -2    10    22 
   22    10    -2   -30    18    18   -30    -2    10    22 
    0   -20    24     4    -4     4    -4   -24    20     0 
    0   -20    24     4     4    -4    -4   -24    20     0 
   -8    -6    -4   -18   -14   -14   -18    -4    -6    -8 
   -8    -6    -4   -18   -14   -14   -18    -4    -6    -8 
   -2    -6     6   -30   -22   -22   -30     6    -6    -2 
   -2    -6     6   -30   -22   -22   -30     6    -6    -2 
   -4     4    20    12     4    -4   -12   -20    -4     4 
   -4     4    20    12    -4     4   -12   -20    -4     4 
  -28   -28    12    -4   -20    20     4   -12    28    28 
  -28   -28    12    -4    20   -20     4   -12    28    28 
  -14    34   -14   -14    10    10   -14   -14    34   -14 
  -14    34   -14   -14    10    10   -14   -14    34   -14 
   16    -8    32     8    32   -32    -8   -32     8   -16 
   16    -8    32     8   -32    32    -8   -32     8   -16 
   26    34   -22   -14     2     2   -14   -22    34    26 
   26    34   -22   -14     2     2   -14   -22    34    26 
  -30   -16    -2    28   -16    16   -28     2    16    30 
  -30   -16    -2    28    16   -16   -28     2    16    30 
  -36    26    -8     6   -14   -14     6    -8    26   -36 
  -36    26    -8     6   -14   -14     6    -8    26   -36 
  -16    24   -32     8   -16    16    -8    32   -24    16 
  -16    24   -32     8    16   -16    -8    32   -24    16 
   14    34    22    10    18    18    10    22    34    14 
   14    34    22    10    18    18    10    22    34    14 
   14   -14    22   -22   -22   -22   -22    22   -14    14 
   14   -14    22   -22   -22   -22   -22    22   -14    14 
    8   -20   -16   -12    20   -20    12    16    20    -8 
    8   -20   -16   -12   -20    20    12    16    20    -8 
    2    26   -14    -6    18    18    -6   -14    26     2 
    2    26   -14    -6    18    18    -6   -14    26     2 
  -22    -8     6   -28    24   -24    28    -6     8    22 
  -22    -8     6   -28   -24    24    28    -6     8    22 
   -6   -30    10    18    18    18    18    10   -30    -6 
   -6   -30    10    18    18    18    18    10   -30    -6 
   10   -38   -22    -6    -6    -6    -6   -22   -38    10 
   10   -38   -22    -6    -6    -6    -6   -22   -38    10 
   32    20     8   -36    28   -28    36    -8   -20   -32 
   32    20     8   -36   -28    28    36    -8   -20   -32 
   -6     8   -10    36   -24    24   -36    10    -8     6 
   -6     8   -10    36    24   -24   -36    10    -8     6 
   40   -16   -24    16    40   -40   -16    24    16   -40 
   40   -16   -24    16   -40    40   -16    24    16   -40 
  -12    -6     0    38    10    10    38     0    -6   -12 
  -12    -6     0    38    10    10    38     0    -6   -12 
  -28     4    36   -28   -20    20    28   -36    -4    28 
  -28     4    36   -28    20   -20    28   -36    -4    28 
  -10   -46   -10   -30   -46   -46   -30   -10   -46   -10 
  -20    -8   -12    32    32   -32   -32    12     8    20 
  -20    -8   -12    32   -32    32   -32    12     8    20 
  -16    12    24    20    36   -36   -20   -24   -12    16 
  -16    12    24    20   -36    36   -20   -24   -12    16 
  -10    -6    14    18   -22   -22    18    14    -6   -10 
  -10    -6    14    18   -22   -22    18    14    -6   -10 
   20   -40   -20   -16   -16    16    16    20    40   -20 
   20   -40   -20   -16    16   -16    16    20    40   -20 
   10   -46    -6     2     2     2     2    -6   -46    10 
   10   -46    -6     2     2     2     2    -6   -46    10 
   24    28   -48   -12    36   -36    12    48   -28   -24 
   24    28   -48   -12   -36    36    12    48   -28   -24 
   -4    10   -24   -42     2     2   -42   -24    10    -4 
   -4    10   -24   -42     2     2   -42   -24    10    -4 
   18    -6    34    10    10    10    10    34    -6    18 
   18    -6    34    10    10    10    10    34    -6    18 
   22   -38   -18    18    42    42    18   -18   -38    22 
   22   -38   -18    18    42    42    18   -18   -38    22 
   28    20   -36    20   -20    20   -20    36   -20   -28 
   28    20   -36    20    20   -20   -20    36   -20   -28 
   22   -46    -2    26     2     2    26    -2   -46    22 
   22   -46    -2    26     2     2    26    -2   -46    22 
    4   -20    12   -28    28   -28    28   -12    20    -4 
    4   -20    12   -28   -28    28    28   -12    20    -4 
    6    48    -6   -44    16   -16    44     6   -48    -6 
    6    48    -6   -44   -16    16    44     6   -48    -6 
  -34    34   -34    50   -14   -14    50   -34    34   -34 
  -34    34   -34    50   -14   -14    50   -34    34   -34 
  -30   -24   -18   -28    40   -40    28    18    24    30 
  -30   -24   -18   -28   -40    40    28    18    24    30 
  -20   -28    28   -12   -12    12    12   -28    28    20 
  -20   -28    28   -12    12   -12    12   -28    28    20 
   36    24   -20   -32    16   -16    32    20   -24   -36 
   36    24   -20   -32   -16    16    32    20   -24   -36 
   40    26    12    30    -6    -6    30    12    26    40 
   40    26    12    30    -6    -6    30    12    26    40 
  -46   -38    34    26    34    34    26    34   -38   -46 
  -46   -38    34    26    34    34    26    34   -38   -46 
   28   -28   -36     4    -4     4    -4    36    28   -28 
   28   -28   -36     4     4    -4    -4    36    28   -28 
   50   -22   -14    10    -6    -6    10   -14   -22    50 
   50   -22   -14    10    -6    -6    10   -14   -22    50 
   -4    52   -20     4     4    -4    -4    20   -52     4 
   -4    52   -20     4    -4     4    -4    20   -52     4 
  -42    24    26    -4     8    -8     4   -26   -24    42 
  -42    24    26    -4    -8     8     4   -26   -24    42 
  -54   -22    42   -54    42    42   -54    42   -22   -54 
  -40    42    28   -18   -38   -38   -18    28    42   -40 
  -40    42    28   -18   -38   -38   -18    28    42   -40 
   -4   -20    20   -12    12   -12    12   -20    20     4 
   -4   -20    20   -12   -12    12    12   -20    20     4 
  -12    -6    48   -42    34    34   -42    48    -6   -12 
  -12    -6    48   -42    34    34   -42    48    -6   -12 
  -56    16     8   -16     8    -8    16    -8   -16    56 
  -56    16     8   -16    -8     8    16    -8   -16    56 
  -16   -32   -32   -48    -8     8    48    32    32    16 
  -16   -32   -32   -48     8    -8    48    32    32    16 
  -40   -30   -36    22   -14   -14    22   -36   -30   -40 
  -40   -30   -36    22   -14   -14    22   -36   -30   -40 
  -30    42     2    10    58    58    10     2    42   -30 
  -30    42     2    10    58    58    10     2    42   -30 
   14    48    18   -44    48   -48    44   -18   -48   -14 
   14    48    18   -44   -48    48    44   -18   -48   -14 
   26    42    -6   -54    -6    -6   -54    -6    42    26 
   26    42    -6   -54    -6    -6   -54    -6    42    26 
  -62   -62     2     2     2     2     2     2   -62   -62 
  -28   -44    20   -28   -36    36    28   -20    44    28 
  -28   -44    20   -28    36   -36    28   -20    44    28 
   54    18    14   -22   -30   -30   -22    14    18    54 
   54    18    14   -22   -30   -30   -22    14    18    54 
  -34    50    -2     2   -14   -14     2    -2    50   -34 
  -34    50    -2     2   -14   -14     2    -2    50   -34 
  -50   -40   -30   -36    24   -24    36    30    40    50 
  -50   -40   -30   -36   -24    24    36    30    40    50 
  -10    26   -26   -38    58    58   -38   -26    26   -10 
  -10    26   -26   -38    58    58   -38   -26    26   -10 
   36   -14    16    -2    -6    -6    -2    16   -14    36 
   36   -14    16    -2    -6    -6    -2    16   -14    36 
   36    48    44   -40   -40    40    40   -44   -48   -36 
   36    48    44   -40    40   -40    40   -44   -48   -36 
  -44    28   -28    12    12   -12   -12    28   -28    44 
  -44    28   -28    12   -12    12   -12    28   -28    44 
   12     2     8    -2    10    10    -2     8     2    12 
   12     2     8    -2    10    10    -2     8     2    12 
  -28     4   -28     4    -4     4    -4    28    -4    28 
  -28     4   -28     4     4    -4    -4    28    -4    28 
  -10    26    38    -6    42    42    -6    38    26   -10 
  -10    26    38    -6    42    42    -6    38    26   -10 
  -34     2   -26   -22    34    34   -22   -26     2   -34 
  -34     2   -26   -22    34    34   -22   -26     2   -34 
   22     8    26    12   -24    24   -12   -26    -8   -22 
   22     8    26    12    24   -24   -12   -26    -8   -22 
  -32    32   -64     0   -24    24     0    64   -32    32 
  -32    32   -64     0    24   -24     0    64   -32    32 
  -18    -8    34    44   -24    24   -44   -34     8    18 
  -18    -8    34    44    24   -24   -44   -34     8    18 
  -60    66   -48    14   -54   -54    14   -48    66   -60 
  -60    66   -48    14   -54   -54    14   -48    66   -60 
   -2     2    -2   -14    34    34   -14    -2     2    -2 
   -2     2    -2   -14    34    34   -14    -2     2    -2 
  -48    -6    20    -2    18    18    -2    20    -6   -48 
