13 0
200
    1     1    -1    -1    -1     1     1     1    -1     1     1     1    -1 
 -144   -64     0     0     0   -48   -24   -80     0   -32   -32   -32     0 
   18    16    16    16    14    12    12    10    10     8     8     8     8 
    1     1     1     1     1     1     1     1     1     1     1     1     1 
    1 0     1 0    -3 2    -3 2    -3 2     1 0     1 0     1 0    -3 2     1 0     1 0     1 0    -3 2 
 -144   -64     8    16    16   -48   -24   -80    32   -32   -32   -32    32 
  -39 -23   -39 -23   -39 -23   -39 -23   -39 -23   -39 -23   -39 -23   -39 -23   -39 -23   -39 -23   -39 -23   -39 -23   -39 -23 
    1 0     1 0     1 0     1 0     1 0     1 0     1 0     1 0     1 0     1 0     1 0     1 0     1 0 
  -72 -108   -72 -108   -72 -108   -72 -108   -72 -108   -72 -108   -72 -108   -72 -108   -72 -108   -72 -108   -72 -108   -72 -108   -72 -108 
    3 1     3 1     3 1     3 1     3 1     3 1     3 1     3 1     3 1     3 1     3 1     3 1     3 1 
   -2    -4     2    -4    -2    -3    -2    -2    -2    -2    -1    -2    -4 
    0     0     0     0     0     0     0     0     0     0     0     0     0 
    0     0     0     0     0     0     0     0     0     0     0     0     0 

    1    -1    -1    -1    -1     1     1     1    -1    -1     1    -1     1 
   -1    -1     1    -1    -1     1    -1    -1    -1    -1    -1     1    -1 
    1    -1     1    -1     1    -1     1     1    -1    -1     1     1    -1 
    1     1    -1    -1     1     1     1     1    -1     1     1     1     1 

    0     0     0     0     0     0     0     0     0     0     0     0     0 
    0     0     0     0     0     0     0     0     0     0     0     0     0 
    0     0     0     0     0     0     0     0     0     0     0     0     0 
   -6    -4    -4    -4    -2     0     0     2     2     4     4     4     4 
   -1    -1     1     1    -1    -1    -1    -1     1    -1    -1    -1    -1 
    0     6    -4     6     4    -6    -6     8     0    -2     0     4     6 
   -6     6     0    -2     6    -6     0     2     4    -2     4     0    -2 
   -8     4     4    -4    -8    -2     4     8    -4    -4     2     4    -4 
   -2     4     0     4     6     4    -2    -2    -8     4     8     0    -4 
    2     2    -2    10    -2     2     8    -6    -8     2     2    -2     2 
   -6   -10     4    -2     2     0     6    10    -2    -2    -6    -4     6 
   -6     6    -8   -10     2   -12    -6    10     2     6    -6     8     6 
   -2     4     8    -4     2     4    -8   -10   -10     4     8     8    -4 
    4    12    -4   -12    -4    -2    -8     4    12     4    -6    -4   -12 
   -4     2    -6     2   -12   -10    -4    12     2    10     6    -6    -6 
    6   -12     0     4     6     0     6     6    -8   -12    -4     0    -4 
   12     4     0   -12   -12   -12   -12    -4     0    -4    12     0   -12 
    4   -12    12    -4   -12    -2     4   -12    -4    -4    -6    12    12 
    4   -12    -4    -4    -4    10     4     4     8    12    14    -4    -4 
   14    10   -10    -6   -10   -10    14    -2     6    10    -6   -10    -6 
   -4    10    14    -6    -4     2     8    -4     6     2   -14    14   -14 
  -12    12   -12     4   -12    12    12   -12     4    12     8    12    -4 
  -12    -4     4     4    -4   -12    12     4     4    12     8    -4    -4 
   -6     6    -4    14   -14    12    -6    10    14   -18    14     4   -10 
   -6     6    12   -18    18     6     6    -6    -6   -10     4   -12    -2 
  -16    -6    -2   -14     4   -10    14    -8    -8     2    14    -2     2 
    8    10    -2    18     4    14     2     0   -12   -14    -2    -2   -14 
    6     4    16     4   -10    12     6     6    -8     4    -4   -16    -4 
  -12    -4     8   -12    16    12   -18    12    -6    20   -12    -8    12 
    6    14    12   -10     6     0     6     6     2   -10   -14   -12    -2 
    6   -18   -12     6   -18     6    18     6    18    -2    -4    12   -10 
  -12    12    -8    12    -4    12   -12     4   -12   -12     8     8    -4 
    0   -20     0    12     0    12   -12     0    12   -12    20     0    -4 
    6     6    -4   -18    -2   -12    18   -10    18    14     6     4     6 
   12   -18   -12    -2     0    18   -18   -12    -8     6    -8    12    -2 
   16    12     8    12   -16    16    -8    16   -12     4    -4     8    -4 
  -20    -4    20   -12    -4    -2    -8    -4     0   -12    10    20     4 
   -2     4     8   -12    14    16    10    14    12    20   -12     8    12 
   22    12    16     4   -14    16     4    -2   -14    -4    12    16   -12 
   20     2    10    10    -8     2     2    -4    16    -6    10    10    10 
   18   -20   -16    -4    10    12     6     2    20   -20   -12    16   -12 
  -12    12   -16    -4     4   -12   -24   -12   -16     4   -12    16    12 
  -22   -14   -14     2   -14    14   -10    -6    14    18    -2   -14   -14 
  -22    -6   -22   -14    14    14    -4   -14     4   -22    -2   -22    10 
   16    12     8   -12    20     4    -2    24     6    20    16     8   -20 
  -20   -12   -20    12     4    22   -20    12   -12    28    10   -20   -20 
    0    12    -4    20    -8   -12    12    16   -16    12   -20     4    28 
   -6   -12    -4   -12    22    12    12    18   -18    12     4     4   -20 
   18    22   -24   -26    18    24    -6   -14   -26     6    -2    24    22 
   -6   -10   -12    14    -6   -12    -6    -6   -22    14   -26    12   -26 
    2   -22   -26     2    22    26    -4    10    -4   -22     2   -26   -22 
  -10   -14   -18     2   -18     2    26   -26   -22     2    30   -18    18 
   12   -12   -20    12    -4   -12    12   -20     0    20    -8    20     4 
    0     4   -20   -20   -16    24    24     0   -20   -12   -20    20     4 
  -18    -2   -12    22     6    24    30    -2    -2    22     2    12    14 
    6    14     4    22   -10    18     6    22   -26    14   -24    -4     6 
    0     6    16     6   -16    -6     0     0   -18   -10   -20   -16    22 
   18    22   -12    -2    18     6    18     2    22   -10   -12    12   -18 
   16    20     8   -20    20     4    22    -8   -26    28   -24     8   -12 
    4    -4     4   -12   -20    10     4   -28   -12   -12    14     4    20 
    4   -28    -8   -12    28   -32    16   -12     0    28     4    -8     4 
  -20   -12   -12    -4   -12    -2   -20   -20   -28    -4    10   -12    28 
  -10    10    10    -6   -26    26    14    22     6   -22    10    10    10 
  -10    10    -6    -6     6   -10   -10    22   -18    10   -10    -6   -22 
   28    12    -8   -20    28    -8     4    -4   -20   -12   -12    -8    12 
  -32    20   -32    -4   -20    -8    34    -8   -22   -20    28   -32     4 
    8   -30    22    34    16   -22     8    -8    10    10    18    22    -6 
   14   -14   -18     2   -18     2    14    14     2   -14   -26   -18    34 
    0   -12   -12    12    24   -12   -12    16     0   -12    20    12   -28 
  -12   -12     4   -20    -4   -12   -12   -28     4     4   -12    -4   -12 
   -6    30   -24   -18    -6     0    30    -6   -30   -18   -26    24    -2 
  -24   -18   -24    14     0     6    36    -8    26    30   -24    24   -18 
   34   -12   -16   -20   -10   -32     4    -6    -2    20     4   -16   -20 
   22    12     8    28    14    16    22   -10    -8    28    12     8   -12 
  -30    30    32    30    10    12    18   -14   -30   -18    10   -32    -2 
  -18     6    -8    14   -22   -18    36   -10   -28   -18    -8     8    -2 
   32     2     6   -22   -36    14   -22    -8    -4   -22    22     6    10 
  -22    -6   -26   -38   -14   -10   -10    -6   -14    26   -22   -26    26 
   36   -20    12   -12    12   -12     0    20    24    28    36   -12    12 
   24   -20   -36   -12     0   -36    12     8     0    12     4    36    28 
   14     2   -14   -14    -2     2   -34   -18   -26    18    34   -14   -14 
    2    18     2   -14    26   -10    38   -14   -14   -14    22     2   -14 
   24     4    36    -4   -24    24   -24    -8   -28    36     4   -36     4 
  -12   -12    20    12     4   -12    12   -12   -24   -28   -12   -20   -12 
    6   -18    36     6    30   -12    -6   -10    18   -26     6   -36   -18 
   12     6    20     6    -8   -18    -6    36    36   -18    12   -20     6 
    8     2   -26   -38    28   -10   -10   -16    -8    10    -2   -26    10 
  -10    26     6    10   -18    26    26   -26    22    10   -10     6   -22 
   12    28   -36   -12   -12   -36    12   -36    12    12    -8    36   -20 
   18    20    -4    36    22   -12     0    -6    18    12   -12     4    12 
   24   -20   -16   -28   -20    12    30     0   -10     4   -36    16    12 
  -30    20     8   -12   -38    12    30    18    12    20   -20    -8    28 
   16    -4    -8     4   -20   -20   -14    40   -14   -12   -24    -8   -36 
   40   -12   -24     4   -24    40   -32     8   -20    44   -20   -24     4 
  -18    -2   -16     6   -14   -30    24   -26   -24    38    12    16     6 
  -42   -10   -24   -10     6    24    -6   -10    14   -42    -2    24    22 
    4    28     4    20   -20   -38    28   -28    20    36    14     4    20 
   10   -28   -16    -4    14    16   -44     2   -34     4    20   -16    -4 
  -10    18    18   -14     6    26   -10   -10    34     2    10    18    34 
  -32     4    -4   -20    32    34   -20    16    16   -20    -2    -4   -20 
   -2    20    16   -28    22     4    -2    -2     8     4     8    16    44 
  -12    12    -4   -44     4     0    36   -12     4   -36   -12     4   -36 
   -6    36    44     4    22   -36    36   -14    -2    -4     4   -44    28 
  -30    -2    32   -42    -2     6     0    42   -36    38    40   -32   -26 
   12    -2    28    30    32   -18   -18    20     0    22   -28   -28   -34 
   16   -20    32    28   -40     4   -20     0   -32   -12    16    32   -20 
    4    -4   -44   -44     4   -26    -8   -12   -20    20   -46   -44    20 
   20   -30    -6   -14   -12   -10   -16    20    22    10    30    -6    -6 
   32     2    10    18    16   -10    -4   -32    30   -38   -18    10    42 
    6   -12    -8   -12   -34    12    18   -10    36    36    36     8    12 
   12    36     8    36   -44    12   -12    28   -12    28   -48    -8   -12 
  -18    14   -44     6   -10   -42    -6   -18    18    30   -28    44   -10 
   36   -34    32    14   -20    -6    24   -44    26    30    36   -32    30 
   14   -38    10    26    22   -10   -10    -2   -10    10   -26    10    10 
    8    26    18    10    24   -10   -28   -24    22   -14   -42    18   -30 
   18    38     4   -18     2    30    -6   -30     6    38   -12    -4    30 
   30    22    12    -2   -18     0     6    -2    34    30    10   -12   -26 
   28    12    12   -12   -12    46    28    -4    36   -44   -22    12   -28 
   28    -4     4     4   -20   -26   -32    44    -8   -28    18     4    36 
   18   -18    24    -2    18   -12   -18    18   -14    14    18   -24   -18 
  -18   -42   -40    -2    10    42   -12   -42    28   -18    12    40    30 
    4    36    12    44   -36   -14     4     4   -16    28    14    12    -4 
   16   -28    20    28   -40   -38     4   -16    28    -4     6    20    12 
  -30    12   -24    12    -6    36   -18    18   -12   -36    20    24    20 
  -12   -12     0   -20     0    24    30    44    10    12   -12     0   -12 
   -4    10   -14     2    -8    26    38    20   -28    34    26   -14   -46 
   26   -30    34    34   -14   -10    14    10    10   -30     6    34   -30 
  -48     4    -4    -4    40    36    36     0   -16    20    -8     4     4 
  -36    20    -4   -36   -20   -24    12    -4    12    20   -36     4    36 
    4   -28    28    28    28    10    28     4   -20    -4   -26    28    28 
   -8     4    20    12    32    34    -8    -8    36   -36    22    20   -20 
    4    20   -20    44   -44   -26   -20    52   -28    -4    34   -20    28 
   16   -52    16   -28   -20    16   -38    40   -22    36    -4    16    -4 
   42   -18    40     6    14     6   -12    34     0    38    32   -40   -10 
  -12    46   -12    14     0   -18    -6   -20   -28    22   -12    12   -18 
  -46    -6    10    50   -26    14    20    26    20   -22   -26    10    10 
   14    50     2   -30   -34     2   -10   -18   -42    50    34     2   -14 
  -32   -12   -12    28    24    10     4    32   -44    -4    -2   -12    28 
   10    44    16     4    -2   -32    52     2    22    -4   -20    16     4 
   54   -42   -28    30    22   -24   -18    22     6    30    -6    28     6 
    6   -42   -16   -26    22    24   -30    38    22     6    46    16    22 
  -26   -44    40   -20   -14   -20    52   -50    10     4   -16    40   -52 
   16    -4   -12    20   -24    34    16    48    -4    20     6   -12    36 
   12   -28   -56    36   -52    12   -12    44   -36   -36    12    56    36 
   12   -12     0    52   -36   -12   -24    12     4    12    12     0    36 
  -10    26    38    -6   -10   -10    14    54    30    10    10    38   -38 
   54    38   -12   -18   -42   -24   -42    22     6   -18    -6    12   -42 
    6     6   -48    22     6     0    18     6    46   -42     6    48     6 
   22   -28    48   -36   -30   -32     4    -2    18   -28    52    48   -20 
  -14   -36    40   -20    34    -8   -26   -30   -44   -20   -44    40   -44 
   18    46    24   -34   -30   -12    30   -46    50    14    18   -24    30 
    0   -18     0   -18     0   -18    24    32   -42    14     0     0   -18 
   -8    36    20   -20    32    34    -8    56   -20    -4   -58    20    44 
    4   -44     4   -52   -20    22     4     4     8   -52    -6     4   -36 
  -44    28    12   -12    12   -26    28   -12    12   -12    26    12   -28 
   -8   -20     4    36    40    22    52   -24   -24   -28     2     4   -28 
   18   -18   -12     6   -30   -12   -30   -46    -6   -26    38    12    14 
  -12     6   -36   -42   -48    18    -6    12   -12   -18     8    36   -10 
  -10    -6    10   -54    -2    26   -22    38     6    42    50    10   -22 
   50    10   -38   -22    34    38   -10   -14   -10   -22   -10   -38   -22 
   24     4    -8    28   -52   -24    30    32    -2    -4    44     8    20 
  -48    -4    24   -36     0    36   -12    16   -12   -12    32   -24    -4 
   18    54    16   -42   -46    36   -18    18    -6     6   -22   -16   -10 
    6    22    52    14    14   -36    -6    22    50   -50     6   -52   -42 
    2     2     2     2    26   -22    26    18   -10    34   -38     2    34 
    0     4    12    28    24    48   -36   -16    40    20    20   -12   -28 
  -36    20   -52    12   -20   -12   -60    28   -36    20   -36    52   -12 
  -18    46   -24   -18    54    48    30    -2     6   -18   -18    24   -18 
   54    54   -48   -34    42    18   -48   -18   -16    30    44    48   -34 
   62   -62    -2   -46   -50    14    14   -34    14   -14   -38    -2   -14 
   -4    10   -34   -30   -16    62    50   -28     0    34   -34   -34     2 
   60    52     0    20    12    12   -24   -36    44    28   -60     0   -12 
   36    36    -8   -44    -4    36   -36    20    40   -52    16     8     4 
   26    10   -42   -38    -6    14    26   -38   -38   -54   -34   -42    26 
  -58    10   -10   -22   -10   -46   -22     6    14    42    22   -10    10 
   18    54    12   -18   -30   -30    -6    34    30   -10    48   -12    30 
   -6    38   -60    -2   -30    12    18    42   -26    62    14    60   -10 
  -56    12     8   -52    32    -8    28    24   -40   -12     4     8    28 
   28    60   -52     4    -4   -14    -8   -20   -20    52    38   -52   -28 
  -12    44    20   -44     4   -12    36    20    16    12     8   -20    -4 
  -12   -20    36   -28    60   -12   -60   -28   -28   -52   -12   -36    12 
   -6   -10   -60   -18    18    12    -6   -54     6   -18    14    60   -58 
   30    22     0    22   -18   -36    30    30    22     6    50     0    38 
  -44   -12   -20   -52   -44    -2   -20   -28    44    28   -14   -20    28 
   28   -44   -44    28   -44    46    28    -4    -8    -4   -22   -44   -52 
  -10   -62   -50    26    10   -46     8    62    20   -14   -30   -50    18 
   26    10   -58    26    26    26    26   -38    50    -6     6   -58    42 
  -46   -46    14   -46   -22    38    14     2   -10    50   -26    14    34 
  -34    18    46    50   -26   -34   -46   -50   -58     2     6    46    18 
   36   -12   -64    20    52    60   -24   -60   -64    28   -24    64   -60 
   24     4     8     4   -56   -12    12    24     4    12    24    -8    36 
  -20    20    24     4    60    -8    52    44     4   -36   -20    24   -44 
    4   -36   -56   -28   -32   -20    22    28    26   -28    24   -56    12 
    0    36    16    12   -52   -12   -30    56    42    44   -20   -16     4 
  -18   -20     8   -52    -2   -48   -42   -18   -16    12    12    -8   -12 
    0   -42   -16   -42    64   -30   -24   -32    30     6   -60    16     6 
  -54    54    48   -42    -6    36   -18    10    -6    38   -14   -48   -26 
   50    50    66    18    -6    14   -22   -30   -18    50    30    66    18 
  -40   -14    26     2   -40   -58    20    56   -10    42    30    26    -6 
  -66    -2    40    14    14   -48   -30    62   -22    14    14   -40   -34 
