3 0
200
    1    -1    -1 
   44     0     0 
   11     9    11 
    1     1     1 
    1 0    -3 2    -3 2 
   44    12     4 
   81 -25    81 -25    81 -25 
    1 0     1 0     1 0 
  192 -156   192 -156   192 -156 
    3 -1     3 -1     3 -1 
    3    -3    -1 
    0     0     0 
    0     0     0 

   -1     1    -1 
    1     1    -1 
    1    -1     1 
    1    -1     1 

    0     0     0 
   -1    -1     1 
    0     0     0 
   -1     1    -1 
    1     3     1 
    3     3    -1 
    1    -3    -3 
    6    -2    -2 
    1     7     5 
   -8    -4    -8 
   -4     0     4 
    2    -6     2 
   11     1    -9 
    2    -2     2 
   -6   -10     2 
   12     0   -12 
    9    -9    -7 
    5     7    -7 
  -12     4    -4 
    8   -16     0 
   -1   -13    -9 
   -4     0    -4 
    6    -6    14 
   -9     3     3 
    4   -12     4 
    4    -4    12 
   -2     2    -2 
   16     0     0 
  -13    -3    11 
    3    -9    15 
   -6     6   -14 
    6    -6     6 
  -16   -12     0 
   -6    18   -22 
   -2    -6   -18 
   20     4    12 
  -16     4     0 
    4    -8     4 
    8   -20     0 
   10   -10   -14 
   -8   -24    -8 
   25    15     1 
   -4    -4     4 
   13    17   -19 
    7   -23    27 
   -4     4   -12 
    4    12   -12 
   13    -9   -11 
   12   -12     4 
    6    -6   -10 
   -3    -7   -19 
    4    -4   -28 
   20    12    20 
  -28   -24    12 
   -7   -27    29 
   30    -6   -10 
    6     6   -10 
  -25   -33   -21 
    1   -17    -3 
  -22    22   -14 
   12     4    20 
  -20    28    12 
   -3    -7    -3 
   13    17   -27 
   -8    28    32 
  -26    34    -2 
   -9   -13   -25 
   10     2   -14 
   14   -18   -10 
   18    30    -6 
  -18   -18    -2 
  -12     0   -12 
  -10    10   -26 
   -4   -20   -20 
   17    33   -11 
   10    18    18 
  -38   -22    10 
   18    26   -22 
  -24    36    24 
   -9   -27   -33 
   35   -37    -5 
   37    29   -11 
   22    18     6 
   21    -9   -11 
   19    15    15 
    0   -36    24 
   15    23     7 
   28    32     4 
    1     3     9 
  -18   -30   -18 
   28   -36   -36 
   43    -3    19 
   36    -8    28 
   34    22   -14 
  -42    30    -2 
    7    39    27 
  -22   -38    26 
  -41   -11    11 
  -18    38   -26 
  -14    -2   -46 
  -40    -8    16 
   25   -21    17 
   31    21    47 
  -22    -6    -6 
   13   -27   -15 
   13    31   -23 
    2   -14    34 
   22    14     6 
   12    20     4 
   34    18    42 
  -28   -12   -12 
  -41    39    43 
   11    -9    15 
    0   -28    16 
  -14    26   -46 
   12     0    20 
   38     6     6 
   -8   -32    16 
  -12    28    12 
   -2    30    14 
   30     6   -10 
   29    31     1 
    9   -17     5 
   12   -12    -4 
  -12    12    36 
  -14     2   -14 
   -8    44    32 
    1    51   -15 
  -26    42   -26 
   -4   -20   -12 
  -35    19   -23 
   34    10     2 
  -23   -41   -19 
   30     6    -2 
   26   -30    42 
    2     2    18 
  -50    26   -10 
  -26    22    22 
   27    25   -17 
   22    18   -34 
  -44   -24    36 
    9    43   -19 
  -20    16     4 
   -6   -30    26 
   38   -42   -18 
   11   -25     3 
  -24    48   -16 
   42   -18   -30 
   46    22   -50 
  -30    10   -54 
  -51    45   -15 
   42   -42    10 
   16    16   -40 
  -43     7    25 
   13    -5    33 
  -15    -5    45 
  -15   -51   -27 
  -30    18    18 
   13   -19   -43 
  -56    20    48 
   36    24    60 
   44   -36    -4 
   26   -30   -14 
  -16    36    24 
   11   -25   -13 
    4    48    12 
   48   -24   -16 
    3   -21     7 
  -54    18    42 
   56    32   -24 
   -5   -61    11 
   -4    12    20 
   -6   -54   -14 
   26   -46   -22 
  -54   -46    34 
   30   -30    14 
    6    54   -42 
   23    13   -53 
   50    10    26 
   30    18   -26 
  -32   -24   -40 
    0   -60   -40 
  -30   -30   -30 
   64   -56    -8 
  -41     1    59 
  -43   -31   -43 
  -14    14    50 
  -38    14    50 
    8   -52     8 
  -26   -54   -58 
   -8   -36   -32 
  -32    28     8 
  -60   -20     4 
    1    -9   -47 
   11    -3   -45 
   18    66   -30 
  -26     6     6 
   62    62    14 
  -33    11    63 
   28   -36    60 
