3 0
25
    1    -1    -1 
   44     0     0 
   11     9    11 
    1     1     1 
    1 0     3 2     3 2 
   44    12     4 
   81 25    81 25    81 25 
    1 0     1 0     1 0 
  192 156   192 156   192 156 
    3 1     3 1     3 1 
    3     3     1 

   -1     1    -1 
    1    -1     1 
    1     1    -1 
    1    -1     1 

    0     0     0 
    0     0     0 
   -1    -1     1 
    1     3     1 
   -1     1    -1 
    1    -3    -3 
    3     3    -1 
    1     7     5 
    6    -2    -2 
   -8    -4    -8 
    2    -6     2 
   -4     0     4 
    2    -2     2 
   11     1    -9 
   -6   -10     2 
    9    -9    -7 
   12     0   -12 
  -12     4    -4 
    5     7    -7 
   -1   -13    -9 
    8   -16     0 
    6    -6    14 
   -4     0    -4 
    4   -12     4 
   -9     3     3 
