3 2
200
    1    -1    -1 
  -48     0     0 
   12     8    12 
    1     1     1 
    1 0    -3 2    -3 2 
  -48    64     8 
   63 -101    63 -101    63 -101 
   -1 -1    -1 -1    -1 -1 
   30 210    30 210    30 210 
    3 1     3 1     3 1 
   -2     2     4 

    1     1    -1 
   -1    -1    -1 
   -1    -1     1 
    1     1     1 
   -1     1     1 

   -1    -1     1 
    0     0     0 
    1     1    -1 
    0     4     0 
   -1    -1    -1 
    0    -2     0 
   -6     2    -2 
    8    -4     0 
    2    -4    -6 
    1    -1    -1 
   -6    -6    -2 
    0     6    12 
    8   -12     0 
    2     8     2 
   -4    -2     4 
    0     4    -8 
   12     0     0 
   -4   -12    -8 
    8    -8     0 
   -4    14     0 
    2   -10    -2 
    0     4     0 
   12    12     4 
   12   -14    -4 
  -18   -14    -2 
    2    -2    14 
  -10     6   -14 
   18   -12    -6 
    0    12     0 
   -6     6    14 
    6   -18   -18 
  -12   -16   -16 
   18     0    -6 
   18     6    14 
    0     6    -8 
  -16   -16    16 
   20   -20    -4 
    8   -20     8 
  -16    12     8 
  -16    10   -20 
   24    20   -16 
  -12    24    16 
   14    -2     2 
  -10   -18    -6 
   -4   -28     8 
   -4    20   -20 
  -24    -8   -12 
    6    24   -30 
   18   -26   -10 
   -6   -18    14 
  -22   -26   -18 
  -10     2    -2 
    6     4     2 
  -12    28    20 
   -6     6     6 
  -18    22     6 
  -30   -22    18 
   -6    18    10 
   20     4   -28 
  -16    -4     4 
   20   -28   -20 
   -4    -8   -12 
   14   -10     2 
   26   -34     6 
   32    16     0 
  -16    28    -4 
  -22    30   -10 
    8    22   -20 
   24   -28    -8 
   12    12    -4 
   30   -34    18 
    0     2     4 
    2     8     6 
   38    12   -10 
    0     6    12 
   18    34   -30 
   -4   -22    24 
   14    10   -18 
   12     4   -12 
   30   -12    -6 
   20   -30     4 
  -16    26    24 
  -12   -16    24 
   36    -4    -4 
   42    18    -2 
    6     2    30 
   38    -2   -14 
  -16   -38    -8 
  -12   -12   -36 
   -6    -8    -2 
   12   -12   -36 
   36   -20   -20 
   -4    -4   -16 
    8   -16     0 
   18    10   -22 
  -36    22     0 
  -10   -24   -10 
   20    28   -12 
   14    10    -2 
   26    28    -2 
   20    28   -28 
    0    24   -20 
   -6     8   -34 
  -18    -6     6 
    6    -6    30 
   -4     8   -12 
   -4    44   -28 
    2    46    -2 
    2   -18    22 
   42    36    18 
  -12   -36    28 
   30   -34     6 
  -24    26     4 
    2   -22     2 
  -28   -26    -4 
   18   -18   -38 
   30     6    -6 
   20   -12   -28 
   -4   -44    -4 
  -12   -34    24 
  -18     2   -10 
  -34    28   -14 
   26   -32   -30 
  -48   -28     8 
  -36   -20    20 
   38   -26   -38 
   -4   -14    28 
   24    -4    24 
  -12   -48     0 
   44    -4    12 
  -52    36   -20 
   20   -28    44 
  -40   -44    20 
   -6   -22    10 
  -42    42   -26 
  -22    22     6 
   50     2   -30 
  -22    40     2 
   20   -36   -44 
    6    -6    50 
  -24    -2   -12 
  -10     0   -22 
  -16    52    16 
   12    -4   -12 
  -12    12   -12 
  -22    -6   -38 
   42     6   -42 
  -18   -10   -38 
  -10    56   -14 
   50    36    50 
  -42   -26    -2 
  -18    18    46 
    2    24     2 
  -10     4    10 
   26   -32    42 
   26   -28    14 
   30   -46    42 
   42   -38    -6 
   38    30   -54 
  -34    34    38 
  -12    12   -12 
    0    12    24 
    6   -26   -30 
  -30    22    14 
  -46   -14   -38 
   36    12   -28 
    6   -28    42 
  -18    46    18 
  -42    18    58 
   14    50   -42 
   20    -6    -8 
  -42   -40    46 
   36   -32    48 
   14   -10    -6 
   62   -14    46 
   42   -38    58 
   12    10   -44 
   44    -8    36 
   20    12    -4 
   30    12   -30 
  -36   -28   -12 
   30     6    18 
    6     6    42 
   44    44    24 
  -28    -8    28 
   38    38   -22 
   38   -14    38 
  -46    46   -34 
  -34    38    34 
  -36    36   -20 
    0   -20    -8 
  -28   -40   -20 
   -4   -20    16 
  -36    36   -12 
   42   -28    42 
  -36   -14    56 
   42   -42    -2 
  -58   -38   -58 
   20   -34    12 
    6   -18   -30 
