1 0
200
   -1 
    0 
    1 
    1 
    3 2 
  256 
   50 66 
   -1 0 
  -99 -132 
    2 0 
 -192 
    0 
    0 

    1 
    1 
    1 
    1 

    2 
    0 
   -1 
   -1 
   -1 
    6 
    0 
    0 
    0 
    2 
   -1 
    6 
   -4 
   -4 
   -4 
   12 
    8 
  -14 
   -4 
  -14 
   -4 
  -14 
    6 
   10 
    8 
   10 
   -4 
   12 
  -12 
    6 
  -12 
    2 
   -2 
  -10 
    4 
    4 
   12 
  -16 
  -20 
  -20 
   12 
   -6 
  -14 
  -14 
   20 
  -10 
   -8 
   -4 
  -18 
  -14 
    0 
  -18 
  -30 
    0 
   22 
   -6 
   20 
    2 
  -28 
   -4 
   -8 
  -34 
  -14 
   26 
   -4 
   -4 
    2 
   14 
  -32 
   14 
  -18 
   -6 
  -28 
  -20 
   -2 
  -20 
   -6 
   30 
  -20 
   16 
   14 
  -30 
   36 
   -6 
    2 
   38 
   28 
   -6 
    0 
   36 
  -12 
   28 
  -28 
   32 
  -10 
  -14 
  -42 
   24 
   34 
   42 
   36 
   32 
    4 
   32 
   24 
    8 
  -28 
  -20 
   10 
  -44 
    6 
   24 
    6 
  -38 
   20 
  -22 
   22 
  -44 
  -36 
   -2 
  -12 
   -8 
  -22 
  -40 
   -4 
  -44 
    2 
  -26 
  -20 
   34 
   16 
  -46 
  -40 
  -48 
   20 
   34 
   30 
    6 
   12 
   50 
  -22 
   44 
  -50 
   -2 
   44 
  -14 
   38 
   22 
   32 
    4 
   30 
  -12 
   12 
  -46 
  -10 
  -42 
   34 
   42 
   36 
   38 
  -20 
    8 
   26 
  -22 
   -2 
  -28 
  -54 
    2 
  -18 
    6 
  -20 
  -22 
    0 
   20 
  -54 
   14 
  -14 
  -44 
    2 
  -12 
    8 
  -30 
  -42 
  -16 
  -12 
  -28 
   34 
  -36 
  -56 
   16 
    6 
   40 
   24 
  -12 
   12 
   60 
  -58 
   -2 
  -12 
   -2 
