2 0
200
    1    -1 
   -2     0 
    1     2 
    1     1 
    1 0     3 2 
   -2    12 
  -29 48    93 54 
    1 0     2 0 
   66 77   154 -66 
    1 -1     1 -2 
   -4     4 
    0     0 
    0     0 

    1    -1 
    1     1 
    1     1 
   -1    -1 

   -1     1 
    3     2 
    0     0 
   -1    -1 
   -1    -1 
    2    -2 
    6     2 
    0     4 
   -2     0 
   -2    -8 
    1     0 
    0    -2 
   -9    -6 
   10    -8 
   -1    10 
   -4     8 
   10     4 
    1     1 
    5   -12 
   -3   -10 
    6   -16 
    9     4 
   -4   -14 
  -10     2 
    0    10 
    2   -10 
    2    -6 
   -3    18 
    9    -4 
    9     0 
   -4    -2 
    6     8 
  -18    12 
   21    18 
    0   -18 
    4   -16 
    1   -14 
    8    -4 
   -4    16 
    7   -10 
   23   -20 
    0    20 
   -5   -12 
   -5     2 
   23   -20 
    4   -22 
   10    24 
  -16    -8 
    8    10 
   17    10 
   15     6 
   14     4 
   24     0 
  -15   -30 
  -27     0 
   13     8 
    3     8 
  -20    -6 
   -6    20 
   26   -12 
    3   -28 
   -7   -34 
   17   -26 
   22   -22 
   12    20 
   13   -26 
   17    12 
  -20   -14 
    0     0 
  -15   -18 
   12    18 
    9   -30 
   25    36 
  -16   -20 
    2    14 
  -34    32 
  -10   -18 
   -3    10 
    6   -12 
  -18     0 
   -6     4 
    2    -6 
  -23    30 
  -16    -8 
   18    38 
  -10   -38 
   22    22 
   -2    34 
   14    -8 
   34     4 
   12    12 
    2     0 
    6    -4 
  -11   -18 
    6     2 
   -1    -8 
   17    -4 
  -35    26 
  -14    26 
    4   -28 
  -18   -12 
  -14     8 
  -12    30 
   -9     6 
   -1   -20 
   40   -32 
   28    -4 
    9    14 
   -2    -2 
   15   -12 
   20    40 
  -12     6 
   34   -24 
    4   -14 
  -18   -10 
  -16    18 
   32     6 
   -2    32 
  -32     4 
   -8    50 
  -15    12 
   -1    30 
  -33    14 
   35   -38 
  -21     4 
   18    26 
   33    14 
  -32    40 
   15    18 
   -8    -8 
  -22    48 
  -20    40 
   12     4 
  -40   -42 
  -42   -54 
  -23    34 
  -42   -22 
    4     4 
   -4    -4 
   38    -6 
  -10   -38 
    8    12 
    7   -20 
    3    28 
    3    18 
  -14    50 
  -21   -20 
   24    -2 
  -19   -36 
   -1    36 
  -26     2 
    0    -2 
   -8   -20 
   36    10 
   32    14 
   11   -22 
   56   -18 
   21    -6 
   23    54 
  -10    -6 
    4    26 
   -3   -10 
   15     6 
  -22    12 
   10    48 
  -20   -14 
   39   -42 
   30    20 
   -9    24 
  -28   -50 
   10    10 
   10   -52 
   20    48 
   44   -34 
  -11    20 
  -38    50 
   42    40 
   48   -16 
  -12     2 
   32     4 
    0   -20 
  -15   -34 
   47    48 
  -46   -16 
  -31    20 
   22     6 
  -40   -26 
   36   -22 
   10    -2 
  -47    -6 
   20    36 
   30   -44 
  -15   -38 
   -9   -44 
  -42     0 
   34    -6 
  -48   -30 
   48   -54 
  -50    18 
  -28   -46 
