4 0
25
   -1     1     1    -1 
    0    48   -48     0 
   16    12    12     8 
    1     1     1     1 
    3 2     1 0     1 0    -1 6 
   16    48   -48    16 
 -111 -85  -111 -85   -15 -25  -111 -85 
   -1 1    -1 1     1 0    -1 1 
   72 216    72 216   -96 -60    72 216 
    3 -1     3 -1     3 -1     3 -1 
   -2     4    -4     2 

   -1    -1    -1    -1 
   -1    -1    -1    -1 
    1     1    -1    -1 
    1    -1     1    -1 

    0     0     0     0 
    0     0     0     0 
   -1    -1     1     1 
   -4     0     0     4 
    0     4    -4     0 
   -6     2     2    -6 
   -2     6     6    -2 
    4     4    -4    -4 
   -1     1    -1     1 
    2     2     2     2 
    6    10    10     6 
   -6     2     2    -6 
   -4     4    -4     4 
   12    -4     4   -12 
   -6     2     2    -6 
   12     0     0   -12 
    4     0     0    -4 
    8    12   -12    -8 
    4     4    -4    -4 
    6    10    10     6 
   -2    10    10    -2 
   -4   -12    12     4 
  -12     0     0    12 
   -2    -2    -2    -2 
    6     6     6     6 
