6 0
25
    1     1    -1     1    -1     1 
  -10     0     0    12     0   -18 
    5     5     5     3     3     3 
    1     5     1     1     5     1 
    1 0     3 4    -3 2     1 0    -3 2     1 0 
  -10    40    64    12    40   -18 
  -69 -21   -39 34   -39 34   -69 -21   -39 34   -69 -21 
    1 0     1 0     1 0     1 0     1 0     1 0 
 -112 48    96 112    96 112  -112 48    96 112  -112 48 
    1 -1     1 -2     1 -2     1 -1     1 -2     1 -1 
   -5     5     3    10    15    -9 

   -1     1    -1    -1     1     1 
    1    -1    -1     1     1    -1 

    0     0     0     0     0     0 
   -1    -1    -1     1     1     1 
   -1     1     1    -1    -1     1 
   -5    -5     3    -3     5     5 
    4     0     0     0     0    -4 
    4     2     6     6     2     4 
    4    -8     0     0    -8     4 
   -7     1    -7     7    -1     7 
    8    -6    -2     2     6    -8 
   -6    -4    -8    -8    -4    -6 
    3    -3    -3    -3    -3     3 
    0    -8     0     0    -8     0 
    6    -4     8    -8     4    -6 
   -6    -6    10   -10     6     6 
   -1    -5    -5    -5    -5    -1 
   -7    -9    -9     9     9     7 
   14     4     0     0    -4   -14 
   -1     1     1    -1    -1     1 
  -11    -3    13   -13     3    11 
   14     6    -2    -2     6    14 
  -10    -4    16    16    -4   -10 
    6    -6    -6     6     6    -6 
    9    11     3    -3   -11    -9 
   10     0    12    12     0    10 
   -2     0    12    12     0    -2 
