2 0
100
   -1     1 
    0  -960 
   12    12 
    5     5 
   -3 2     1 0 
  640  -960 
    9 11     9 11 
    1 0     1 0 
   48 24    48 24 
    3 -1     3 -1 
   40   -40 

   -1    -1 
    1    -1 
   -1    -1 

    0     0 
   -1     1 
    0     0 
    0     0 
    0     0 
    2     2 
   -2    -2 
   -4     4 
   -4     4 
   -6    -6 
   -2    -2 
    2     2 
   -4     4 
   -4     4 
   10    10 
    4    -4 
   -4     4 
  -12    12 
  -12    12 
   -6    -6 
   -6    -6 
  -16    16 
   16   -16 
  -10   -10 
   10    10 
    2     2 
    2     2 
  -12    12 
   12   -12 
    6     6 
   -6    -6 
  -20    20 
   20   -20 
  -18   -18 
   18    18 
   -4     4 
   -4     4 
    4    -4 
    4    -4 
   10    10 
   -4     4 
    4    -4 
   -6    -6 
   -6    -6 
   20   -20 
   20   -20 
    8    -8 
   -8     8 
  -14   -14 
   14    14 
    2     2 
    2     2 
    0     0 
    0     0 
  -18   -18 
   18    18 
  -18   -18 
   18    18 
    4    -4 
    4    -4 
  -12    12 
  -12    12 
  -14   -14 
  -14   -14 
  -20    20 
  -20    20 
    2     2 
    2     2 
    8    -8 
   -8     8 
   -6    -6 
    6     6 
    4    -4 
    4    -4 
   18    18 
  -18   -18 
   10    10 
   10    10 
   24   -24 
  -24    24 
  -14   -14 
  -14   -14 
   24   -24 
  -24    24 
   30    30 
  -30   -30 
  -22   -22 
  -22   -22 
    8    -8 
   -8     8 
   20   -20 
  -20    20 
  -36    36 
  -36    36 
  -42   -42 
   42    42 
   36   -36 
   36   -36 
  -30   -30 
  -28    28 
