1 0
200
    1 
    4 
    1 
    1 
    1 0 
    4 
   37 48 
    1 0 
  132 11 
    1 -1 
    2 
    0 
    0 

    1 
   -1 
   -1 
   -1 

   -1 
    3 
    3 
    1 
    1 
    0 
   -2 
    5 
   -8 
    2 
    5 
   -6 
    4 
   -1 
   -8 
   10 
   -1 
    2 
   14 
    1 
   -6 
    9 
    3 
    5 
  -14 
   -7 
   10 
   -2 
    6 
   -8 
    1 
   -7 
  -15 
    6 
   20 
   -3 
   11 
   -9 
   -2 
  -12 
    0 
   18 
    2 
   -4 
   16 
   15 
   12 
    0 
  -11 
  -11 
    1 
  -14 
   -3 
    8 
  -18 
   27 
  -26 
  -30 
    0 
   22 
   17 
   -4 
   13 
    4 
   17 
  -20 
  -14 
    6 
  -32 
   31 
   14 
   -3 
  -12 
   20 
   20 
    0 
  -18 
  -31 
  -14 
   20 
  -32 
   -5 
  -24 
  -27 
   -8 
  -15 
  -17 
  -38 
   28 
   14 
    0 
  -15 
  -16 
  -26 
   -7 
  -32 
  -15 
   18 
   14 
   -4 
   16 
   -8 
   -8 
  -42 
    5 
    7 
   31 
   14 
  -14 
   45 
   -9 
  -15 
  -26 
    9 
  -23 
   18 
  -23 
   12 
   10 
   33 
  -35 
    2 
   36 
  -30 
   33 
   -6 
  -37 
  -24 
  -12 
  -33 
  -30 
   36 
   20 
    6 
   34 
  -23 
   13 
   40 
   12 
   24 
   -5 
  -20 
  -38 
  -43 
  -28 
  -14 
  -40 
   11 
  -50 
   51 
   18 
   13 
   43 
  -34 
  -28 
   50 
   -5 
  -50 
    2 
  -42 
   50 
  -12 
   47 
   28 
   -7 
   46 
   -4 
   45 
   20 
  -49 
  -41 
  -44 
  -24 
   -6 
   24 
   24 
   20 
    2 
   12 
  -28 
   -5 
  -21 
  -56 
  -59 
  -28 
  -67 
   11 
   54 
   13 
  -18 
   18 
  -30 
  -40 
   52 
  -17 
  -38 
   42 
   17 
  -30 
   -9 
