2 0
200
   -1     1 
    0   -72 
   16    12 
    1     1 
   -3 2     1 0 
   96   -72 
  -27 11   -27 11 
    1 0     1 0 
  -60 60   -60 60 
    3 -1     3 -1 
    6    -6 
    1     1 
    0     0 

   -1     1 
   -1    -1 
   -1    -1 
   -1    -1 

    0     0 
    1     1 
    1     1 
   -4     0 
   -4     0 
   -6    -2 
   -6    -2 
   -4     4 
   -4     4 
    1     1 
   -6    10 
   -6    10 
   12    -4 
   12    -4 
  -14     2 
   12     0 
   12     0 
    4    -4 
    4    -4 
   -6   -14 
   -6   -14 
  -12    12 
  -12    12 
   10     2 
   10     2 
    2     2 
    2     2 
   -4     4 
   -4     4 
   -6     6 
   -6     6 
    4    16 
    4    16 
    2   -18 
    2   -18 
    4   -12 
    4   -12 
    4    -4 
    4    -4 
   10    10 
  -12     8 
  -12     8 
  -14    -6 
  -14    -6 
   12    12 
   12    12 
  -28   -12 
  -28   -12 
    2   -10 
    2   -10 
  -14     2 
  -14     2 
   28    -8 
   28    -8 
   10     6 
   10     6 
  -22     2 
  -22     2 
   -4     4 
   -4     4 
  -28     4 
  -28     4 
   10   -14 
   10   -14 
  -28    28 
  -28    28 
    2    10 
    2    10 
   12   -36 
   12   -36 
   26   -18 
   26   -18 
    4     4 
    4     4 
  -14    -6 
  -14    -6 
   26   -38 
   26   -38 
   36   -16 
   36   -16 
  -30    10 
  -30    10 
   -4    12 
   -4    12 
  -30    26 
  -30    26 
  -22   -38 
  -22   -38 
  -28   -20 
  -28   -20 
  -36   -40 
  -36   -40 
  -20    20 
  -20    20 
   42   -14 
   42   -14 
   -4    36 
   -4    36 
  -46    18 
   36     4 
   36     4 
    4    36 
    4    36 
   -6   -14 
   -6   -14 
  -12   -20 
  -12   -20 
    2    34 
    2    34 
   -4    36 
   -4    36 
   -6    22 
   -6    22 
   26   -22 
   26   -22 
    2   -26 
    2   -26 
  -28   -28 
  -28   -28 
   18    18 
   18    18 
    4   -36 
    4   -36 
    4   -16 
    4   -16 
  -14   -22 
  -14   -22 
   28    36 
   28    36 
  -20     4 
  -20     4 
   -4     4 
   -4     4 
   26    50 
   26    50 
  -30   -30 
  -30   -30 
    4    12 
    4    12 
   -6    -6 
   -6    -6 
  -28   -12 
  -28   -12 
  -36   -20 
  -36   -20 
  -54   -22 
    2    38 
    2    38 
    4    36 
    4    36 
    2    26 
    2    26 
   52    28 
   52    28 
   28    28 
   28    28 
  -30    -6 
  -30    -6 
   42    26 
   42    26 
  -60   -44 
  -60   -44 
  -14   -18 
  -14   -18 
    2   -62 
   12   -56 
   12   -56 
   58   -50 
   58   -50 
  -14     2 
  -14     2 
  -20    16 
  -20    16 
   26    34 
   26    34 
  -22   -30 
  -22   -30 
    4   -12 
    4   -12 
   20   -16 
   20   -16 
   18    30 
   18    30 
   20    -4 
   20    -4 
  -22   -38 
  -22   -38 
  -14    58 
  -14    58 
  -36    60 
  -36    60 
   12    28 
   12    28 
   36    -4 
   36    -4 
  -14   -34 
  -14   -34 
   50   -14 
   50   -14 
  -22   -42 
