1 0
200
    1 
    0 
    5 
    1 
    1 6 
 4608 
   87 -26 
    0 1 
  -78 -130 
    3 0 
  -48 
    0 
    0 

   -1 
    1 
    1 

    1 
   -1 
   -3 
   -4 
    0 
   -3 
    1 
   -8 
   -4 
    3 
  -12 
  -12 
    9 
   -7 
    1 
  -10 
   -1 
  -14 
    8 
    6 
   -4 
    8 
   -6 
    6 
  -14 
   14 
   10 
  -12 
   -4 
   -2 
    6 
  -15 
  -11 
  -10 
  -12 
    5 
   -5 
  -14 
  -20 
   -1 
   -9 
   -1 
  -16 
   18 
    9 
  -19 
  -20 
  -22 
  -19 
   -9 
  -22 
    4 
   20 
  -16 
   19 
    3 
   24 
   -2 
   28 
   24 
    8 
    2 
  -19 
   11 
    6 
   30 
  -25 
   -3 
  -17 
  -25 
   14 
   30 
  -16 
   24 
   -2 
   36 
    4 
  -20 
   -1 
  -29 
   29 
   -7 
   15 
  -13 
  -28 
    4 
    2 
    0 
   36 
  -40 
   11 
  -27 
  -36 
  -32 
   25 
    9 
   44 
  -16 
  -26 
    5 
  -41 
   11 
   15 
  -21 
  -39 
    5 
    5 
  -32 
    2 
  -42 
  -26 
  -36 
   48 
   23 
   37 
  -14 
  -12 
    4 
   34 
   -2 
   14 
  -16 
   -6 
    0 
    4 
   17 
   23 
  -28 
   12 
  -38 
   26 
    4 
   40 
    2 
  -38 
   18 
   22 
    8 
  -52 
  -39 
  -17 
    4 
   20 
  -48 
   54 
   42 
   18 
  -18 
   12 
    0 
   17 
   15 
    3 
    9 
   19 
  -11 
   -8 
  -34 
   42 
   54 
   -2 
   -2 
   23 
   35 
   30 
  -55 
  -45 
  -16 
  -48 
   34 
  -58 
   34 
  -18 
  -46 
   12 
   -9 
    3 
   34 
  -22 
   56 
  -12 
    0 
   48 
  -46 
   60 
  -20 
  -16 
  -49 
   17 
  -18 
   24 
   45 
   -7 
  -19 
   -1 
   62 
  -22 
  -28 
  -50 
   42 
