26 2
25
   -1     1     1     1    -1     1     1    -1     1    -1    -1    -1     1     1     1     1    -1    -1    -1    -1     1    -1    -1    -1     1     1 
    0     0     0  -128     0   -28   -28     0   -28     0     0     0   -24   -24   -48   -48     0     0     0     0   -40     0     0     0   -64   -12 
   18    16    16    16    16    14    14    14    14    12    12    12    12    12    12    12    12    10    10    10    10     8     8     8     8     6 
    1     1     1     1     1     1     1     1     1     1     5     5     1     1     1     1     1     1     1     1     1     1     1     1     1     1 
    0 0     0 0     0 0     1 0     0 0     1 0     1 0     0 0     1 0     0 0     0 0     0 0     1 0     1 0     1 0     1 0     0 0     0 0     0 0     0 0     1 0     0 0     0 0     0 0     1 0     1 0 
    0     0     0  -128     0   -28   -28     0   -28     0     0     0   -24   -24   -48   -48     0     0     0     0   -40     0     0     0   -64   -12 
 -183 -13   -39 -13   -39 -13   -39 -13  -183 -13  -183 -13   -39 -13  -183 -13  -183 -13   105 -13  -183 -13  -183 -13  -183 -13   -39 -13  -183 -13   -39 -13  -183 -13  -183 -13  -183 -13  -183 -13   -39 -13  -183 -13  -183 -13  -183 -13   -39 -13   -39 -13 
   -1 1     1 0     1 0     1 0    -1 1    -1 1     1 0    -1 1    -1 1     0 1    -1 1    -1 1    -1 1     1 0    -1 1     1 0    -1 1    -1 1    -1 1    -1 1     1 0    -1 1    -1 1    -1 1     1 0     1 0 
  288 144  -144 0  -144 0  -144 0   288 144   288 144  -144 0   288 144   288 144  -144 -144   288 144   288 144   288 144  -144 0   288 144  -144 0   288 144   288 144   288 144   288 144  -144 0   288 144   288 144   288 144  -144 0  -144 0 
    3 -1     3 -1     3 -1     3 -1     3 -1     3 -1     3 -1     3 -1     3 -1     3 -1     3 -1     3 -1     3 -1     3 -1     3 -1     3 -1     3 -1     3 -1     3 -1     3 -1     3 -1     3 -1     3 -1     3 -1     3 -1     3 -1 
   -3     6     2     2    -1    -4    -2    -1    -1    -1   -25    -5    -2    -2    -5    -2    -2    -4    -1    -2    -2    -3    -3    -5    -2    -2 

   -1    -1    -1    -1     1     1     1     1     1     1     1     1    -1    -1    -1    -1     1    -1    -1    -1    -1     1     1     1    -1     1 
    1    -1     1    -1     1     1    -1    -1    -1     1    -1    -1     1     1    -1    -1     1    -1     1    -1    -1    -1     1    -1     1     1 
   -1    -1     1    -1     1    -1     1    -1     1     1    -1    -1     1     1    -1    -1     1     1    -1     1    -1    -1     1    -1     1    -1 

    0     0     0     0     0     0     0     0     0     0     0     0     0     0     0     0     0     0     0     0     0     0     0     0     0     0 
    0     0     0     0     0     0     0     0     0     0     0     0     0     0     0     0     0     0     0     0     0     0     0     0     0     0 
    0     0     0     0     0     0     0     0     0     0     0     0     0     0     0     0     0     0     0     0     0     0     0     0     0     0 
   -6    -4    -4    -4    -4    -2    -2    -2    -2     0     0     0     0     0     0     0     0     2     2     2     2     4     4     4     4     6 
    2    -4    -4    -4    -4    -2    -2    -2     6     0     0     0     0     0     0     0     0    -6     2     2     2     4     4     4     4    -2 
   -4    -6    -4     2     4    -4     2     2    -6    -8    -2    -2     0     0     6     6     8    -6    -4     2     2    -6    -4     2     4    -4 
   -6    -6    -4     2     4     2    -4     2    -4     8    -2    -2     0     0     6     6    -8    -4     2    -4     2    -6    -4     2     4    -6 
    4     0    -4     8     4     4     4    -2    -4     0    -4     4    -8     8    -4     4     0     4    -4    -4     2     0     4    -8    -4    -4 
    4     0    -4     8     4     4     4    -2    -4     0     4    -4     8    -8     4    -4     0     4    -4    -4     2     0     4    -8    -4    -4 
   -2   -10    -6     6    -6     6     6    -6    -2    -6     6     6    10    10    -2    -2    -6    -2     6     6    -6   -10    -6     6    -6    -2 
   -2     2   -12    -6    12     6     0     6     0    -8    -2    -2     0     0     6     6     8     0     6     0     6     2   -12    -6    12    -2 
    0     2   -12    -6    12     0     6     6    -2     8    -2    -2     0     0     6     6    -8    -2     0     6     6     2   -12    -6    12     0 
   -4    -8    12     0   -12    12     0    -6    -8     0    -4     4    -8     8    -4     4     0     8   -12     0     6     8   -12     0    12     4 
    8    -8    12     0   -12     0    12    -6     4     0     4    -4     8    -8     4    -4     0    -4     0   -12     6     8   -12     0    12    -8 
   10   -10   -10   -10   -10     2     2     2    10    14   -10   -10    -2    -2    -2    -2    14    10     2     2     2   -10   -10   -10   -10    10 
   -8    -4    -8     4    -8     8    -4    14    -4     0     4    -4     0     0    12   -12     0     4    -8     4   -14     4     8    -4     8     8 
    4    -4    -8     4    -8    -4     8    14     8     0    -4     4     0     0   -12    12     0    -8     4    -8   -14     4     8    -4     8    -4 
  -12    -4    -8     4     8    -4    -4   -10    -4     0   -12    12    16   -16    -4     4     0     4     4     4    10     4     8    -4    -8    12 
    4    -4    -8     4     8    -4    -4   -10    12     0    12   -12   -16    16     4    -4     0   -12     4     4    10     4     8    -4    -8    -4 
   14   -10     2   -10     2   -10    14    14     6    -6     6     6    10    10    -2    -2    -6     6   -10    14    14   -10     2   -10     2    14 
    6   -10     2   -10     2    14   -10    14    14    -6     6     6    10    10    -2    -2    -6    14    14   -10    14   -10     2   -10     2     6 
    6    12   -12    12   -12    18    -6    -6    -6     0    16   -16     0     0     0     0     0     6   -18     6     6   -12    12   -12    12    -6 
    6    12   -12    12   -12    -6    18    -6    -6     0   -16    16     0     0     0     0     0     6     6   -18     6   -12    12   -12    12    -6 
  -18    -2     8    14    -8    14   -16     2     0    16   -10   -10     0     0     6     6   -16     0    14   -16     2    -2     8    14    -8   -18 
    0    -2     8    14    -8   -16    14     2   -18   -16   -10   -10     0     0     6     6    16   -18   -16    14     2    -2     8    14    -8     0 
