5 4
200
    1     1    -1     1     1 
   32    24     0    16   -80 
   16    12    12     8     8 
    1     1     1     1     1 
    1 0     1 0     5 0     1 0     1 0 
   32    24    24    16   -80 
  -27 -25   -27 -25  -159 -73   -27 -25   -27 -25 
    1 0     1 0    -1 1     1 0     1 0 
 -132 -48  -132 -48   168 228  -132 -48  -132 -48 
    3 -1     3 -1     3 -1     3 -1     3 -1 
   -1    -1     2     3    -5 
    0     0     0     0     0 
    0     0     0     0     0 

   -1    -1     1    -1    -1 
    1     1     1     1    -1 
   -1     1     1    -1     1 
   -1     1     1    -1    -1 

    0     0     0     0     0 
   -1    -1    -1    -1     1 
    0     0     0     0     0 
   -4     0     0     4     4 
   -5    -1     3    -5     1 
    1    -1    -1     1     1 
    5    -5     3    -3    -3 
    2     2    -2     2     2 
    8     0     4     0     4 
    6    -2     2    -2     2 
   10     6    -6     2    -2 
    7    -3     9    -9     3 
    3     5   -11     3   -11 
   -1   -11     1     7   -11 
    2    -6   -10     2     6 
   -6     6    -6     2    10 
    6     6    -6     6    -2 
   14    14    -2    -2     2 
    0     8     4    16     4 
    1    -3    -7    -7   -11 
    0     8     8    -8    16 
   -6     6    -6     2    -6 
   -6    -6   -18   -14    -6 
   15    -7     9    -9     7 
  -14    14     6   -14    -6 
    6    -6    14    -2     2 
  -13   -13   -13    19    11 
   15    15    -9    -9    17 
   12    -8   -12     4   -16 
  -18     2    -6    14     6 
   16   -12     0   -16    12 
  -18   -14     6    -2    22 
  -16     0     0     0     0 
   -8     8   -12    -8   -12 
   10   -10    18    18   -10 
   16    -8     4    16    20 
    9    19     7   -15    -5 
    1     3   -17     9    19 
    2    -2    -2    10    -2 
  -11     5   -19     5   -11 
  -15     1   -15     9    -9 
    1   -15   -15     9    15 
   14     2     2    -2    14 
  -25    -5    -1    -1    11 
   -1     5   -23     7   -11 
   20    12     4     4   -12 
   12    12   -24    12   -16 
  -12   -12   -12   -12    12 
   21    15   -21   -27     9 
   14    18    -6     6   -10 
  -23    29    17     1    13 
    4    -8     8    20     4 
   -5   -17     3    11    25 
   -9   -13    15    23    13 
    8   -28   -12     8    24 
  -24   -12   -12     0     8 
   18     6     6    18   -30 
  -13     9    -3    19    -1 
   -9    21     1    -1   -11 
  -22    -6   -14    18    14 
   28   -12   -20    28    28 
  -17    21    25   -25     5 
  -30     2    26   -14    10 
  -12    -8     8    -4     4 
   -8    -8    -8    -8    24 
    0    24   -32   -16     8 
   -5    -9   -13   -13    -1 
   10    14    26     2   -34 
   11    15   -21   -21    33 
   16     8    24    16    32 
   -5     1    21    11    -9 
  -13   -11    21    11    11 
   36   -20    16    -4    24 
    0    24    16    16    -8 
   18   -34   -18    10    18 
   23     1     9   -33   -17 
   16    20    -4   -24    -8 
   16     0    20    24    -4 
   18   -26    30    18   -26 
    9   -19   -15   -39    -5 
    2    34   -34   -30   -26 
    0    16   -16     8   -16 
    1    21   -39     1   -21 
  -12     4    36   -28    12 
  -12   -40   -24    28   -12 
  -13   -15    21    35    -9 
   28    20   -28   -20   -20 
   38    18   -22   -34   -18 
  -32    24     0    32    24 
   15    -5    15    -1    21 
  -12     4    12    20    20 
  -31    33     9   -39   -33 
   31    29     1   -25     5 
   -2    14   -14    38   -34 
  -26    18    -6    22    -2 
  -32     4   -12    32   -32 
  -30   -10   -26     2    14 
    8   -20    16    16    20 
   16    12     8     8    20 
  -12    28     4    20   -28 
   28    44    28    20   -28 
    6    -6    42   -18    26 
    0   -12   -24     0     4 
  -46   -42   -18    34    10 
   24     0    24   -32     0 
    7     1   -23     7    33 
   32    20   -44   -40    32 
  -23    29   -31    33   -27 
   14   -10    38    30   -34 
    3   -13     3   -21     5 
   21    21    -3   -35    35 
  -14   -14     6   -22   -10 
   24    36     0    48   -12 
   33   -27    -7    25   -19 
  -22    30   -10    10     2 
  -21    -7    21    27    15 
  -42     6    18     6     2 
   41    31     7    -7    -1 
    6   -10    10   -18   -42 
  -18    34    18   -18    -2 
    6    34    18   -10   -10 
   42    14    10     2    10 
  -20    12     4   -20    28 
   24    16     0    32     8 
  -48   -40     0   -24   -24 
  -19    29   -43   -19    45 
    4    32   -40    20    44 
    3   -41     3     3     9 
   20    32    24    20   -12 
  -37    13    13    -5    -3 
   30   -10    46    46    -6 
  -34    30   -26    46    -6 
   12   -20    40   -36   -40 
   36    -8    36   -12   -32 
   12    -8    12    20     0 
   41    29    41    33   -11 
  -25   -29    47    31    35 
    4     8   -32    12    36 
  -44   -28    28    36   -12 
   38    10   -54   -26    38 
  -24   -16    12     0   -12 
  -52    40   -20   -12   -16 
  -11    55    43    29    -9 
   13   -11    -3     5     3 
  -10    30   -18    54    -6 
  -32   -40    20   -24   -12 
   46    34     6    22    18 
   -9    21    33   -41   -45 
   25     7    31    41   -41 
    7    37     1   -17   -19 
    0   -20     0   -24    20 
  -57     9     9   -49    15 
  -24     4    16    56    -4 
  -22    26    -2     2     2 
   28    -8   -44   -36   -40 
  -28   -20    28     4    28 
  -34    10    42    30   -18 
  -24   -24   -36   -24   -36 
  -52     8   -16    52    20 
  -10    -2    14    -2    54 
   10   -18    18    18    26 
  -57    39    39   -33   -15 
    6     2   -54   -10    30 
   53    51    27   -19    13 
  -52    16     8    20   -44 
    8    40     0     0     0 
  -32    16   -12   -48   -60 
   18    -2    54    10    -6 
  -24    28   -12     0    16 
   51    -5    35    35   -13 
   24     4   -16   -16    44 
  -44   -20     0   -12   -48 
    6     2   -30    54    58 
   34   -22   -34    34   -34 
   32   -32     8   -24    40 
   39    21    33     7    -5 
   50    50    30    18    30 
   60   -12   -20    -4    44 
   -8    28    -8    48   -52 
    6     2     6    30    -2 
   12   -36    60    60   -60 
   58    54    18    10    54 
   18   -42    42   -30   -42 
   -1    25     1    31   -55 
  -20   -52   -44    60    -4 
   60    52   -40    -4    56 
   38   -18   -58   -26   -50 
   38   -18   -10    22    46 
  -16   -20   -16    56   -20 
   15    15    -9    55    57 
    8    24   -36    16   -36 
  -14   -42    10    -6   -38 
  -16    48   -20    -8     4 
  -37   -45     3   -13    53 
  -40   -28    36    16   -40 
  -12    56   -36   -28    40 
  -35    31    51    13   -23 
   64    44    32    40   -52 
   23   -45    -1   -33    43 
  -18   -30   -54   -10   -42 
