2 2
25
   -1    -1 
    0     0 
    4     3 
    1     1 
   -3 2    -3 4 
   24    64 
   23 90    23 90 
   -1 0    -1 0 
  -45 -180   -45 -180 
    2 0     2 0 
   -8    -8 

   -1    -1 
    1    -1 
   -1    -1 
    1    -1 

   -1     0 
    0     0 
    0     0 
    1     1 
   -4     4 
    4    -4 
    8    -4 
    6    -2 
   -4    -6 
   -1     1 
    0    10 
  -12    -2 
   -2     4 
    8    -8 
   -6    -2 
    0     0 
  -12    -8 
   -2     8 
   14     0 
   -6    -6 
   -2    10 
    4     4 
  -12     4 
    6    14 
   16     6 
