2 0
25
   -1     1 
    0   -28 
    4     2 
    1     1 
    3 2     1 0 
    4   -28 
   -3 -50    47 -51 
    1 0     1 0 
  196 -56   -56 -98 
    1 2     1 -1 
   -2   -14 

   -1    -1 
    1    -1 
   -1    -1 
    1     1 

    0     0 
   -1     1 
    0     2 
    6     0 
    0     0 
   -2    -2 
   -4     8 
    1     1 
   -4    -6 
   -2     8 
   -4     0 
   12     0 
   -6     4 
   -6     2 
   -1    -1 
    4     0 
   12     4 
   -8   -12 
   -2    -4 
    4    -6 
    0    10 
   -4    12 
   -8    10 
   -6    14 
   14     6 
