4 4
25
   -1    -1     1     1 
    0     0     0    24 
    6     3     6     3 
    1     1     1     3 
    3 4     3 4     7 0     1 0 
   16    40   112    24 
  -71 0   -71 0   -95 24   -71 36 
    0 1     0 1     1 0     1 0 
    0 107     0 107     0 214     0 107 
    3 0     3 0     1 -2     1 -1 
    4    10    -2    12 

    1     1    -1    -1 
    1     1    -1     1 
    1     1    -1     1 

   -1    -1     1     1 
   -2     1    -2     1 
   -2     1    -2     1 
   -6    -3    -2    -3 
   -6    -3    -2    -3 
   -6     6    -2     6 
   -6     6    -2     6 
   -2     1    -2    -7 
   -2     1    -2    -7 
   -9     6    -1   -10 
  -11    -5   -11     3 
  -11    -5   -11     3 
   -9    12     1     8 
   -9    12     1     8 
    2   -10     2   -10 
   -3    -6    -5     6 
   -3    -6    -5     6 
    5   -10    -5    14 
    5   -10    -5    14 
    8    -4   -16    -4 
    8    -4   -16    -4 
    4     4   -16    12 
    4     4   -16    12 
  -15   -15     9     9 
  -15   -15     9     9 
