3 0
100
   -1     1     1 
    0    48    48 
    4     4     4 
    1     2     1 
    0 0     1 0     1 0 
    0    48    48 
   25 -14    27 5    27 5 
    1 0     1 0     1 0 
  -32 -64    16 32    16 32 
    1 -2     1 1     1 1 
   -6    24    24 

   -1     1     1 
   -1    -1    -1 

    0     0     0 
    0     0     0 
    0     0     0 
    0     0     0 
   -4     0     4 
    2     2     2 
    6    -2     6 
   -8     0     8 
    4     0    -4 
   -2     6    -2 
   -2   -10    -2 
   -6    10    -6 
    8     0    -8 
   -4     0     4 
   -2    14    -2 
    4     0    -4 
   -8     0     8 
  -12     0    12 
   -8     0     8 
  -10     6   -10 
    6     6     6 
    0     0     0 
  -12     0    12 
    6   -10     6 
   -6    10    -6 
  -14    18   -14 
    2    18     2 
  -12     0    12 
    8     0    -8 
   14    14    14 
    2   -14     2 
   -8     0     8 
  -20     0    20 
   14    22    14 
   -6   -22    -6 
    4     0    -4 
  -16     0    16 
   20     0   -20 
    8     0    -8 
   -6    10    -6 
   12     0   -12 
    8     0    -8 
  -10    14   -10 
  -26    14   -26 
  -24     0    24 
  -12     0    12 
   -4     0     4 
   -8     0     8 
   -6    26    -6 
    6   -26     6 
  -10    30   -10 
  -10    30   -10 
    0     0     0 
  -20     0    20 
   14    -2    14 
   18     2    18 
   22   -10    22 
   26    10    26 
    0     0     0 
    4     0    -4 
   -4     0     4 
   16     0   -16 
  -18   -26   -18 
   -2   -26    -2 
   -4     0     4 
   -8     0     8 
   14   -18    14 
   14   -18    14 
   16     0   -16 
   -4     0     4 
  -14    34   -14 
   30   -34    30 
  -16     0    16 
    4     0    -4 
  -30     2   -30 
  -10    -2   -10 
   10    -6    10 
   -6    -6    -6 
   36     0   -36 
  -16     0    16 
   18    34    18 
  -14    34   -14 
  -28     0    28 
  -24     0    24 
  -10    14   -10 
   18   -14    18 
  -22    42   -22 
   26    42    26 
   12     0   -12 
   24     0   -24 
    0     0     0 
   28     0   -28 
    8     0    -8 
   20     0   -20 
   14    22    14 
   10   -22    10 
  -12     0    12 
  -16     0    16 
   34   -46    34 
    0     0     0 
