1 2
200
   -1 
    0 
    7 
    1 
   -3 2 
  440 
  -31 -6 
    1 0 
  -56 56 
    1 -2 
   22 
    0 
    0 

   -1 
   -1 
    1 

    0 
   -3 
    1 
   -3 
    0 
   -7 
    4 
   -2 
   -2 
    7 
   -6 
  -10 
    9 
    9 
   -1 
   -6 
  -13 
    8 
    2 
    9 
    1 
    2 
  -11 
  -13 
   18 
  -13 
  -14 
  -15 
   -4 
    4 
   -9 
   -4 
    2 
    3 
    2 
   -7 
   -7 
  -11 
   16 
    2 
   -7 
  -12 
   -5 
   18 
  -18 
   22 
   -3 
   24 
  -27 
    8 
    8 
  -14 
  -12 
   13 
    2 
   12 
  -18 
  -13 
    8 
   -1 
  -11 
    3 
  -14 
   -2 
   18 
   -8 
  -22 
  -22 
  -20 
   18 
   30 
   -9 
  -23 
   12 
  -18 
  -33 
  -33 
   29 
    8 
  -36 
  -19 
   -7 
   32 
   17 
   -1 
    0 
   -8 
   -6 
  -20 
  -12 
  -24 
  -12 
   24 
   -8 
  -26 
   30 
  -22 
   -8 
    1 
  -21 
   -8 
   24 
   38 
   21 
  -26 
    8 
  -10 
   23 
  -47 
   28 
  -36 
   30 
   34 
   38 
   -6 
  -17 
  -20 
   15 
  -36 
  -30 
   30 
  -16 
   24 
   28 
  -40 
   38 
  -44 
   44 
   -4 
   -4 
  -46 
   14 
   22 
    8 
   31 
   32 
    0 
   20 
  -24 
    6 
   30 
   48 
  -50 
  -36 
   32 
  -41 
   28 
   51 
   52 
   -6 
   58 
   39 
  -31 
   -1 
  -19 
  -17 
   10 
   33 
  -28 
  -26 
  -28 
   41 
   38 
   45 
  -26 
   17 
   22 
    0 
  -26 
  -10 
   32 
   -4 
  -56 
   17 
   58 
  -46 
  -26 
  -44 
   -6 
   46 
   -5 
   29 
  -48 
   49 
  -35 
   29 
    1 
   16 
   36 
   38 
  -53 
  -30 
   -8 
   18 
  -36 
   49 
  -38 
   20 
   -4 
   58 
