1 7
200
   -1 
    0 
    5 
    1 
   -9 2 
   12 
  137 -34 
    2 0 
    0 -154 
    1 -2 
   -4 

   -1 
   -1 
   -1 
   -1 

    0 
   -1 
   -1 
    1 
    1 
   -6 
   -6 
   -2 
   -2 
   -9 
    6 
    6 
    8 
    8 
    1 
    1 
    1 
   11 
   11 
  -14 
  -14 
    4 
    4 
   13 
   13 
   -9 
   -9 
   -6 
   -6 
  -11 
  -11 
  -10 
  -10 
   -3 
   -3 
    2 
    2 
   12 
   12 
  -10 
   15 
   15 
  -18 
  -18 
    2 
    2 
   -4 
   -4 
    6 
    6 
   20 
   20 
   25 
   25 
   26 
   26 
   12 
   12 
    0 
    0 
  -20 
  -20 
   21 
   21 
   25 
   25 
   14 
   14 
  -30 
  -30 
    5 
    5 
    5 
    5 
  -38 
  -38 
   14 
   14 
  -24 
  -24 
  -37 
  -37 
   31 
   31 
   -9 
   -9 
   -8 
   -8 
   -7 
   -7 
  -34 
  -34 
   20 
   20 
    3 
    3 
   16 
   16 
  -45 
   40 
   40 
   12 
   12 
   14 
   14 
   20 
   20 
    3 
    3 
   36 
   36 
  -42 
  -42 
  -24 
  -24 
    2 
    2 
   43 
   43 
   -9 
   -9 
    1 
    1 
  -46 
  -46 
   20 
   20 
   36 
   36 
   -3 
   -3 
    2 
    2 
   48 
   48 
   -8 
   -8 
  -34 
  -34 
   14 
   14 
  -34 
  -34 
   28 
   28 
  -54 
  -12 
  -12 
  -43 
  -43 
  -33 
  -33 
   -4 
   -4 
  -24 
  -24 
  -46 
  -46 
  -28 
  -28 
  -45 
  -45 
   28 
   28 
  -61 
  -57 
  -57 
   17 
   17 
   20 
   20 
  -56 
  -56 
   24 
   24 
   35 
   35 
   54 
   54 
   20 
   20 
   48 
   48 
  -28 
  -28 
   64 
   64 
  -25 
  -25 
   30 
   30 
  -29 
  -29 
   42 
   42 
  -63 
  -63 
  -32 
  -32 
  -10 
