2 0
200
    1    -1 
  -16     0 
    2     6 
    1     1 
    1 0    -3 2 
  -16    24 
   89 6    55 34 
    1 0     1 0 
   76 95   190 -76 
    1 1     1 -2 
   -8    -5 

    1    -1 
   -1    -1 
    1     1 
   -1     1 
   -1     1 

   -1     1 
    2    -2 
    1     1 
   -1    -1 
   -2     6 
   -4     0 
    6    -2 
    1    -1 
    1    -1 
    2     6 
   10   -10 
   12     4 
    8   -12 
  -12     4 
   -4   -12 
    4    12 
  -10   -10 
    4   -16 
   -2    -2 
    2   -14 
   16     0 
   -4    -4 
    2     6 
    0    -4 
   -6   -10 
    6     2 
   12    -4 
   12    -4 
    2   -14 
    6    -6 
   -6    -6 
    0   -12 
    8   -12 
  -18    18 
    0   -20 
    0     0 
  -18    -2 
   12     8 
   24   -24 
   -6   -22 
  -16   -20 
  -12     0 
   -6   -10 
  -10   -14 
   12     0 
  -12     4 
   24   -20 
    4    -4 
   10    30 
   16    16 
   -2    22 
   -2     2 
   20     0 
   -2    26 
   12     0 
   14   -14 
  -26    26 
  -22    18 
   -4    20 
  -22    22 
   16    28 
   16     8 
   10   -10 
   -2   -22 
  -26    22 
    0     8 
  -18   -14 
   -2    10 
   -8    24 
   24   -12 
   26    10 
   24   -16 
   -4    12 
   20   -16 
   22     2 
    6    18 
  -14    14 
    6    34 
    8   -36 
   -4    20 
    6   -14 
   16   -24 
  -24    -4 
  -20     4 
   18   -10 
    2   -18 
   30    22 
   28     8 
   32     0 
  -12    36 
    6   -30 
   36   -36 
  -36   -40 
   44   -16 
  -30    30 
   44    12 
  -16    28 
   -8    20 
   -2    34 
  -12   -12 
   -4    28 
  -34    26 
  -24   -12 
   18   -34 
   12    20 
  -34    38 
  -28    24 
  -28   -28 
   32   -32 
   12   -12 
  -28   -20 
  -14    42 
   30   -18 
   22    10 
    2    -2 
   30     6 
   28    36 
  -30   -14 
    2    -2 
  -12   -36 
   18    14 
   20    28 
   36    20 
  -12    44 
   40    12 
   -8    -8 
   24   -48 
   12    28 
   38    -2 
  -28     0 
    8    -8 
   18    30 
  -16   -16 
   18   -26 
  -34    -2 
  -26   -14 
   46   -22 
   -4   -28 
   28     4 
   14    -6 
  -42   -50 
  -52    16 
   24   -44 
   12    -8 
   34    30 
   10    34 
  -18    18 
  -18    34 
   20    28 
   -4   -20 
   18   -46 
   52   -12 
   36   -44 
    8   -52 
   12   -44 
  -20    -8 
   30    34 
   36    56 
  -10    22 
   10   -42 
  -24    -4 
  -12   -12 
  -16   -24 
  -34    -6 
   24    24 
   42   -38 
  -36   -36 
   10   -42 
  -10   -14 
   46     2 
   50   -34 
  -40    60 
  -58   -46 
  -46    58 
   22   -46 
   54   -50 
    0    48 
  -60   -28 
   14     6 
  -12    12 
    4     4 
   20    40 
   30    46 
   34   -50 
   20    32 
  -46   -26 
   50    46 
    6    34 
  -34    30 
  -12    48 
   48   -52 
  -38    10 
    4    -4 
   36    52 
    8    32 
   24     4 
   42    18 
  -50    22 
  -16   -32 
   30    14 
