1 0
200
   -1 
    0 
    4 
    1 
   -1 6 
   16 
 -143 22 
    2 0 
  -28 154 
    1 -2 
    1 

   -1 
   -1 
    1 
    1 

    0 
    0 
    1 
   -4 
    0 
    2 
   -2 
   -4 
    8 
    2 
   -1 
   -2 
    0 
   -4 
   -1 
    4 
   -4 
   12 
    4 
  -10 
    6 
  -12 
   -4 
  -10 
   -2 
    2 
   14 
    4 
   12 
    6 
   -6 
   16 
   -8 
    2 
  -14 
  -12 
  -20 
  -12 
  -20 
    2 
   20 
   12 
   14 
   26 
  -20 
  -20 
  -12 
   12 
  -22 
    6 
   -2 
   -2 
   20 
   12 
   -2 
   10 
  -26 
   -6 
    4 
    4 
  -28 
  -16 
  -10 
   14 
    4 
  -12 
   18 
  -14 
  -16 
   -4 
   18 
   14 
   32 
  -28 
  -14 
  -18 
  -38 
  -38 
   -4 
   28 
    6 
  -18 
   -4 
   36 
   -6 
    2 
   18 
   -6 
   12 
   28 
  -12 
   20 
   -4 
   -4 
    6 
   -2 
  -16 
  -20 
    2 
  -28 
  -12 
  -12 
  -36 
   -2 
   18 
   20 
  -44 
   14 
  -10 
   20 
  -16 
  -10 
   14 
   14 
  -42 
  -22 
    2 
  -12 
   -4 
  -30 
   -2 
    4 
  -40 
  -20 
   12 
  -30 
   18 
   28 
  -16 
   28 
   28 
  -36 
  -20 
  -42 
   30 
   38 
  -18 
   -8 
   44 
  -30 
   26 
  -20 
    8 
   20 
  -12 
   14 
  -26 
   10 
   -4 
  -40 
   30 
  -18 
  -44 
  -52 
  -28 
   12 
   14 
  -46 
   38 
  -38 
   20 
   52 
   26 
   26 
   10 
  -28 
   -4 
   34 
  -46 
  -54 
  -46 
  -36 
   12 
  -30 
   10 
  -14 
    6 
   48 
  -20 
   12 
   36 
  -58 
   30 
   28 
  -28 
   22 
  -22 
   22 
  -26 
   60 
    4 
  -12 
  -20 
  -52 
   60 
  -42 
   30 
   -6 
  -10 
  -54 
