12 0
200
    1     1     1     1    -1     1     1    -1     1     1     1     1 
    0    -6     6     0     0    -4     4     0    -8    -2    10     8 
    6     6     6     6     4     4     4     4     2     2     2     2 
    1     1     1     1     1     1     1     1     1     1     1     1 
    9 4     1 0     1 0     5 0     7 0     1 0     1 0    -3 4     1 0     1 0     1 0     1 0 
   64    -6     6    32     8    -4     4    16    -8    -2    10     8 
  -71 -14   -85 21   -85 21   -71 -14   -71 -14   -85 21   -85 21   -71 -14   -85 21   -85 21   -85 21   -85 21 
    1 0     1 0     1 0     1 0     1 0     1 0     1 0     1 0     1 0     1 0     1 0     1 0 
 -128 128  -128 -64  -128 -64  -128 128  -128 128  -128 -64  -128 -64  -128 128  -128 -64  -128 -64  -128 -64  -128 -64 
    1 -2     1 1     1 1     1 -2     1 -2     1 1     1 1     1 -2     1 1     1 1     1 1     1 1 
    1    -3     3    -3     1    -2     2    -1    -4    -1     5     4 
    0     0     0     0     0     0     0     0     0     0     0     0 
    0     0     0     0     0     0     0     0     0     0     0     0 

   -1    -1     1     1     1    -1     1    -1    -1    -1     1     1 
    1     1    -1    -1     1     1    -1    -1     1     1    -1    -1 

    0     0     0     0     0     0     0     0     0     0     0     0 
   -2    -2    -2    -2     0     0     0     0     2     2     2     2 
   -1    -1     1     1    -1    -1     1     1    -1    -1     1     1 
   -4     0    -4     0    -2     2    -2     2     0     4     0     4 
   -4     4     4    -4     0     0     0     0     4    -4    -4     4 
    2     6    -2    -6    -6     6     6    -6    -6    -2     6     2 
    0     8     0    -8     0     0     0     0    -8     0     8     0 
    4    -8     4    -8    -2     2    -2     2     8    -4     8    -4 
   -8     0     8     0     4     4    -4    -4     0    -8     0     8 
   -4    -4     4     4     4    -4    -4     4     4     4    -4    -4 
   -8     0     8     0     0     0     0     0     0     8     0    -8 
   -2    -6     2     6    -2     2     2    -2     6     2    -6    -2 
   -8    -4    -8    -4    -2     2    -2     2     4     8     4     8 
    4     4    -4    -4     4     4    -4    -4     4     4    -4    -4 
    2    -6     2    -6    10    10    10    10    -6     2    -6     2 
  -12     4    12    -4    -4    -4     4     4     4   -12    -4    12 
   -6   -14    -6   -14     4    -4     4    -4    14     6    14     6 
   12    -4   -12     4    12    12   -12   -12    -4    12     4   -12 
    2   -14     2   -14    -8     8    -8     8    14    -2    14    -2 
  -10    -2   -10    -2   -10   -10   -10   -10    -2   -10    -2   -10 
    6   -10     6   -10     6     6     6     6   -10     6   -10     6 
   12    -8    12    -8    -6     6    -6     6     8   -12     8   -12 
  -12     4    12    -4   -12   -12    12    12     4   -12    -4    12 
    6    14     6    14     6     6     6     6    14     6    14     6 
    6     6     6     6     6     6     6     6     6     6     6     6 
  -14   -10    14    10     2    -2    -2     2    10    14   -10   -14 
   -2    10     2   -10   -10    10    10   -10   -10     2    10    -2 
   -8     0     8     0     4     4    -4    -4     0    -8     0     8 
  -14    -6   -14    -6    12   -12    12   -12     6    14     6    14 
  -10    -2   -10    -2     6     6     6     6    -2   -10    -2   -10 
   14    -2    14    -2    -6    -6    -6    -6    -2    14    -2    14 
  -10    -2   -10    -2    12   -12    12   -12     2    10     2    10 
  -12    20    12   -20    20    20   -20   -20    20   -12   -20    12 
   -4    12     4   -12   -12    12    12   -12   -12     4    12    -4 
    6    18    -6   -18   -18    18    18   -18   -18    -6    18     6 
  -20   -12    20    12    -8    -8     8     8   -12   -20    12    20 
   14     6    14     6    20   -20    20   -20    -6   -14    -6   -14 
    0     8     0    -8    12    12   -12   -12     8     0    -8     0 
   -8     4    -8     4   -22    22   -22    22    -4     8    -4     8 
  -18    10    18   -10     6    -6    -6     6   -10    18    10   -18 
   24     0   -24     0   -12   -12    12    12     0    24     0   -24 
  -22    10   -22    10     0     0     0     0   -10    22   -10    22 
    8    16    -8   -16    -8     8     8    -8   -16    -8    16     8 
   -4   -20     4    20   -20    20    20   -20    20     4   -20    -4 
  -18    22   -18    22    -4     4    -4     4   -22    18   -22    18 
  -12   -20    12    20     0     0     0     0   -20   -12    20    12 
   12   -12   -12    12     8     8    -8    -8   -12    12    12   -12 
  -24   -28   -24   -28    26   -26    26   -26    28    24    28    24 
  -14   -14   -14   -14   -10   -10   -10   -10   -14   -14   -14   -14 
   14   -18    14   -18   -10   -10   -10   -10   -18    14   -18    14 
    4   -12    -4    12    20   -20   -20    20    12    -4   -12     4 
  -20    12    20   -12    28   -28   -28    28   -12    20    12   -20 
   16   -20    16   -20   -14    14   -14    14    20   -16    20   -16 
  -20    12    20   -12   -12   -12    12    12    12   -20   -12    20 
   -6    18    -6    18     2     2     2     2    18    -6    18    -6 
  -14     2   -14     2    22    22    22    22     2   -14     2   -14 
   26    18    26    18    18    18    18    18    18    26    18    26 
   22   -10    22   -10     6     6     6     6   -10    22   -10    22 
  -18     6   -18     6   -12    12   -12    12    -6    18    -6    18 
    4    28    -4   -28    -8    -8     8     8    28     4   -28    -4 
    4    20    -4   -20    28    28   -28   -28    20     4   -20    -4 
   22    22    22    22    32   -32    32   -32   -22   -22   -22   -22 
    8   -16    -8    16     0     0     0     0    16    -8   -16     8 
  -20    28    20   -28     4    -4    -4     4   -28    20    28   -20 
  -20    12    20   -12     4     4    -4    -4    12   -20   -12    20 
  -22     2   -22     2    20   -20    20   -20    -2    22    -2    22 
  -22    26   -22    26     2     2     2     2    26   -22    26   -22 
  -22    26   -22    26   -14   -14   -14   -14    26   -22    26   -22 
  -28   -24   -28   -24   -18    18   -18    18    24    28    24    28 
  -12    12    12   -12    32    32   -32   -32    12   -12   -12    12 
   -6    26    -6    26    14    14    14    14    26    -6    26    -6 
   22   -18    22   -18    14    14    14    14   -18    22   -18    22 
    0    -4     0    -4   -30    30   -30    30     4     0     4     0 
  -16     8    16    -8   -28   -28    28    28     8   -16    -8    16 
   18   -10   -18    10    18   -18   -18    18    10   -18   -10    18 
   36    36   -36   -36     4    -4    -4     4   -36   -36    36    36 
   -2   -38     2    38   -26    26    26   -26    38     2   -38    -2 
  -22    14    22   -14   -30    30    30   -30   -14    22    14   -22 
   20    36   -20   -36   -28   -28    28    28    36    20   -36   -20 
   24    -4    24    -4    14   -14    14   -14     4   -24     4   -24 
  -18    -6    18     6     6    -6    -6     6     6    18    -6   -18 
  -26     2    26    -2   -34    34    34   -34    -2    26     2   -26 
    4    28    -4   -28   -24   -24    24    24    28     4   -28    -4 
   24    12    24    12    30   -30    30   -30   -12   -24   -12   -24 
    0     8     0    -8   -16    16    16   -16    -8     0     8     0 
  -14   -10    14    10     2    -2    -2     2    10    14   -10   -14 
  -14    38    14   -38    10   -10   -10    10   -38    14    38   -14 
  -10     2    10    -2   -10    10    10   -10    -2    10     2   -10 
   12     4   -12    -4     0     0     0     0     4    12    -4   -12 
    0    12     0    12    18   -18    18   -18   -12     0   -12     0 
  -22    26   -22    26     8    -8     8    -8   -26    22   -26    22 
  -16    -8    16     8    12    12   -12   -12    -8   -16     8    16 
  -10    14   -10    14    20   -20    20   -20   -14    10   -14    10 
   20    28   -20   -28     8     8    -8    -8    28    20   -28   -20 
  -36   -20    36    20   -44    44    44   -44    20    36   -20   -36 
  -30    22    30   -22   -22    22    22   -22   -22    30    22   -30 
   20     4   -20    -4   -36   -36    36    36     4    20    -4   -20 
  -28   -24   -28   -24   -34    34   -34    34    24    28    24    28 
   34    34    34    34    14    14    14    14    34    34    34    34 
   44    -8    44    -8    18   -18    18   -18     8   -44     8   -44 
  -40     0    40     0     4     4    -4    -4     0   -40     0    40 
   36     4   -36    -4     4     4    -4    -4     4    36    -4   -36 
  -24    20   -24    20   -14    14   -14    14   -20    24   -20    24 
   16    24   -16   -24    -8     8     8    -8   -24   -16    24    16 
    6    18    -6   -18   -10    10    10   -10   -18    -6    18     6 
   20     4   -20    -4    28    28   -28   -28     4    20    -4   -20 
    6    14     6    14    12   -12    12   -12   -14    -6   -14    -6 
    6   -10     6   -10    38    38    38    38   -10     6   -10     6 
   -2    30    -2    30   -10   -10   -10   -10    30    -2    30    -2 
   -8    16     8   -16   -36   -36    36    36    16    -8   -16     8 
  -38    18   -38    18    36   -36    36   -36   -18    38   -18    38 
   26    -6    26    -6    -6    -6    -6    -6    -6    26    -6    26 
  -42   -26   -42   -26    22    22    22    22   -26   -42   -26   -42 
  -26     6   -26     6    30    30    30    30     6   -26     6   -26 
  -26    -2   -26    -2   -34   -34   -34   -34    -2   -26    -2   -26 
  -26    22   -26    22    42    42    42    42    22   -26    22   -26 
   18     2    18     2   -22   -22   -22   -22     2    18     2    18 
   20     4   -20    -4   -28   -28    28    28     4    20    -4   -20 
  -26   -10   -26   -10    40   -40    40   -40    10    26    10    26 
   38   -30   -38    30   -18    18    18   -18    30   -38   -30    38 
   -4    28     4   -28    28   -28   -28    28   -28     4    28    -4 
   16     4    16     4    46   -46    46   -46    -4   -16    -4   -16 
   44   -20   -44    20   -20   -20    20    20   -20    44    20   -44 
  -20    12    20   -12   -36   -36    36    36    12   -20   -12    20 
   -6   -22    -6   -22   -40    40   -40    40    22     6    22     6 
   26    14   -26   -14    10   -10   -10    10   -14   -26    14    26 
  -38   -18    38    18   -22    22    22   -22    18    38   -18   -38 
  -20   -24   -20   -24    -6     6    -6     6    24    20    24    20 
   12   -12   -12    12   -24   -24    24    24   -12    12    12   -12 
  -12     0   -12     0    42   -42    42   -42     0    12     0    12 
   44    28   -44   -28     4     4    -4    -4    28    44   -28   -44 
  -20    -4    20     4     4     4    -4    -4    -4   -20     4    20 
  -38     2   -38     2   -52    52   -52    52    -2    38    -2    38 
  -24   -16    24    16   -32    32    32   -32    16    24   -16   -24 
  -14    38    14   -38     2    -2    -2     2   -38    14    38   -14 
  -28    20    28   -20    20   -20   -20    20   -20    28    20   -28 
  -40     0    40     0   -40    40    40   -40     0    40     0   -40 
   -8    48     8   -48    28    28   -28   -28    48    -8   -48     8 
  -24    -4   -24    -4    30   -30    30   -30     4    24     4    24 
    4   -12    -4    12    -4     4     4    -4    12    -4   -12     4 
  -34   -38    34    38   -50    50    50   -50    38    34   -38   -34 
   12    16    12    16     6    -6     6    -6   -16   -12   -16   -12 
  -16   -40    16    40    44    44   -44   -44   -40   -16    40    16 
   40    32   -40   -32   -20   -20    20    20    32    40   -32   -40 
   26    -6    26    -6    16   -16    16   -16     6   -26     6   -26 
  -40   -16    40    16    32   -32   -32    32    16    40   -16   -40 
  -24   -32    24    32   -48    48    48   -48    32    24   -32   -24 
  -18   -22    18    22   -10    10    10   -10    22    18   -22   -18 
  -28    -8   -28    -8    22   -22    22   -22     8    28     8    28 
  -36   -20    36    20     4     4    -4    -4   -20   -36    20    36 
   54    54    54    54   -10   -10   -10   -10    54    54    54    54 
  -30   -14   -30   -14    -6    -6    -6    -6   -14   -30   -14   -30 
   36   -28   -36    28   -12   -12    12    12   -28    36    28   -36 
   36   -40    36   -40    30   -30    30   -30    40   -36    40   -36 
    8    32    -8   -32   -20   -20    20    20    32     8   -32    -8 
   32   -44    32   -44   -50    50   -50    50    44   -32    44   -32 
   20   -12   -20    12    52   -52   -52    52    12   -20   -12    20 
  -14    54    14   -54   -54    54    54   -54   -54    14    54   -14 
   22   -42    22   -42   -38   -38   -38   -38   -42    22   -42    22 
   58    -6    58    -6   -38   -38   -38   -38    -6    58    -6    58 
  -58   -42   -58   -42    -8     8    -8     8    42    58    42    58 
  -20    -4    20     4    36    36   -36   -36    -4   -20     4    20 
   18     6   -18    -6   -22    22    22   -22    -6   -18     6    18 
   -4   -20     4    20   -12    12    12   -12    20     4   -20    -4 
  -38    10   -38    10    50    50    50    50    10   -38    10   -38 
   36   -28   -36    28   -12   -12    12    12   -28    36    28   -36 
    8   -36     8   -36   -42    42   -42    42    36    -8    36    -8 
    2   -58    -2    58     2    -2    -2     2    58    -2   -58     2 
   20   -12   -20    12   -28    28    28   -28    12   -20   -12    20 
   -6   -50     6    50   -54    54    54   -54    50     6   -50    -6 
  -50   -38    50    38    38   -38   -38    38    38    50   -38   -50 
    0    40     0   -40    -4    -4     4     4    40     0   -40     0 
  -22    10   -22    10    16   -16    16   -16   -10    22   -10    22 
   10    58    10    58   -18   -18   -18   -18    58    10    58    10 
  -58    38   -58    38   -58   -58   -58   -58    38   -58    38   -58 
   -6    58    -6    58     6     6     6     6    58    -6    58    -6 
   26    42    26    42   -30   -30   -30   -30    42    26    42    26 
   36    12   -36   -12    24    24   -24   -24    12    36   -12   -36 
  -38     2   -38     2    -4     4    -4     4    -2    38    -2    38 
   56   -28    56   -28   -30    30   -30    30    28   -56    28   -56 
   44   -20   -44    20   -52   -52    52    52   -20    44    20   -44 
   26    50    26    50   -30   -30   -30   -30    50    26    50    26 
   22   -10    22   -10   -10   -10   -10   -10   -10    22   -10    22 
  -12    28    12   -28    48    48   -48   -48    28   -12   -28    12 
  -46    26   -46    26   -52    52   -52    52   -26    46   -26    46 
   24    16   -24   -16   -48    48    48   -48   -16   -24    16    24 
  -40   -32    40    32     0     0     0     0    32    40   -32   -40 
   26   -38    26   -38    -2    -2    -2    -2   -38    26   -38    26 
   -2    30    -2    30     2     2     2     2    30    -2    30    -2 
   38   -34    38   -34   -28    28   -28    28    34   -38    34   -38 
  -32    -8    32     8    52    52   -52   -52    -8   -32     8    32 
  -60    28    60   -28    56    56   -56   -56    28   -60   -28    60 
  -22   -14   -22   -14    -4     4    -4     4    14    22    14    22 
   18    58    18    58    12   -12    12   -12   -58   -18   -58   -18 
   40     0   -40     0    -4    -4     4     4     0    40     0   -40 
   26     2    26     2    42    42    42    42     2    26     2    26 
   -6    26    -6    26   -54   -54   -54   -54    26    -6    26    -6 
   -2    46    -2    46    46    46    46    46    46    -2    46    -2 
   22    22    22    22   -50   -50   -50   -50    22    22    22    22 
   30    30    30    30   -18   -18   -18   -18    30    30    30    30 
