1 0
200
    1 
   16 
    2 
    1 
    1 0 
   16 
   17 17 
    1 0 
   50 0 
    1 -1 
    8 
    1 
    0 

   -1 
    1 

    0 
    2 
    2 
    0 
    0 
    6 
    6 
   -4 
   -4 
    0 
    6 
    6 
   10 
   10 
  -10 
   12 
   12 
   -2 
   -2 
   -2 
   -2 
   -6 
   -6 
   -6 
   -6 
   -2 
   -2 
    6 
    6 
    6 
    6 
    0 
    0 
  -18 
  -18 
   -4 
   -4 
   10 
   10 
  -22 
  -12 
  -12 
  -26 
  -26 
  -16 
  -16 
    6 
    6 
    6 
    6 
   14 
   14 
    0 
    0 
    6 
    6 
    6 
    6 
  -14 
  -14 
   -2 
   -2 
   22 
   22 
    8 
    8 
   -2 
   -2 
   30 
   30 
  -18 
  -18 
  -28 
  -28 
  -30 
  -30 
  -34 
  -34 
   36 
   36 
   -2 
   -2 
   -6 
   -6 
    6 
    6 
  -26 
  -26 
   30 
   30 
    0 
    0 
   -4 
   -4 
   -6 
   -6 
  -14 
  -14 
  -10 
  -26 
  -26 
   18 
   18 
   30 
   30 
    8 
    8 
   22 
   22 
    6 
    6 
  -18 
  -18 
  -10 
  -10 
    6 
    6 
   20 
   20 
  -18 
  -18 
  -14 
  -14 
   36 
   36 
   46 
   46 
   42 
   42 
    8 
    8 
   20 
   20 
   42 
   42 
    2 
    2 
  -26 
  -26 
   -6 
   -6 
  -16 
  -16 
   30 
   30 
  -22 
  -18 
  -18 
   -4 
   -4 
  -18 
  -18 
  -14 
  -14 
   46 
   46 
  -42 
  -42 
   22 
   22 
  -18 
  -18 
    6 
    6 
  -46 
  -24 
  -24 
  -18 
  -18 
   50 
   50 
   36 
   36 
   -2 
   -2 
   42 
   42 
    8 
    8 
   48 
   48 
   30 
   30 
  -14 
  -14 
   62 
   62 
   22 
   22 
  -54 
  -54 
  -40 
  -40 
    6 
    6 
    6 
    6 
   14 
   14 
   30 
