1 0
200
   -1 
    0 
    1 
    1 
    3 4 
70784 
  -39 -45 
    1 0 
 -220 33 
    1 -2 
 1106 

   -1 
   -1 
    1 

    2 
    3 
   -1 
    1 
    0 
    2 
   -6 
   -1 
   -4 
    7 
    0 
    0 
   -2 
   -6 
  -10 
  -11 
  -15 
    9 
  -11 
   -4 
   -4 
    6 
  -18 
    3 
   -1 
    1 
  -19 
   -2 
   10 
    1 
   21 
   14 
  -22 
    5 
   -3 
   14 
  -10 
   20 
   -4 
   22 
    5 
    9 
   20 
   -4 
  -20 
    0 
  -22 
   -6 
    0 
   12 
  -20 
   -4 
   13 
   21 
  -18 
    6 
   22 
  -30 
    0 
   -4 
    4 
  -16 
  -29 
   27 
   -5 
   31 
    2 
  -30 
  -12 
    8 
  -17 
   -9 
    3 
  -25 
  -22 
   10 
    6 
    6 
  -12 
   12 
  -35 
  -23 
   -3 
   29 
   15 
   35 
  -28 
  -24 
   13 
   -3 
   20 
   32 
  -20 
   28 
  -11 
    9 
   28 
    4 
  -13 
  -20 
   24 
   28 
    0 
  -28 
  -40 
   -8 
  -20 
  -11 
   -3 
   12 
   12 
   24 
  -32 
  -26 
   30 
   18 
   42 
  -45 
   35 
    3 
  -17 
   29 
   -3 
   34 
    6 
   26 
  -26 
  -16 
  -24 
  -35 
  -27 
   10 
   34 
  -52 
   12 
   24 
   24 
  -12 
  -44 
   48 
   32 
   34 
   34 
   12 
  -24 
  -10 
    0 
   12 
   25 
    9 
   -7 
  -55 
  -20 
  -28 
  -20 
  -28 
  -14 
   50 
   16 
  -20 
   29 
   13 
  -14 
  -46 
  -17 
   27 
   -1 
   37 
  -31 
  -30 
   -2 
    6 
   -6 
   44 
  -36 
   -3 
    5 
   46 
   26 
  -54 
   14 
    2 
   22 
   32 
   -8 
   22 
  -58 
    1 
   53 
   34 
  -14 
   25 
  -11 
   -8 
   24 
   47 
  -21 
  -26 
  -38 
   10 
