22 0
25
    1    -1    -1    -1    -1    -1     1    -1    -1    -1     1     1    -1    -1    -1     1     1    -1    -1     1     1     1 
    0     0     0     0     0     0    24     0     0     0   144   -24     0     0     0   -48   -32     0     0   -32   -48   -48 
   16    16    16    12     8     8    12    12    12    12    12    12    12    12    12    12    16    16    12     8     8     8 
    1     1     1     1     1     1     1     1     1     1     1     1     1     1     1     1     1     1     1     1     1     1 
    3 2    -3 2     3 4     3 4     1 6     1 6     1 0    -3 2    -3 2    -3 2     1 0     1 0     3 4    -3 2    -3 2     1 0     1 0    -3 2     3 4     1 0     1 0     1 0 
   16    32    32    48    72   240    24     8    16    32   144   -24    32     8    16   -48   -32    48    32   -32   -48   -48 
    9 83     9 83     9 83     9 83     9 83     9 83     9 83     9 83     9 83     9 83     9 83     9 83     9 83     9 83     9 83     9 83     9 83     9 83     9 83     9 83     9 83     9 83 
    1 0     1 0     1 0     1 0     1 0     1 0     1 0     1 0     1 0     1 0     1 0     1 0     1 0     1 0     1 0     1 0     1 0     1 0     1 0     1 0     1 0     1 0 
  192 240   192 240   192 240   192 240   192 240   192 240   192 240   192 240   192 240   192 240   192 240   192 240   192 240   192 240   192 240   192 240   192 240   192 240   192 240   192 240   192 240   192 240 
    3 -1     3 -1     3 -1     3 -1     3 -1     3 -1     3 -1     3 -1     3 -1     3 -1     3 -1     3 -1     3 -1     3 -1     3 -1     3 -1     3 -1     3 -1     3 -1     3 -1     3 -1     3 -1 
    1     2     2     5     2    -5     3     1     1    -3    11    -3    -3    -3    -1    -5    -2    -3     1    -3    -6    -4 

   -1     1     1     1     1     1     1    -1     1     1    -1     1    -1    -1     1    -1     1    -1    -1     1     1     1 
    1     1     1     1     1     1     1     1     1     1     1    -1    -1    -1    -1    -1    -1    -1    -1    -1    -1    -1 
    1     1     1     1     1     1     1     1    -1    -1    -1     1     1     1    -1    -1    -1    -1    -1    -1    -1    -1 
    1     1     1     1     1     1    -1    -1    -1    -1    -1     1     1     1     1     1    -1    -1    -1    -1    -1    -1 

    0     0     0     0     0     0     0     0     0     0     0     0     0     0     0     0     0     0     0     0     0     0 
   -1    -1    -1    -1    -1    -1    -1    -1    -1    -1    -1     1     1     1     1     1     1     1     1     1     1     1 
   -1    -1    -1    -1    -1    -1    -1    -1     1     1     1    -1    -1    -1     1     1     1     1     1     1     1     1 
   -1    -1    -1    -1    -1    -1     1     1     1     1     1    -1    -1    -1    -1    -1     1     1     1     1     1     1 
   -4    -4    -4     0     4     4     0     0     0     0     0     0     0     0     0     0    -4    -4     0     4     4     4 
   -2     2     2    -6    -6    -2    -2     6    -2     2     6    -2     2     6    -2     6    -6    -2    -6    -2     2     2 
   -6    -2     6    -2    -2     2     6    -2    -2    -2     6    -2    -2     6     6    -2    -2     2    -2    -6    -2     6 
   -4    -4     4    -4     4     4     0     0    -8    -4     8     8     4    -8     0     0    -4    -4     4     4     4    -4 
   -4    -8     0     4     0    -4     4    -4    -4     4     4     4    -4    -4    -4     4     0     4    -4     4     8     0 
    2    -2     6     6    -2    -6    -2     6     6    -2    -2     6    -2    -2    -2     6    -2    -6     6     2    -2     6 
   -6    10     2   -10    -6    -6    -6    -6    10    -2    -6    10    -2    -6    -6    -6    -6    -6   -10    -6    10     2 
    6   -10     6    -2     6     6   -10   -10     6   -10     6     6   -10     6   -10   -10     6     6    -2     6   -10     6 
    0    -8    -8    12     0     8     4     4    -4    -4    -4     4     4     4    -4    -4     0    -8   -12     0     8     8 
    4    12   -12    -4     4    -4     8    -8    -8     4    -8     8    -4     8    -8     8    -4     4     4    -4   -12    12 
  -10    -2    -2     2     6    -2     2     2    10    -6    10    10    -6    10     2     2     6    -2     2   -10    -2    -2 
    0    12   -12     4    -4    -8     4    -4     4     4    12    -4    -4   -12    -4     4     4     8    -4     0   -12    12 
  -12     4     4     0    -4    -4    -8    -8     0     0     0     0     0     0     8     8     4     4     0    12    -4    -4 
  -12    16     0     8    -8     4    -4     4   -12    -8    -4    12     8     4     4    -4     8    -4    -8    12   -16     0 
    0     0     8    -8     8     8    -4    12     4    -8     4    -4     8    -4     4   -12    -8    -8     8     0     0    -8 
   -2    14    -2    -6     6     6    -6    10     2   -14   -14     2   -14   -14    -6    10     6     6    -6    -2    14    -2 
  -10     6   -10    -2   -10     6    -2    14    14    14    -2    14    14    -2    -2    14   -10     6    -2   -10     6   -10 
   -4   -12     4     4   -12    12    12    -4    -4    -4    12     4     4   -12   -12     4    12   -12    -4     4    12    -4 
   -8   -12    -4    12     4   -16   -12    -4   -12     4    12    12    -4   -12    12     4    -4    16   -12     8    12     4 
    6   -10    14     6    -2   -18   -14     2    -6    14    -6    -6    14    -6   -14     2    -2   -18     6     6   -10    14 
  -10     6   -18    10     6     6   -10     6     6    -6     6     6    -6     6   -10     6     6     6    10   -10     6   -18 
