1 2
200
   -1 
    0 
    1 
    1 
    7 0 
   64 
  107 -6 
    1 0 
  130 208 
    1 2 
   -1 

   -1 
    1 
   -1 

    2 
    0 
    2 
    4 
    0 
   -1 
    2 
   -4 
   -8 
   -2 
   -6 
    2 
   -2 
  -10 
    2 
    0 
    4 
    8 
    4 
   -2 
    2 
  -12 
    0 
  -18 
   10 
  -10 
  -14 
   10 
   18 
   -2 
    2 
  -18 
    6 
    2 
    6 
  -14 
    6 
   -4 
    8 
    1 
   10 
    6 
  -14 
   14 
   10 
  -18 
    0 
  -12 
   -6 
    6 
   -2 
  -22 
   -2 
  -22 
   18 
  -18 
   14 
   10 
  -22 
   -2 
    4 
  -16 
   10 
   26 
  -20 
  -32 
  -22 
    2 
  -30 
   26 
   10 
   30 
  -16 
  -20 
   38 
   14 
   14 
  -26 
   30 
   30 
   -2 
   14 
   14 
   -6 
    2 
  -38 
  -18 
   22 
    6 
   18 
    2 
   38 
    4 
   -8 
  -10 
   42 
  -34 
   22 
  -14 
   -2 
  -38 
   34 
   14 
   42 
   22 
  -30 
  -10 
   14 
  -26 
   44 
    8 
  -34 
   -6 
  -26 
   30 
    2 
   18 
   40 
   20 
  -50 
  -14 
  -20 
  -32 
   18 
    6 
    2 
    2 
   28 
  -16 
  -36 
  -24 
  -20 
   16 
  -22 
  -18 
  -50 
  -18 
   12 
   48 
  -26 
  -38 
  -16 
  -52 
    0 
   -4 
    6 
   10 
  -18 
  -14 
  -14 
  -18 
   -6 
    6 
   38 
    2 
   38 
  -18 
  -42 
  -10 
   38 
   48 
  -28 
   30 
  -30 
   50 
  -22 
   14 
  -10 
  -22 
   -6 
   14 
  -20 
    0 
  -34 
    6 
   26 
  -50 
  -16 
   -4 
   30 
   14 
   -6 
   22 
    0 
    4 
  -54 
   62 
   62 
  -18 
   24 
   12 
   38 
   38 
  -50 
   54 
  -26 
   26 
   58 
   22 
   -2 
