1 0
200
   -1 
    0 
    4 
    1 
    3 2 
    4 
  137 -111 
   -1 1 
 -376 94 
    3 -1 
   -1 
    0 
    0 

   -1 
   -1 
    1 

    0 
    0 
    1 
    0 
   -4 
    2 
   -6 
    4 
   -2 
    6 
   -8 
   10 
    0 
   -6 
   -6 
    4 
    8 
   -4 
   10 
    4 
    4 
    4 
  -12 
   -2 
    6 
   -2 
  -14 
    6 
   -6 
    4 
   14 
    0 
    8 
    0 
    2 
    4 
   10 
    6 
  -16 
  -10 
   -6 
  -18 
   -4 
   16 
  -22 
  -12 
   12 
   20 
  -10 
  -12 
   14 
   14 
   12 
  -20 
  -20 
  -14 
  -28 
    6 
   20 
    4 
   -4 
   16 
    8 
   28 
  -12 
  -12 
   -2 
  -10 
  -36 
   20 
  -34 
    6 
    4 
  -28 
  -18 
  -26 
  -14 
  -26 
  -16 
    8 
  -14 
  -14 
  -28 
  -36 
   28 
   30 
  -10 
  -22 
   -4 
    0 
   -8 
    0 
  -10 
   28 
  -10 
  -14 
  -20 
   20 
  -30 
   -8 
   -2 
  -28 
  -12 
  -16 
   42 
    4 
    4 
   16 
   -4 
  -14 
  -30 
    6 
  -36 
    2 
    2 
    6 
  -30 
  -20 
   -8 
    2 
  -20 
   44 
   32 
   28 
  -20 
   14 
   38 
  -12 
   28 
  -40 
   -2 
   12 
  -20 
  -34 
   38 
  -26 
   22 
  -14 
  -36 
   36 
   26 
   12 
  -24 
  -12 
   -8 
    6 
  -32 
   42 
   36 
  -14 
   10 
  -40 
    4 
   28 
  -28 
    4 
  -10 
   26 
  -14 
  -22 
    4 
   60 
  -26 
  -36 
   10 
   40 
   48 
  -18 
   18 
   -2 
  -46 
  -12 
  -24 
   -6 
   30 
  -18 
    0 
  -20 
    8 
  -12 
  -40 
   38 
    2 
   28 
   -8 
    2 
  -22 
   30 
   18 
   14 
  -58 
   64 
   14 
   12 
   24 
   18 
  -10 
   68 
    8 
  -18 
