9 2
200
    1    -1    -1     1     1     1     1    -1    -1 
   24     0     0    32   -48   -48  -112     0     0 
   12    16    10     8    12     6     8    12    14 
    1     1     1     1     1     1     1     1     1 
    1 0     5 0     5 0     1 0     1 0     1 0     1 0     5 0     5 0 
   24    64     8    32   -48   -48  -112    16    24 
   -3 35    57 143    57 143    57 143    -3 35    -3 35    -3 35    57 143    57 143 
    1 0    -1 1    -1 1    -1 1     1 0     1 0     1 0    -1 1    -1 1 
   60 108    96 -276    96 -276    96 -276    60 108    60 108    60 108    96 -276    96 -276 
    3 -1     3 -1     3 -1     3 -1     3 -1     3 -1     3 -1     3 -1     3 -1 
   -2    11     1     4    -2    -4   -12    -1    -3 
    0     0     0     0     0     0     0     0     0 
    0     0     0     0     0     0     0     0     0 

    1    -1    -1     1     1     1    -1    -1     1 
    1     1     1     1    -1    -1    -1    -1    -1 
    1    -1    -1    -1     1     1     1    -1    -1 
   -1    -1    -1    -1     1     1    -1     1    -1 
    1    -1    -1    -1     1     1     1    -1    -1 

    0     0     0     0     0     0     0     0     0 
   -1    -1    -1    -1     1     1     1     1     1 
   -1     1     1     1    -1    -1    -1     1     1 
    1     1     1     1    -1    -1     1    -1     1 
    0    -4     2     4     0     6     4     0    -2 
    6     2     2     2    -2    -2     6     2    -2 
   -1     1     1     1    -1    -1    -1     1     1 
    4     4    -2     4     8    -4     4    -8     2 
   -8     4    -8     4     4     4     4     4    -4 
  -10     2    -4    10    -2     4     2    -2    -8 
    6     2   -10    -6     6     0     6     2     2 
   -6    -6     6    -6    -2    10    -2     2     6 
    4    -4    -4     4    -4     2   -12   -12    -4 
    4     4     4     4   -12     0     4   -12     0 
   14    -6     6     2     2     8     2    10    -2 
  -12   -12     6     4     0    12    -4     0     6 
  -12    -4   -10   -12     4    10     0    -8   -14 
    4     4   -14     4    12    12     0    -8     2 
   -8   -12    -6     4     8     8    12     8     2 
  -10   -14    -2    -6    -6     0    10     2   -10 
    2    10    -2    10    10   -14   -14     2     6 
   12    -4     2    12     4     4    16     0    10 
  -12    -4    -4    -4    -8     4     0   -12   -12 
    6    10    10    -6   -18    -6     6    -6    -2 
   -6   -14    -2    10    14   -16     6     2    -6 
    2     2     2     2    -6     6   -14   -14     6 
   14    -6    -6   -14   -10    -4     6   -14    10 
  -12    -4     8     4    16    -2    16   -20   -12 
  -12   -20    16    12    12    12    -4   -12    -4 
    6   -14    16   -14     2   -10   -18   -18    -8 
   18    -6     6     2     6   -12    -2    -6     2 
    0   -12    12    20    20    -4    -4     4   -20 
   12    12    -6    -4    -8     4    12     0    -6 
  -18    10    22    10     6    -6   -18    18    -2 
   -6    10    -2    -6   -10    14     6     2    -2 
    4    -4    -4     4   -20    10    -4    12   -12 
    4    -4   -16    -4     0   -12     0     4    16 
  -20     4    10     4     4     4     0    16    -2 
   16   -20    16    -4    20    -4     4     4    -4 
    2    10   -26    10    -6     6     2    -6   -14 
    0     4    16     4    -4    -4   -12   -12     0 
   12   -12     0    20    12   -12    -4    12   -12 
   14     2     2   -14    -6     6    18    18    10 
   14   -14   -14   -14    -2   -14    -2   -14     2 
   -8     4    10   -28     8    -4    12   -24   -22 
   16   -20   -20    -4    20   -16    12    20   -20 
   12     4    -8     4     4    28   -12    12    -4 
    0   -12   -12    28     4    22    12    -4     8 
   -6    -6   -12    -6    18   -18   -26    -2    20 
    6    18   -18    -6     6   -24    14   -22    10 
  -10     2    26   -30   -26   -14    22    18    10 
  -10    18     6     2     2   -10     2    10   -10 
   12   -20   -20    28    20   -16   -28    12    12 
   12   -20     4   -20   -20   -20   -12   -12   -12 
    6     2     8     2    18   -18    -2   -18     8 
   18    18   -24    18   -14    22    14    14    -8 
    6   -22   -10    26     6    18   -10     2    -6 
  -18    10    -2   -22   -18    30   -18    10    22 
   16    -4   -22   -20    24     0    -4   -16   -14 
  -32     4   -20   -28    -4    20    -4   -12     4 
  -20    20   -28   -20     4   -26   -12   -28    12 
  -20    -4   -28    28    12    12    20    12    12 
  -10   -22   -34    10    14   -22   -26     2    14 
   26    26   -10    -6   -30    30   -14    10   -26 
   16   -28    -4     4    36   -12    20    20    28 
  -20   -12    12   -28     4   -32    12     4    -4 
   14    18    12   -30   -22   -10    -2   -26     0 
   14   -14    22     2   -14   -14    18    18   -14 
   12   -12     6   -12    12   -24     0   -16   -10 
   36    12   -12    12   -36   -12    12    -4    -4 
    6     2    14   -14    14   -22    30   -14     6 
    6    -6   -18   -14    22    28   -18     2   -14 
   16    20   -16    20   -20    16    12    12    -4 
  -20    12   -18   -20     4     4   -24    16    10 
    6    18    30   -30    30   -30   -18    -6     2 
   18   -14   -20    18   -10    38   -30     6    36 
  -22    10     4    -6   -34   -10   -30    14    -8 
   14   -30    18   -22    30    24    14   -22   -14 
   36     4   -20     4   -20   -20    20    12    -4 
   24    36    12   -36     4    10    -4    28   -24 
    2    18    24   -14   -18    -6    -6    -2   -20 
  -22     2   -16    18   -26    22     2    14     4 
   36   -20     4    28    -4    20    12   -36    -4 
   12    12    12    12    28    28    20   -12   -36 
  -18    18   -18   -30   -18    -6    30    34   -18 
  -30    18    -6    18    14    26     6   -14    18 
  -22    10    28   -22    14     2     2   -18   -32 
   38    34    10    -6    30    12   -34   -22    34 
  -12   -28    20     4   -28    -4   -20    20    40 
  -12   -12    36    36    20   -28    -4    12     4 
  -12    -4     8    12   -12     0     4   -12   -20 
  -12   -36   -12   -20   -12     0    -4   -12   -12 
    4    20   -28    20   -16    44   -24    20    12 
  -32    28   -20   -20    36    24    20    -4    -4 
  -30   -22    32    10    30   -18   -14   -10    40 
    6    26    14    -6    22   -26    38    18    10 
  -44   -20   -38   -36   -12    36   -16     8    -2 
   28    44   -40   -36   -16   -16    16   -20     4 
  -10   -38    -8    34     2    -4   -42    -2   -12 
    4    20     2    36   -16   -28    20   -32    -2 
   28     4   -44   -20   -28     2   -44    20   -44 
  -24   -28   -34   -36    24    -6   -12     0    18 
  -24   -12    36    12    12   -30    36    44   -40 
    6    -6    30    -6   -18    -6    38     2     6 
   42    -6    36    -6    30   -18   -46   -18    20 
    4   -20   -38   -20    -4    -4    32    16   -30 
    4    36    36    36    -4    -4     4   -28    12 
   14    18   -30   -14    18   -18     2    18    22 
  -10     2    14    18    34    10   -30    18   -22 
   24    12   -36    28   -12    12   -12   -28   -36 
   36    -4   -16    44    28    16    12   -28    28 
   -6    18     6   -14    42   -18    34    42    14 
    6   -14     4    18    26     2    -2   -42   -12 
  -10     2   -22    10   -14    -8   -22    26    26 
   26    26   -34    26    26    14   -14   -30    14 
   -6    10   -32   -38    34   -14   -34    22   -24 
  -42    -6   -18    42    38   -22    22     2    -6 
   28    -4    14   -20     4   -32   -16    24   -18 
  -44   -20   -32    20   -28   -46   -36   -12   -32 
   18   -30   -36   -30    -2    46   -30   -10    12 
  -42   -22    26    18    -2     4   -42   -14    46 
    4   -12    12   -36     4    34    20    20    12 
   40    36    24   -44    -4    32   -36   -12    -4 
   12    36   -36    12    16    46    24   -36   -16 
   12   -44   -50   -20   -36   -30    24   -48    42 
  -22     2   -28     2   -34    26   -30     6     0 
  -46   -30    -6   -30   -14    22    10   -30    30 
   48    12     0     4   -12    42   -44    12     4 
  -12    -4    -4   -36     4    28    20    12   -36 
  -20   -44     4   -28   -16   -16    40    12    -8 
  -20   -12   -12    44     4    -2   -52   -20   -28 
   52   -28    -4    20    44    44    -4     4   -12 
   40     4    10    20    32   -40   -28    40    10 
   30    26    38    -6   -10   -34    14   -30   -34 
   42    -6     0   -38   -26    22   -30    38    24 
   26     2     2    34    18    30     2     2    50 
   14   -14    -2   -14    18   -30    18    -6    14 
    4   -36   -12    -4     4    40   -28    -4    -8 
  -20   -28    32   -12   -16   -16     0    52    -4 
   -6    26    -4    42     6    18   -30    46   -36 
  -30    18   -18   -38   -42     0   -42    42    10 
   28    28   -20   -44    52    -2    44     4     4 
   28    44     2   -52    52    52    16     8   -34 
   36   -12    42    36    48   -36   -12   -24    -6 
   48    12   -12   -20   -36    36   -20    36   -12 
   14    42   -30    26   -10   -10    38    10     2 
    6   -30   -42    10   -26    52     6   -14   -38 
   -6    -6   -42    42   -34   -10    46   -14    54 
   40   -28    -4     4    12   -48    36   -28     0 
    4    36    36     4   -12     0    20     4    16 
    6   -14    -2   -30   -18    42    30   -30    22 
   18   -30    30    18    42    30   -46    42   -50 
  -32    52    16   -44   -36   -12    28   -12   -44 
  -20    36   -36    20   -24   -24    48    44   -48 
   28   -52    -4   -12    52   -14    28   -44    52 
  -20    12   -12   -52     8    44    16    20    -8 
   30   -30     6   -30    22   -14   -18    -6    14 
   -6   -22    26   -14    30     0   -18    34    14 
    2    58   -38    42   -30    30   -14    42    10 
  -34   -14    -8   -38   -30    60   -42   -58     4 
  -48     4     4   -12   -36    12    28    -4   -36 
   12    52    40    -4    56    14     8   -28    -4 
  -30    18   -54   -22    54   -12   -58    10     6 
   30   -14   -50   -54    38    32   -42   -30    26 
  -10   -30    36   -46     2   -34   -10   -58   -16 
   36   -12     0     4    40   -32    -8    20     8 
    0   -36    48     4   -44    22    20    12   -36 
  -30    18     0    18     6    30   -30   -50   -56 
  -30   -30    12   -14   -10     2    50    38   -52 
  -10    58    22   -30    46    16    22    10    22 
    2   -14    34    50   -46    50   -14    34   -46 
  -36   -44    -2    20    40    -8   -12    48   -18 
   60     4     4   -12    -4   -40    -4    -4    12 
   26    26   -34   -22    34   -26   -38    18   -58 
  -10    18   -36    -6     2    -4    -2    14    24 
  -54    10    -8    42    -6   -18   -26   -10    56 
    6    26   -58    -6    54     6   -42   -14   -30 
  -20   -20   -38   -36   -52   -40    48   -64    50 
    4   -44    28     4   -44    -8    36    -4   -44 
   60   -12    24   -12   -52    20   -52    36   -40 
  -36   -36   -24    12    32     8   -32    12    56 
   -6   -38    10    10    18     6     2   -54   -30 
   -6   -22   -28   -38    34   -62   -26    30   -36 
   28   -60   -36   -52   -28   -46     4     4    -4 
   28   -44    28   -20   -20    46    12   -12    20 
   50    10   -26    42    26    26    10    26   -10 
   38   -46    56   -38    22    28   -62   -26   -36 
   14    42    24   -46   -14   -20     6   -50   -20 
  -22   -46     2     2    18    30   -46     2    26 
  -12    36   -24    36   -20    28    20    20    32 
    0    60   -60    44   -12    36    36    36    20 
  -20    36   -12    20   -12   -36   -12    36    20 
   52     4   -32    20   -48   -12    32   -36    40 
   36    52   -26   -52    12    18   -40   -32   -46 
  -12   -60    36   -12    44   -40    36    44   -12 
    6     2   -34    26   -42    12    30    42   -38 
  -54    10   -14   -22   -46    38    18    42    66 
   14     2    38   -30    18     6   -14   -14     2 
  -10   -14   -32     2   -22    14   -10    46   -28 
  -30    42     6    18   -58    20    46    -6    10 
