2 4
25
   -1    -1 
    0     0 
    6     3 
    1     1 
   -3 2    -3 2 
   12    24 
   93 42    17 110 
    1 0     2 0 
  -76 228   228 38 
    1 2     1 -2 
    4    -9 

   -1    -1 
   -1    -1 
    1     1 

    0     0 
   -2     1 
    2    -1 
   -3     0 
   -3     0 
   -3    -3 
   -3    -3 
    0     0 
   -1    -1 
    7    -2 
   -6     0 
    6     0 
    1    10 
    1    10 
   11    11 
    6    -9 
   -6     9 
   -4   -13 
    4    13 
    1     1 
    1     1 
   12     0 
   12     0 
    0   -18 
    0    18 
