1 0
200
   -1 
    0 
    5 
    1 
   -3 2 
  112 
  -23 110 
    2 0 
  208 78 
    1 -2 
  -56 
    0 
    0 

   -1 
    1 
   -1 

    0 
   -1 
   -1 
   -4 
    4 
   -3 
   -5 
   -2 
    4 
   -7 
    0 
   -1 
    1 
    3 
    1 
   14 
   10 
    8 
   -2 
  -14 
  -12 
   -6 
   16 
   10 
   -6 
  -12 
    0 
    4 
   -4 
  -14 
    6 
  -17 
    9 
   -2 
   -2 
    7 
    5 
  -16 
   -2 
    1 
  -15 
    9 
   12 
   10 
   15 
   15 
   12 
   -6 
   11 
    5 
   -4 
  -20 
   12 
   28 
   21 
    7 
  -10 
   12 
    4 
  -32 
   -2 
  -14 
   13 
   19 
   28 
    6 
    3 
    3 
   11 
   -5 
   34 
   28 
  -10 
    0 
  -18 
   12 
  -10 
   26 
   -3 
   15 
   19 
   -9 
  -13 
    9 
   -2 
   18 
  -28 
   16 
   12 
   12 
  -15 
  -25 
   14 
    6 
    7 
  -11 
    4 
  -28 
    6 
  -25 
   11 
   11 
  -45 
    3 
    3 
   41 
   -3 
   24 
  -34 
    8 
   42 
   10 
   32 
   -5 
   17 
   38 
  -10 
   26 
  -28 
  -18 
    2 
  -10 
   16 
   20 
   12 
   11 
    1 
    6 
    6 
  -16 
  -10 
   16 
  -16 
  -42 
   12 
  -44 
  -38 
   22 
  -28 
   11 
  -35 
   36 
  -46 
   -6 
   34 
   10 
  -38 
  -42 
  -24 
   28 
   19 
  -49 
   19 
  -49 
  -55 
   -1 
  -28 
   30 
  -10 
   22 
   30 
  -10 
    1 
  -19 
   14 
    3 
  -57 
  -38 
  -58 
  -42 
    6 
   30 
  -44 
   38 
   44 
   -3 
  -45 
   48 
   36 
  -12 
   12 
  -32 
  -36 
   14 
   50 
  -18 
  -40 
    7 
   19 
  -10 
    6 
  -45 
  -23 
  -33 
   -3 
   26 
  -54 
   -4 
  -44 
   -2 
