2 0
25
    1    -1 
   18     0 
    9    15 
    1     1 
    1 0     5 0 
   18     8 
   33 -85    33 -85 
    1 0     1 0 
  -72 -288   -72 -288 
    3 -1     3 -1 
    2    -2 

    1     1 
   -1     1 
    1    -1 
    1    -1 

    0     0 
    0     0 
   -1     1 
   -1     1 
    3    -3 
   -1    -1 
    0     0 
   -6     6 
    5    -5 
    2     2 
    3     3 
   -2    -2 
    7    -7 
   10   -10 
    1     1 
    7    -7 
   13   -13 
   14   -14 
   -8     8 
    6     6 
    8     8 
  -15    15 
   -6     6 
   10    10 
   10    10 
