10 0
25
    1     1    -1     1    -1    -1     1    -1    -1    -1 
  136     0     0     0     0     0   -56     0     0     0 
   17    15    15    17    11    13     7     9     9     7 
    1     1     1     1     1     1     1     1     1     1 
    1 0    -3 2     3 2    -3 2     3 2     3 2     1 0     3 2     3 2     3 2 
  136    24    48   120     8    16   -56    40    24    64 
   81 -25    81 -25    81 -25    81 -25    81 -25    81 -25    81 -25    81 -25    81 -25    81 -25 
    1 0     1 0     1 0     1 0     1 0     1 0     1 0     1 0     1 0     1 0 
  192 -156   192 -156   192 -156   192 -156   192 -156   192 -156   192 -156   192 -156   192 -156   192 -156 
    3 -1     3 -1     3 -1     3 -1     3 -1     3 -1     3 -1     3 -1     3 -1     3 -1 
    3    -3    -1    -3    -1     1     1     1    -1     3 

    1    -1     1    -1    -1     1     1    -1    -1     1 
    1     1     1     1     1    -1    -1    -1    -1    -1 
   -1     1     1    -1     1    -1     1    -1    -1     1 
    1     1     1    -1    -1     1     1    -1    -1    -1 

    0     0     0     0     0     0     0     0     0     0 
   -1    -1    -1    -1    -1     1     1     1     1     1 
    0     0     0     0     0     0     0     0     0     0 
   -1    -1    -1     1     1    -1    -1     1     1     1 
   -5    -3    -3    -5     1    -1     5     3     3     5 
   -3    -5    -5    -1    -7    -7    -1    -5    -5    -3 
   -1    -3    -3    -7    -1    -1    -7    -3    -3    -1 
    4    -6     2    -2    -8     8     2    -2     6    -4 
    5     1    -7    -5     7    -7     5     7    -1    -5 
    6    -4     4    -4     2     2    -4     4    -4     6 
   -2   -12    -4    -4     2     2    -4    -4   -12    -2 
   -6   -10     6   -10     2     2   -10     6   -10    -6 
   -1    -1    -1     5    -7     7    -5     1     1     1 
   10   -10     6    -6     6    -6     6    -6    10   -10 
    4    -2   -10   -10     8     8   -10   -10    -2     4 
    6     4    12   -12     6    -6    12   -12    -4    -6 
   15     1     9     7     1    -1    -7    -9    -1   -15 
   -3     1    -7   -13   -13    13    13     7    -1     3 
    4    -4    12    12    12   -12   -12   -12     4    -4 
    4    12    -4     4     4     4     4    -4    12     4 
   -5   -13     3     3    -9    -9     3     3   -13    -5 
   -6    12     4   -12    -6     6    12    -4   -12     6 
   -6   -18    14    -6     6    -6     6   -14    18     6 
    1   -13    -5     7     1     1     7    -5   -13     1 
   -8   -16     0     0     0     0     0     0   -16    -8 
