1 0
1000
   -1 
    0 
    4 
    4 
    3 4 
   16 
  -15 4 
    2 0 
    0 17 
    1 -2 
   -4 
    1 
    0 

   -1 
   -1 

   -1 
    0 
    0 
    0 
    0 
    1 
    1 
   -4 
   -4 
   -6 
   -6 
   -6 
    4 
    4 
    2 
  -12 
  -12 
    4 
    4 
   -6 
   -6 
   -4 
   -4 
   10 
   10 
    2 
    2 
    8 
    8 
  -14 
  -14 
   16 
   16 
   -6 
   -6 
   -8 
   -8 
   24 
   24 
  -22 
   12 
   12 
    2 
    2 
    8 
    8 
  -24 
  -24 
   -6 
   -6 
   18 
   18 
   12 
   12 
   18 
   18 
   -6 
   -6 
  -16 
  -16 
  -12 
  -12 
  -22 
  -22 
    4 
    4 
  -14 
  -14 
   32 
   32 
  -30 
  -30 
   -8 
   -8 
  -14 
  -14 
   26 
   26 
    8 
    8 
    2 
    2 
   28 
   28 
   34 
   34 
   -6 
   -6 
   12 
   12 
   20 
   20 
  -40 
  -40 
   26 
   26 
  -36 
  -36 
  -30 
  -32 
  -32 
   -4 
   -4 
  -38 
  -38 
  -32 
  -32 
  -14 
  -14 
    4 
    4 
   18 
   18 
   10 
   10 
   -6 
   -6 
  -48 
  -48 
  -30 
  -30 
   32 
   32 
    4 
    4 
    2 
    2 
  -40 
  -40 
   -8 
   -8 
   28 
   28 
  -22 
  -22 
  -14 
  -14 
  -32 
  -32 
   26 
   26 
   40 
   40 
  -48 
  -48 
  -22 
   10 
   10 
   52 
   52 
  -46 
  -46 
  -12 
  -12 
   32 
   32 
  -30 
  -30 
   10 
   10 
   32 
   32 
  -22 
  -22 
  -46 
  -12 
  -12 
   18 
   18 
  -14 
  -14 
  -36 
  -36 
   58 
   58 
  -22 
  -22 
    8 
    8 
    0 
    0 
   42 
   42 
   36 
   36 
  -38 
  -38 
    2 
    2 
  -16 
  -16 
   28 
   28 
    0 
    0 
   26 
   26 
  -14 
  -14 
   66 
   66 
  -14 
  -14 
  -20 
  -20 
   60 
   60 
   -6 
   -6 
   44 
   44 
  -46 
  -46 
  -60 
  -60 
  -38 
  -38 
   18 
   18 
  -70 
   66 
   66 
   20 
   20 
   42 
   42 
    0 
    0 
  -16 
  -16 
   -6 
   -6 
  -68 
  -68 
   50 
   50 
  -24 
  -24 
  -56 
  -56 
   -4 
   -4 
   18 
   18 
   -8 
   -8 
   52 
   52 
   34 
   34 
   26 
   26 
    4 
    4 
   -8 
   -8 
  -22 
  -22 
  -60 
  -60 
  -62 
  -62 
   36 
   36 
   58 
   58 
  -80 
  -80 
    4 
    4 
   58 
   58 
  -14 
  -14 
   36 
   36 
   58 
   58 
   76 
   76 
   24 
   24 
   18 
   18 
  -14 
  -14 
  -48 
  -48 
  -22 
  -22 
   80 
   80 
   64 
   64 
   44 
   44 
   -6 
   -6 
  -48 
  -48 
  -40 
  -40 
    2 
    2 
  -68 
  -68 
   66 
   66 
   -4 
   -4 
   10 
   10 
  -20 
  -20 
   34 
   34 
   18 
   18 
   56 
   56 
   42 
   42 
   -6 
   -6 
  -78 
  -78 
    0 
    0 
   64 
   64 
  -94 
   36 
   36 
  -16 
  -16 
  -48 
  -48 
   66 
   66 
   58 
   58 
   90 
   90 
   24 
   24 
  -52 
  -52 
  -36 
  -36 
  -38 
  -38 
  -54 
  -54 
   -8 
   -8 
   18 
   18 
  -70 
  -70 
   48 
   48 
   12 
   12 
  -54 
  -54 
   74 
   74 
  -52 
  -52 
   64 
   64 
    0 
    0 
  -14 
  -14 
   50 
   50 
  -70 
  -70 
   42 
   42 
  -62 
  -62 
   -8 
   -8 
  -24 
  -24 
   98 
   98 
   -4 
   -4 
   36 
   36 
   10 
   10 
   74 
   74 
   32 
   32 
  -14 
  -14 
   10 
   10 
  -30 
  -30 
  -36 
  -36 
  -70 
  -96 
  -96 
  -78 
  -78 
   44 
   44 
  -16 
  -16 
  -22 
  -22 
   18 
   18 
  -92 
  -92 
   58 
   58 
  -96 
  -96 
   10 
   10 
  -20 
  -20 
  -86 
  -86 
  -84 
  -84 
   80 
   80 
  -78 
  -78 
 -102 
 -102 
  -64 
  -64 
   96 
   96 
   18 
   18 
  -14 
  -14 
  -62 
  -62 
   -4 
   -4 
   34 
   34 
   12 
   12 
   24 
   24 
   58 
   58 
  -62 
  -62 
    4 
    4 
   10 
   10 
  -40 
  -40 
  -60 
  -60 
  -28 
  -28 
  -14 
  -14 
  -44 
  -44 
   66 
   66 
  -92 
  -92 
   -4 
   -4 
  -30 
  -30 
   72 
   72 
   90 
   90 
  -38 
  -38 
    2 
    2 
  -52 
  -52 
  104 
  104 
   56 
   56 
  -38 
  -38 
  -16 
  -16 
  -16 
  -16 
  -44 
  -44 
   58 
   58 
   34 
   34 
  -72 
  -72 
   92 
   92 
  -38 
  -38 
   20 
   20 
  -62 
  -62 
  -22 
 -100 
 -100 
  -94 
  -94 
  -86 
  -86 
  -16 
  -16 
  -94 
  -94 
   -8 
   -8 
  -86 
  -86 
  -60 
  -60 
   90 
   90 
   50 
   50 
   32 
   32 
  100 
  100 
   10 
   10 
   12 
   12 
   24 
   24 
    2 
    2 
   60 
   60 
  -24 
  -24 
    4 
    4 
  -14 
  -14 
   32 
   32 
  -22 
  -22 
  122 
  122 
  -48 
  -48 
   76 
   76 
   34 
   34 
   36 
   36 
   74 
   74 
   18 
   18 
   26 
   26 
   32 
   32 
   42 
   42 
    8 
    8 
  -46 
  -46 
   40 
   40 
  -36 
  -36 
  -14 
  -14 
   92 
   92 
  -62 
  -62 
   74 
   74 
  -14 
  -14 
    4 
    4 
   64 
   64 
  -54 
  -54 
   10 
   10 
   64 
   64 
   26 
   26 
    2 
    2 
 -112 
 -112 
   36 
   36 
   34 
   34 
   44 
   44 
   60 
   60 
   50 
   50 
  108 
  108 
  108 
  108 
  -38 
  -38 
  -80 
  -80 
   50 
   50 
  -46 
  -46 
  -12 
  -12 
  -14 
  -14 
  -16 
  -16 
  -86 
  -86 
    8 
    8 
   -6 
   -6 
  -30 
  -30 
  -78 
  -78 
   74 
   74 
  -92 
  -92 
  -38 
  -38 
  -38 
  -38 
   48 
   48 
   66 
   66 
  -24 
  -24 
  114 
  114 
  -92 
  -92 
 -126 
  -60 
  -60 
  120 
  120 
  -70 
  -70 
   44 
   44 
   40 
   40 
  -86 
  -86 
   12 
   12 
  -78 
  -78 
  -48 
  -48 
   16 
   16 
   10 
   10 
 -124 
 -124 
 -142 
 -142 
   74 
   74 
    2 
    2 
   18 
   18 
  -44 
  -44 
 -100 
 -100 
  -44 
  -44 
  -62 
  -62 
   90 
   90 
   60 
   60 
   66 
   66 
  -64 
  -64 
   -6 
   -6 
  -60 
  -60 
   68 
   68 
    2 
    2 
   80 
   80 
 -116 
 -116 
  -94 
  -94 
  -38 
  -38 
  -56 
  -56 
   90 
   90 
  100 
  100 
   64 
   64 
   74 
   74 
  -38 
  -38 
   52 
   52 
 -102 
 -102 
 -140 
 -140 
  -64 
  -64 
 -102 
 -102 
   40 
   40 
  114 
  114 
   84 
   84 
   42 
   42 
   42 
   42 
   56 
   56 
   88 
   88 
   98 
   98 
   96 
   96 
   96 
   96 
  -76 
  -76 
  -68 
  -68 
  -22 
  -22 
 -102 
 -102 
   40 
   40 
 -126 
 -126 
   90 
   90 
  -72 
  -72 
   44 
   44 
   36 
   36 
 -120 
 -120 
   26 
   26 
  -14 
   98 
   98 
   84 
   84 
  -44 
  -44 
  -54 
  -54 
 -142 
 -142 
  114 
  114 
   10 
   10 
  156 
  156 
   28 
   28 
  -46 
  -46 
   44 
   44 
   74 
   74 
  130 
  130 
    8 
    8 
  -54 
  -54 
  130 
  130 
 -100 
 -100 
   58 
   58 
  -60 
  -60 
  -70 
  -70 
  100 
  100 
  130 
  130 
   80 
   80 
  -48 
  -48 
  -46 
  -46 
  114 
  114 
  -40 
  -40 
   50 
   50 
   90 
   90 
   -8 
   -8 
  -84 
  -84 
   26 
   26 
 -144 
 -144 
   48 
   48 
  -78 
  -78 
 -150 
 -150 
   26 
   26 
   44 
   44 
  -80 
  -80 
  120 
  120 
  -56 
  -56 
   50 
   50 
 -132 
 -132 
 -158 
 -158 
   42 
   42 
 -108 
 -108 
  -40 
  -40 
   48 
   48 
   34 
   34 
   34 
   34 
  -54 
  -54 
  154 
  154 
  -28 
  -28 
  -54 
  -54 
 -104 
 -104 
   -8 
   -8 
   76 
   76 
  -24 
  -24 
  -14 
  -14 
  152 
  152 
  -22 
  -22 
  148 
  148 
  -70 
  -70 
  -14 
  -14 
   20 
   20 
 -150 
 -150 
  138 
  138 
  -40 
  -40 
    2 
    2 
  116 
  116 
   -6 
   -6 
 -126 
 -126 
   20 
   20 
  -24 
  -24 
   -4 
   -4 
  -54 
  -54 
  -78 
  -78 
  124 
  124 
   10 
   10 
   10 
   10 
    4 
    4 
    0 
    0 
   34 
   34 
  138 
  138 
  -62 
  -62 
  112 
  112 
   60 
   60 
  -56 
  -56 
   10 
   10 
  -78 
  -78 
   90 
   90 
  -30 
  -30 
  -52 
  -52 
  -46 
  -46 
  136 
  136 
  -84 
  -84 
   82 
