1 0
200
    1 
    8 
    2 
    1 
    1 0 
    8 
   97 17 
    1 0 
  130 -80 
    1 -1 
    4 
    0 
    0 

   -1 
    1 
    1 
    1 

    0 
    0 
    2 
   -1 
   -1 
   -7 
    3 
    1 
    4 
   -1 
    4 
    0 
   10 
    1 
  -10 
   -9 
   -6 
    4 
   -5 
  -11 
   -4 
    2 
    6 
   14 
    5 
   18 
    6 
   11 
    4 
    6 
   -1 
    6 
    2 
   22 
    2 
   14 
    4 
   14 
  -10 
   22 
   19 
  -24 
  -21 
  -26 
   22 
   -9 
   -3 
   12 
   18 
   20 
   14 
    5 
   -6 
  -20 
   22 
    9 
    1 
   18 
  -16 
  -17 
   22 
   -4 
   -1 
   -1 
  -24 
   -2 
   10 
    9 
    6 
  -24 
   34 
  -14 
    4 
   -2 
   -8 
   -9 
   26 
   10 
  -35 
    6 
  -21 
  -31 
   33 
   18 
   -6 
   17 
  -28 
   -7 
   12 
  -19 
   37 
  -20 
   22 
   32 
   25 
   26 
  -27 
  -28 
   -8 
   16 
   18 
   31 
  -15 
   15 
  -14 
   20 
    5 
  -22 
   22 
  -44 
   28 
   19 
   15 
   38 
   -2 
   22 
  -18 
   28 
  -20 
   12 
   30 
   19 
   -9 
   28 
   12 
  -14 
   46 
   38 
   21 
   21 
    4 
  -23 
   26 
  -22 
   34 
  -14 
  -50 
  -51 
   30 
   12 
    0 
   28 
   49 
    6 
  -10 
  -17 
   48 
  -48 
    2 
  -14 
   40 
   35 
  -29 
   20 
  -33 
  -53 
  -30 
  -49 
   32 
  -33 
  -52 
   26 
   44 
   34 
   15 
  -12 
  -52 
  -48 
   -9 
   31 
   14 
    6 
  -10 
  -52 
   -2 
   22 
    6 
  -22 
  -37 
    0 
   52 
  -56 
  -18 
   29 
   20 
   10 
  -35 
   40 
   10 
   66 
   16 
    2 
    4 
   -9 
  -63 
   14 
    8 
  -41 
  -40 
   14 
