1 0
200
   -1 
    0 
    8 
    1 
    3 2 
   16 
   27 -61 
    1 0 
  -42 -210 
    3 -1 
    2 
    0 
    0 

   -1 
   -1 
    1 
    1 
    1 

    0 
    1 
   -1 
    4 
   -4 
   -1 
    6 
   -4 
    4 
    6 
    2 
  -10 
   -4 
    4 
   -1 
   -4 
   -4 
  -16 
   -4 
   -2 
    6 
   -8 
    0 
   -2 
  -10 
   -2 
  -14 
   -8 
  -12 
   10 
    2 
  -20 
  -12 
   -6 
   18 
  -12 
   -8 
  -20 
   -8 
   10 
    0 
   16 
  -18 
  -14 
  -12 
   -8 
   -8 
    4 
   -2 
   -6 
   -2 
   14 
   -4 
   20 
  -14 
   -2 
   -6 
  -10 
    8 
   20 
    4 
   16 
  -18 
    6 
  -12 
   36 
   18 
  -34 
   12 
   12 
  -34 
   14 
  -32 
  -20 
   34 
   18 
   14 
    6 
    0 
   28 
   38 
  -34 
  -12 
   -4 
  -30 
   -2 
  -22 
   18 
  -36 
  -12 
   24 
    0 
   20 
  -16 
   22 
   22 
    4 
  -44 
   26 
   28 
  -20 
   24 
  -24 
  -22 
   26 
   -4 
   20 
  -26 
   -2 
  -12 
  -28 
  -18 
   34 
  -10 
    6 
  -10 
  -22 
  -28 
   20 
  -18 
   34 
   20 
  -24 
   12 
   20 
  -14 
    2 
   36 
    4 
   20 
   -4 
   16 
   44 
   18 
   14 
   46 
   22 
  -28 
   36 
   10 
  -38 
   -4 
  -24 
   24 
   36 
   14 
  -22 
    6 
   36 
    0 
  -10 
   30 
  -36 
   16 
   36 
  -52 
  -42 
    6 
   30 
   -2 
   44 
    0 
  -26 
  -14 
  -10 
  -24 
   32 
   42 
   34 
   50 
   10 
  -12 
   20 
  -38 
   50 
   54 
  -30 
  -28 
  -60 
   -8 
   36 
   -6 
  -42 
  -12 
    8 
  -26 
  -54 
  -38 
  -42 
   48 
   28 
   56 
   44 
  -24 
  -36 
    2 
   54 
  -26 
   58 
    6 
