4 2
25
   -1     1    -1    -1 
    0     0     0     0 
    6     5     3     2 
    1     1     1     1 
    5 0    -3 2    -9 2     5 0 
   60    16    96     4 
 -201 -67   -37 -26  -201 -67    73 -64 
   -1 1     1 0    -1 1     1 0 
  246 246  -164 -41   246 246   328 82 
    3 -1     3 -1     3 -1     1 2 
    8     8    -1    -2 

    1    -1    -1    -1 
    1    -1     1     1 
   -1     1     1    -1 
   -1    -1    -1     1 

   -1     1     1     1 
    0     0     0     0 
   -2    -1     1     2 
    2    -5     3    -2 
   -3     2     0    -1 
    4    -5    -3     8 
    2    -7     3    -2 
    1    -7     5    -5 
    1    -1    -7     1 
    7    -8    -4    -1 
    1    -1    -1     1 
    1     1     1    -1 
   -8   -10    -4   -12 
   10    -1     5    -6 
    4     3   -13    -4 
   -3   -12     6    -5 
    0    -6     0     8 
    2    -6     2   -10 
   -8   -12     2    -4 
    0    10   -10     8 
  -14   -11    -7     2 
    7     0    -6    -5 
   -4     6    -6   -16 
   -6    12    -6    -6 
   -5   -18   -18    -3 
