2 0
25
   -1    -1 
    0     0 
   16     8 
    1     1 
   -3 2    -3 2 
   12    36 
  -39 59   -39 59 
    1 0     1 0 
    0 216     0 216 
    3 -1     3 -1 
   -2     1 

    1    -1 
   -1    -1 
   -1     1 

    0     0 
    0     0 
    0     0 
   -4     4 
    5    -5 
    2     2 
   -5    -5 
    2    -2 
   -2     2 
   -9    -9 
    3     3 
   12    12 
   -6     6 
    0     0 
   -8    -8 
   14   -14 
   -1     1 
  -11    11 
   11   -11 
   10    10 
   -2    -2 
   -6     6 
  -12    12 
    4     4 
   -1    -1 
