3 0
25
    1    -1    -1 
    0     0     0 
    6     3     6 
    1     1     1 
   -3 2     5 0     3 2 
   48   140     8 
   49 -23    93 98    93 98 
    1 0     2 0     2 0 
  -44 -121   242 -44   242 -44 
    1 -2     1 -2     1 -2 
   -6    -5    -1 

    1     1    -1 
    1     1     1 
   -1     1    -1 
   -1    -1     1 
   -1    -1     1 

   -1    -1     1 
   -2     1    -2 
   -1    -1    -1 
    1    -1     1 
    1     1    -1 
   -6    -3    -2 
   -2    -2     4 
   -8     7    -8 
    0     6     6 
   -6    -3    -8 
   -6     0     8 
  -10   -10    -6 
    1     1    -1 
    4    -2     4 
    2    11    -6 
   12     0     6 
  -10    -4    -6 
    2     2    -4 
    2     8     2 
    0    -6     4 
   -8   -14     0 
    0    -9    12 
  -16    11     4 
   10    16   -14 
  -14    10    10 
