3 7
25
   -1    -1    -1 
    0     0     0 
    4     3     3 
    1     1     1 
   -1 6    -1 6    -1 6 
   32   128    32 
  105 92   105 92   105 92 
    2 0     2 0     2 0 
  236 -59   236 -59   236 -59 
    1 -2     1 -2     1 -2 
   -3   -13     1 

   -1    -1    -1 
   -1    -1     1 
    1     1    -1 

   -1     0     0 
   -2    -2    -2 
    0     0     0 
   -3    -3     3 
   -5     3    -3 
    1    -3    -3 
    5     3     3 
    6     2    -2 
    6     2    -2 
   -2   -10     6 
    9    -3     5 
   -3     3    -5 
    9    -1     9 
   11    -1     9 
   -3     5   -11 
    1     1    -1 
   -1    -1     1 
    4    -4   -12 
   -8    -4   -12 
    6     2     2 
   -8     2     2 
   11     9    -1 
  -11    -9     1 
   -6     0   -12 
   16     0    12 
