2 0
25
   -1    -1 
    0     0 
    5     1 
    1     1 
   -3 2    -3 2 
   24     8 
 -148 -27  -148 -27 
   -1 0    -1 0 
  297 54   297 54 
    2 0     2 0 
    2     2 

    1    -1 
   -1     1 
   -1    -1 

   -2     2 
    0     0 
    0     0 
    1    -1 
    1    -1 
   -4     4 
    0     0 
    6     6 
   -4    -4 
   -5    -5 
    8    -8 
    0     0 
    6     6 
    1     1 
   -1    -1 
   -4     4 
  -12    12 
   -8    -8 
   -4    -4 
  -11   -11 
    7     7 
    7    -7 
   -1     1 
    6    -6 
   -2     2 
