5 0
200
    1    -1    -1    -1     1 
   64     0     0     0   -72 
   16    15    11     7     9 
    1     1     1     1     1 
    1 0     3 4     3 4     3 4     1 0 
   64    32    32    16   -72 
   93 -1    93 -1    93 -1    93 -1    93 -1 
    1 0     1 0     1 0     1 0     1 0 
  276 -96   276 -96   276 -96   276 -96   276 -96 
    3 -1     3 -1     3 -1     3 -1     3 -1 
   -2     9     3    -1    -5 

    1     1     1     1     1 
    1     1     1     1    -1 
   -1    -1    -1     1     1 
    1    -1    -1     1     1 

    0     0     0     0     0 
   -1    -1    -1    -1     1 
    0     0     0     0     0 
   -4    -3     1     5     3 
    6    -3     3     3     5 
    4     6     2    -8     4 
    2     3    -7     5     7 
   -4     7     7     5     5 
    8    -2     6    -4     0 
    6    -1    -7    -9    -5 
    8     6   -10    -4    12 
    4     0     8    -8     0 
    0     1     1    -9     7 
   -4     1    -1    11    -1 
    2    -4     4   -10    -2 
    6     9    -5     9   -13 
    0    -3    -3    -9    -3 
    4    -5     9    -5   -13 
    4   -14    -2    -8     4 
    2    -7    13    11    -9 
   -1     1     1    -1    -1 
    4    -9   -13    -5     5 
    6     0   -16    12    -4 
  -12     6   -10     6    10 
   12    -3   -15    15    -7 
  -18   -10   -18     6    -6 
   14     8   -16   -10   -10 
   -4   -18     6     2    18 
  -18     6    10    12     0 
    4   -15    -7     1    19 
    6    -6    10   -12   -16 
   14    -6   -14    -4    20 
    0   -18   -10   -18   -18 
   12    18    18   -12    16 
   12   -18     2   -12    -4 
   20    -5     9    11    -5 
    4     4    -4     4     4 
  -20     7     1   -11     1 
    4    16   -16    -8    24 
   -6   -10   -14    -6   -14 
   -4     6    -6     8    16 
   -6     6    -6     6    10 
   26    14   -14    26   -14 
  -14   -22    -2    16    -8 
   12    22   -10   -18    -2 
  -28   -23   -13     5   -11 
  -14   -12    20     4    12 
   18    12     0    18    14 
   18    -6   -14     6     2 
   12    18   -14    18   -26 
  -18    17    -1   -15    -3 
   -2   -28     0    -8    -8 
  -12    12    12    12    12 
  -12     0   -24   -12     4 
   -8    21   -19    13    -9 
    8   -15    21   -13    -3 
    8   -27    -3    -7    27 
  -26    24    24    -8     0 
   -4    -5   -17   -25   -13 
  -12   -32    -8     6    -6 
   -4   -20    12    -4   -12 
   -4     7    -5   -25   -29 
   10   -10    -6   -14   -14 
   -2   -10    10    22    -6 
  -28    -8    28   -10   -18 
   28    -8    20    -2    14 
   -2    32    20   -20    -8 
   -2   -13   -25   -23    21 
   -8    36    28    16     0 
    8    24   -12    20   -12 
  -18   -24     4    -6   -10 
   34    -6   -30   -26    14 
   28    16   -20    -2   -34 
  -16   -20   -24     2     2 
   22   -18   -14   -14   -34 
   30    15    29    -3   -33 
  -30    -4    -4     0   -16 
   -2    23    -3    25   -23 
  -30    -9   -23    -3    27 
   -2    24   -24    -2   -14 
  -38    11   -15   -11   -19 
  -34   -16    16    20    -8 
  -24     6     6     0    36 
   14   -30   -18     2    34 
   38    33   -37    -1    21 
   16    36   -12   -20   -24 
   38    17    19   -25   -33 
   22   -10   -30   -14     2 
  -20    12    20   -20    24 
  -38   -24     0     4   -36 
   12     9    33   -33    13 
   30    33   -37    33   -29 
  -24    -5   -41     3   -41 
   40     4    32   -20    28 
   10    42   -26   -38   -10 
   -8    -6    -6    -8    12 
   -4    16    36    -4    28 
  -36     7   -25   -15    17 
  -26   -37     3   -17   -33 
   36    -8    40     0   -12 
  -28   -35    27    11    -1 
   30    39     9    21     3 
    0   -12    -4   -36    -4 
   36   -12   -24    24     4 
  -34   -18   -30   -22   -42 
  -12   -23    -5     9    25 
   20   -23    -3   -31   -19 
   30    11   -25   -39    21 
  -30   -16   -20   -18    -2 
  -18    27     9   -21   -15 
    6   -18    -6    18    10 
    2   -42   -30    26   -10 
  -22   -12    24    14    14 
  -30    44     0   -18   -22 
  -10   -37     7    17    29 
   -4    30    38    26   -42 
  -18    -6     2   -12     8 
  -44    19   -23    43   -29 
  -28    10   -10   -28    20 
    4    18    42    10    -2 
   24    30    18   -12     0 
    4    40   -24    22    14 
    0     4    40     6   -10 
   -6   -36   -20   -24     0 
  -10   -30   -10   -16   -36 
   -2     8   -44     4    40 
    2     8    32   -10    38 
  -40   -39   -27   -31    39 
   46   -39    -9    19   -19 
  -44    37     5   -29   -13 
   36   -44    20    12    12 
  -44   -20   -20     4    36 
   20   -20    32     8   -36 
  -54    30    10   -42    -6 
  -12     0    48     0    52 
   26   -31    47   -43    -7 
   22    50    -2   -32   -44 
  -20    49    39    19   -49 
    4   -50    38   -38    22 
  -18    45   -17    -9    13 
   26   -33    25   -13   -35 
  -20    16   -40   -20    24 
  -12   -11    35    51   -33 
   18     3     9   -45    33 
   42     6    22     6    18 
  -50   -13     5     7    35 
   42    -3   -17   -57    45 
   18    -3     3   -15   -49 
    4     4    28    -8   -24 
   20     4    20    56   -48 
  -38    24    16   -14    46 
  -20    -9   -49   -17    53 
  -44    34    26    -2   -26 
   -4   -20    52    26     6 
    0    46    54     0     8 
   28    10    30     4    36 
  -48    30    -6   -42    -6 
   10   -27    -5    37    -5 
   26   -16   -48    14   -14 
  -46   -16    20   -58    38 
  -46    24    12   -28    32 
  -18   -45   -15    15   -59 
   -6     9    15    45    51 
   58   -39   -21    43    17 
  -22   -10    14    14   -30 
    8   -30    42    14    30 
   26    30   -42    50   -42 
  -22    18    38    50    -2 
   -8     6   -26   -50   -50 
    6   -43   -41    -9    -9 
  -38    20   -16   -14     6 
   46     3   -39   -17   -51 
  -30    24    -8    48    12 
   58   -19    -3   -11   -11 
  -58   -46    26   -16   -44 
   38   -48    40     2     2 
  -30    -6     6   -30    -6 
   16   -26    50     4     8 
  -28    -8     8   -46    34 
   24   -45     7   -33     9 
   36    30    18    30    -2 
  -38   -42     2    16   -12 
  -42   -18   -54    60   -20 
   52    19    25     7    15 
    0   -35   -39   -63    29 
   14   -13    37   -49   -29 
  -46    -4    16    38    26 
  -34   -52     0    38     6 
  -34    -7    -7    53    53 
   16    48     0   -20    44 
  -66   -36    12    12   -36 
    4    16   -36   -50    38 
   32   -29    55    59    -1 
   12    21    45     3   -15 
    0   -24   -44    42   -30 
   16   -39     9   -35    63 
  -60    51   -41   -15   -49 
   18    68     4   -48   -36 
   -2   -49   -29    25   -59 
  -52    30    22     2    14 
