14 4
25
    1    -1     1    -1    -1    -1     1    -1     1    -1    -1    -1    -1     1 
    0     0     0     0     0     0   -96     0   -48     0     0     0     0   -48 
   18    18    16    16    14    14    12    12    12    10    10     8     8     6 
    1     1     1     1     1     1     1     1     1     1     1     1     1     1 
    3 4     3 2     3 4    -3 2    -3 2    -3 2     1 0    -3 2     1 0    -3 2    -3 2    -3 2    -3 2     1 0 
   48    16    32    16    16    16   -96    16   -48    16    32    64    16   -48 
   33 -49    33 -49    33 -49    33 -49    33 -49  -147 -49    33 -49    33 -49    33 -49  -147 -49    33 -49  -147 -49  -147 -49    33 -49 
    1 0     1 0     1 0     1 0     1 0    -1 1     1 0     1 0     1 0    -1 1     1 0    -1 1    -1 1     1 0 
    0 -180     0 -180     0 -180     0 -180     0 -180   180 180     0 -180     0 -180     0 -180   180 180     0 -180   180 180   180 180     0 -180 
    3 -1     3 -1     3 -1     3 -1     3 -1     3 -1     3 -1     3 -1     3 -1     3 -1     3 -1     3 -1     3 -1     3 -1 
    4    -5     2    -6    -5    -1    -6    -2    -3    -1    -6    -3    -1    -4 

    1     1     1    -1     1    -1     1    -1     1    -1    -1    -1    -1     1 
    1    -1    -1    -1    -1     1    -1    -1    -1     1    -1     1    -1     1 
    1    -1    -1    -1    -1     1    -1    -1    -1     1     1    -1    -1     1 
   -1     1    -1    -1     1    -1    -1    -1    -1    -1     1     1    -1    -1 

    0     0     0     0     0     0     0     0     0     0     0     0     0     0 
    0     0     0     0     0     0     0     0     0     0     0     0     0     0 
    0     0     0     0     0     0     0     0     0     0     0     0     0     0 
   -6    -6    -4    -4    -2    -2     0     0     0     2     2     4     4     6 
   -6    -2    -4    -4    -6    -2     0     0     0     2     4     2     4     6 
   -6     8    -2     6     0    -2    -6     2     6     2    -6     2    -2     6 
   -6     0    -2     6     8    -2    -6     2     6     2     2    -6    -2     6 
    4     4    -4     4    -4    -4     4    -4     4    -4    -4     0    -4     4 
    4    -4    -4     4     4    -4     4    -4     4    -4     0    -4    -4     4 
    1    -1     1     1    -1     1     1     1     1     1    -1    -1     1     1 
    0     2   -10     6     2     0     6   -10    -6     0    -2     0     6     0 
    0     2   -10     6     2     0     6   -10    -6     0     0    -2     6     0 
   -8     4    -4   -12    -4     8     4     4    10     8    -2    -2     8    -8 
   -8    -4    -4   -12     4     8     4     4    10     8    -2    -2     8    -8 
  -10     6   -14   -14     6   -10     2     2   -10   -10    10    10     2   -10 
   -6   -10    -4    12   -14    14     0     0    12   -14    -6    -4    -4     6 
   -6   -14    -4    12   -10    14     0     0    12   -14    -4    -6    -4     6 
    4    12   -12    -4     4     4     4     4    -2     4    -4    -4    -8     4 
    4     4   -12    -4    12     4     4     4    -2     4    -4    -4    -8     4 
  -10    -2    10    -6    -2     6     2   -14     2     6    -4   -12    -6   -10 
  -10    -2    10    -6    -2     6     2   -14     2     6   -12    -4    -6   -10 
  -12    16    12   -12     0    -4    12    12     6     4    16    12   -16    12 
  -12     0    12   -12    16    -4    12    12     6     4    12    16   -16    12 
   12     2     6   -10   -14   -12   -18    -2     6    12    -8    -6     6   -12 
   12   -14     6   -10     2   -12   -18    -2     6    12    -6    -8     6   -12 
