2 0
25
   -1     1 
    0   -48 
   12    12 
    1     1 
    3 4     1 0 
   32   -48 
  -63 83   -63 83 
    1 0     1 0 
  -24 312   -24 312 
    3 -1     3 -1 
    2    -4 

    1    -1 
    1    -1 
   -1     1 
   -1    -1 

    0     0 
   -1     1 
    1    -1 
    0     0 
   -4     4 
    6     6 
    2     2 
    0     0 
    4    -4 
   -2    -2 
    6     6 
   -2    -2 
   -8     8 
  -12    12 
    2     2 
   -4     4 
  -12    12 
   12   -12 
   -8     8 
   10    10 
    2     2 
  -16    16 
   -4     4 
   10    10 
   10    10 
