1 0
200
   -1 
    0 
    8 
    1 
    3 4 
  224 
  153 -79 
    0 1 
 -390 -150 
    3 -1 
   -5 

    1 
    1 
    1 
   -1 
   -1 

   -1 
   -1 
   -1 
    4 
   -4 
    2 
   -2 
    4 
    4 
    1 
   -2 
  -10 
   -8 
   -4 
   -6 
   12 
   -4 
   -4 
    4 
   10 
    1 
   -4 
    4 
    6 
    6 
   10 
   -6 
   -4 
   -4 
   18 
  -18 
   12 
    4 
   10 
  -14 
  -16 
  -12 
   -4 
  -16 
   -6 
    4 
    4 
    2 
   26 
    0 
   16 
   28 
  -20 
  -10 
  -14 
   18 
  -14 
  -12 
  -12 
   -6 
  -14 
  -18 
   -6 
    8 
  -24 
   20 
   16 
   -6 
  -14 
   20 
   32 
  -30 
    2 
   12 
  -12 
    6 
   30 
   16 
    4 
   -6 
   18 
   26 
   18 
  -20 
  -12 
   18 
    2 
  -20 
  -20 
  -30 
   30 
  -22 
  -22 
  -12 
  -36 
   20 
   12 
   36 
  -20 
    2 
  -10 
   24 
    0 
   34 
   12 
  -12 
   12 
  -12 
   14 
  -30 
   -8 
  -28 
  -38 
   18 
   -4 
   20 
    6 
  -42 
  -30 
   42 
   -6 
   -2 
  -40 
  -16 
  -18 
  -42 
    4 
  -16 
  -20 
  -20 
  -14 
  -14 
  -28 
  -20 
   28 
   16 
   32 
    8 
  -30 
   -2 
   42 
  -46 
   52 
   -4 
  -14 
  -14 
   32 
   16 
    4 
  -52 
  -22 
  -10 
  -42 
   44 
   40 
   -6 
   30 
    0 
   -4 
   -8 
   28 
   -2 
   34 
   42 
  -38 
  -52 
  -12 
   -2 
  -34 
   10 
  -20 
  -12 
   30 
  -46 
  -22 
  -62 
  -60 
  -36 
  -14 
   42 
   -6 
   58 
  -12 
  -56 
   36 
   28 
  -18 
  -58 
  -28 
   32 
   42 
  -22 
    2 
  -38 
  -20 
   36 
   -4 
   28 
  -36 
  -28 
   34 
    2 
  -38 
   50 
   58 
