1 0
200
   -1 
    0 
    4 
    1 
    1 6 
 2400 
    9 -38 
    2 0 
   80 -10 
    1 2 
   50 

   -1 
    1 
    1 
   -1 

    0 
   -1 
    0 
   -1 
   -4 
    2 
    6 
   -4 
    4 
    1 
   -6 
    2 
   -4 
   -4 
    2 
   12 
    4 
  -12 
   -8 
   10 
   -2 
    0 
   -8 
  -14 
  -14 
   14 
   -2 
    0 
  -16 
    6 
    6 
   -4 
   12 
  -18 
  -18 
  -12 
  -12 
   12 
    0 
    2 
  -12 
   20 
   -6 
   -2 
   12 
   -4 
  -12 
  -12 
   14 
  -30 
   10 
  -14 
   -4 
   28 
    6 
  -18 
  -14 
   -6 
   16 
  -24 
  -20 
  -12 
   14 
  -10 
  -20 
    4 
  -10 
   18 
  -32 
  -16 
   -6 
   10 
  -36 
    4 
  -14 
   34 
  -22 
  -38 
   12 
  -20 
    2 
   -6 
  -24 
    4 
  -30 
   18 
   34 
   14 
   -4 
  -16 
  -12 
  -36 
   36 
  -20 
   42 
   -6 
   12 
   20 
  -14 
    8 
  -16 
   44 
  -12 
   26 
   -6 
   36 
   28 
   26 
  -14 
   12 
   16 
  -14 
  -26 
   10 
    2 
   22 
   22 
    4 
  -12 
  -30 
   34 
   -4 
  -32 
  -36 
   28 
   26 
   46 
    4 
    0 
    4 
  -44 
   -4 
   12 
  -22 
   -6 
   10 
    2 
   28 
    4 
  -38 
   34 
  -12 
  -20 
   52 
  -20 
   10 
   10 
   30 
   28 
   28 
  -30 
  -30 
  -48 
   -4 
   24 
    4 
  -46 
  -30 
   34 
   14 
   28 
    0 
  -26 
  -54 
   50 
   28 
  -44 
    2 
   42 
  -38 
   18 
   44 
   12 
   50 
   14 
  -46 
    2 
   28 
  -28 
  -20 
   52 
   26 
   22 
   28 
   56 
  -54 
  -22 
  -18 
   62 
   12 
  -36 
   28 
   44 
  -24 
   48 
  -22 
  -54 
   50 
  -22 
   54 
