12 0
200
    1    -1    -1     1     1     1     1     1    -1    -1    -1     1 
    0     0     0     8     6    12     0   -10     0     0     0    -4 
    7     5     5     4     3     3     5     5     4     3     3     1 
    1     1     5     1     1     1     1     1     1     5     1     1 
    3 2     3 4    -3 2     1 0     1 0     1 0    -3 4     1 0    -3 2    -3 2    -3 2     1 0 
   16     8    20     8     6    12    16   -10     8    20     8    -4 
  -71 -34   -71 -34    -7 67   -37 -69   -37 -69   -37 -69   -71 -34   -37 -69   -71 -34    -7 67   -71 -34   -37 -69 
    1 0     1 0     1 0     1 0     1 0     1 0     1 0     1 0     1 0     1 0     1 0     1 0 
   64 -176    64 -176   112 208  -176 -32  -176 -32  -176 -32    64 -176  -176 -32    64 -176   112 208    64 -176  -176 -32 
    1 2     1 2     3 -1     1 -1     1 -1     1 -1     1 2     1 -1     1 2     3 -1     1 2     1 -1 
    1     1    -5     4     3     6    -1    -5     1    -5    -1    -2 

   -1     1     1    -1    -1    -1    -1    -1     1     1     1    -1 
    1     1     1     1     1     1    -1    -1    -1    -1    -1    -1 
    1     1     1     1     1     1    -1    -1    -1    -1    -1    -1 

    0     0     0     0     0     0     0     0     0     0     0     0 
   -1    -1    -1    -1    -1    -1     1     1     1     1     1     1 
   -3    -1    -1     0     1     1    -1    -1     0     1     1     3 
   -1    -3     5     0     3     3    -3    -3     0    -5     3     1 
    2     0     0     4    -2     6    -6     2    -4     0     0    -2 
    4     2     2    -2     8     0     0     8    -2     2     2     4 
   -3     1    -3    -6     5    -3    -3     5    -6    -3     1    -3 
   -6    -2    -6     4     2     2    -2    -2    -4     6     2     6 
   -5     5     1    -4    -1     7    -7     1     4    -1    -5     5 
   -7     1     1     6     1     1     1     1     6     1     1    -7 
    2    -4    -8    -2    -2     6     6    -2    -2    -8    -4     2 
   -3    -3    -3     6    -3    -3    -3    -3     6    -3    -3    -3 
  -12     2    -6     4     0     8    -8     0    -4     6    -2    12 
   -1    -1    -1    -1    -1    -1     1     1     1     1     1     1 
   -8    -2    10    10    12     4     4    12    10    10    -2    -8 
   -4     2    -6   -12     8     0     0    -8    12     6    -2     4 
   -3    -1    11    -4   -15     9    -9    15     4   -11     1     3 
   -8    14     2    12     4    -4     4    -4   -12    -2   -14     8 
    4    12     8     4   -12     4    -4    12    -4    -8   -12    -4 
    2   -16    16     2     6    -2    -2     6     2    16   -16     2 
    5    -3     1    -2    13   -11   -11    13    -2     1    -3     5 
  -16     2   -14   -12     4    12   -12    -4    12    14    -2    16 
    4   -12     4     4    -4    12   -12     4    -4    -4    12    -4 
   -6   -10   -10    -6    -6    -6    -6    -6    -6   -10   -10    -6 
   -1     7    -5     6    15    -9    -9    15     6    -5     7    -1 
    2   -12    -8     6    -2   -10   -10    -2     6    -8   -12     2 
  -12   -10   -18    14    16     8     8    16    14   -18   -10   -12 
  -11    -5     3     0    -7     9    -9     7     0    -3     5    11 
    6    18   -18    12    -2   -18    18     2   -12    18   -18    -6 
  -15     9     9     2     1   -15   -15     1     2     9     9   -15 
   -6    14    14     6    -6    -6    -6    -6     6    14    14    -6 
   -2    -8     0   -12    18    -6     6   -18    12     0     8     2 
   -4     0    20    -4     4   -12    12    -4     4   -20     0     4 
   -2    -4   -12   -18   -14    -6    -6   -14   -18   -12    -4    -2 
   12    12     8    -2    12    12    12    12    -2     8    12    12 
  -10   -14    14    -4    14    14   -14   -14     4   -14    14    10 
    2    -8    -4     4    14    22   -22   -14    -4     4     8    -2 
   20     6    -6    -4    -8    16   -16     8     4     6    -6   -20 
  -17    21     1   -20     3    11   -11    -3    20    -1   -21    17 
   -3     5   -15    18   -11   -19   -19   -11    18   -15     5    -3 
  -16     0    -4   -12   -16     0     0    16    12     4     0    16 
   16    12     4    20   -24    24   -24    24   -20    -4   -12   -16 
    8    -2    26     6    -4     4     4    -4     6    26    -2     8 
   -4   -16    16    -2     4     4     4     4    -2    16   -16    -4 
  -28   -12    20     8   -12     4    -4    12    -8   -20    12    28 
  -22    -8   -20     4   -10    14   -14    10    -4    20     8    22 
    6     8    12    -4    26    18   -18   -26     4   -12    -8    -6 
    6     6    18   -12    22     6    -6   -22    12   -18    -6    -6 
   -3   -11     1    14    21    -3    -3    21    14     1   -11    -3 
   19    -9    -9   -22     3     3     3     3   -22    -9    -9    19 
    4   -10   -22   -26    16    -8    -8    16   -26   -22   -10     4 
   -9    11     3    -2   -17   -17   -17   -17    -2     3    11    -9 
   12   -16     0     8   -12   -12    12    12    -8     0    16   -12 
  -30    18    10    20    18   -30    30   -18   -20   -10   -18    30 
  -18   -12     8   -14   -30    -6    -6   -30   -14     8   -12   -18 
  -12     0   -12    -6    12    12    12    12    -6   -12     0   -12 
    0    30    18     2     4    12    12     4     2    18    30     0 
   13   -27    -7   -18    -3   -27   -27    -3   -18    -7   -27    13 
   11    21   -11    32    -1    31   -31     1   -32    11   -21   -11 
    4   -16    16    16    28    -4     4   -28   -16   -16    16    -4 
   -3     7   -33    16     9    -7     7    -9   -16    33    -7     3 
  -13    17    -7    16    23     7    -7   -23   -16     7   -17    13 
  -21    -9    -1    22   -13    19    19   -13    22    -1    -9   -21 
   26    34    -6     6    10    10    10    10     6    -6    34    26 
   -8     2    10    28    12   -28    28   -12   -28   -10    -2     8 
  -20    28    20   -16    12    28   -28   -12    16   -20   -28    20 
  -22    -2    18   -22     2   -14   -14     2   -22    18    -2   -22 
  -14    20   -32     2    14    22    22    14     2   -32    20   -14 
    9    -9     7     0    -3    -3     3     3     0    -7     9    -9 
    3   -11    33   -12    -1    -9     9     1    12   -33    11    -3 
  -14    22   -26   -34   -14    18    18   -14   -34   -26    22   -14 
    0    -4     4     2    24    24    24    24     2     4    -4     0 
   15     9    21    -4    19    11   -11   -19     4   -21    -9   -15 
   28    12     4    28    12   -20    20   -12   -28    -4   -12   -28 
   10    18   -22    -2    -6    -6    -6    -6    -2   -22    18    10 
   32     0   -12    14    32     0     0    32    14   -12     0    32 
    4    -8     0   -18    28    -4    -4    28   -18     0    -8     4 
  -26   -10   -10    10    -2    14    14    -2    10   -10   -10   -26 
    3   -11     1   -20   -33    -9     9    33    20    -1    11    -3 
  -13     5   -11   -24    -9    -9     9     9    24    11    -5    13 
   -3   -11   -39    26   -11    29    29   -11    26   -39   -11    -3 
    2     2    26    22    34     2     2    34    22    26     2     2 
  -27    -1    11    12   -39   -15    15    39   -12   -11     1    27 
   22     8   -16   -12    26    18   -18   -26    12    16    -8   -22 
   -6    10   -30   -38    -6    -6    -6    -6   -38   -30    10    -6 
   42    34    10   -18   -30    18    18   -30   -18    10    34    42 
  -37     3   -17   -22   -37    35    35   -37   -22   -17     3   -37 
   12    16   -12    -2   -28   -28   -28   -28    -2   -12    16    12 
  -10   -30   -18    36   -18    30   -30    18   -36    18    30    10 
   40   -24   -12    28     8   -24    24    -8   -28    12    24   -40 
  -28    -8     0    20   -36    12   -12    36   -20     0     8    28 
  -20    -4    20    -8   -36    12   -12    36     8   -20     4    20 
  -20    24     4     4   -28     4    -4    28    -4    -4   -24    20 
   24    -8   -24   -40     0    32   -32     0    40    24     8   -24 
   40     0    -8    22    24   -24   -24    24    22    -8     0    40 
   12    14   -38   -18    -8     0     0    -8   -18   -38    14    12 
  -39     7    11     4   -19   -11    11    19    -4   -11    -7    39 
   -6    -8    24   -36   -26   -34    34    26    36   -24     8     6 
   -2   -36    40    26     2    26    26     2    26    40   -36    -2 
    1     7   -37    28   -27   -19    19    27   -28    37    -7    -1 
  -27    11   -33   -12   -23     1    -1    23    12    33   -11    27 
    0   -36     4    12    -8   -24    24     8   -12    -4    36     0 
   42   -28   -24    36    30     6    -6   -30   -36    24    28   -42 
  -10   -46    30     6   -34   -18   -18   -34     6    30   -46   -10 
   33   -15   -15    22     9   -39   -39     9    22   -15   -15    33 
   -2   -32    20   -20    18   -22    22   -18    20   -20    32     2 
   23    21    45    32    -5    -5     5     5   -32   -45   -21   -23 
  -10    42   -22    -6    -2    -2    -2    -2    -6   -22    42   -10 
  -27    37    -7     6    29   -11   -11    29     6    -7    37   -27 
   35     9    -7    32    -1   -33    33     1   -32     7    -9   -35 
   35     1    -3    12     7   -33    33    -7   -12     3    -1   -35 
   -9    23    19   -18   -25   -33   -33   -25   -18    19    23    -9 
    3   -41    -1   -30   -37    27    27   -37   -30    -1   -41     3 
  -19   -23   -27    46    21   -35   -35    21    46   -27   -23   -19 
    0    36    48    -6   -24    -8    -8   -24    -6    48    36     0 
   -2   -10     2   -22   -18   -18   -18   -18   -22     2   -10    -2 
   -3   -11    -3   -22    -3    -3    -3    -3   -22    -3   -11    -3 
    7   -11   -11    24    27   -37    37   -27   -24    11    11    -7 
  -47   -25    31    32    13   -35    35   -13   -32   -31    25    47 
   12    -2   -42   -10     8     0     0     8   -10   -42    -2    12 
  -30    40   -12    30    38   -18   -18    38    30   -12    40   -30 
   14    14    46     4    -2    14   -14     2    -4   -46   -14   -14 
   34     2    14    -4    34   -14    14   -34     4   -14    -2   -34 
   34    30   -34    20    10    -6     6   -10   -20    34   -30   -34 
   15    21     9   -12    27     3    -3   -27    12    -9   -21   -15 
   16   -50   -34    14    36    44    44    36    14   -34   -50    16 
   -7   -11    41    10    -7    17    17    -7    10    41   -11    -7 
  -12     4     4   -32    36   -12    12   -36    32    -4    -4    12 
  -18     4    16   -12    26    18   -18   -26    12   -16    -4    18 
   15     5   -15    -4   -21    35   -35    21     4    15    -5   -15 
   20   -14    10    -4    32    -8     8   -32     4   -10    14   -20 
   11     9     1    32   -41   -25    25    41   -32    -1    -9   -11 
  -10    32     4    12    26    34   -34   -26   -12    -4   -32    10 
    9    41    -3   -30    41   -15   -15    41   -30    -3    41     9 
   14    22   -18     6    22     6     6    22     6   -18    22    14 
  -38    -2    10   -34    50   -14   -14    50   -34    10    -2   -38 
   54   -18   -50   -10   -26    22    22   -26   -10   -50   -18    54 
   -7    39   -13   -20    21    13   -13   -21    20    13   -39     7 
   32    12    28    12     8   -40    40    -8   -12   -28   -12   -32 
   30   -38    10   -54    -2    30    30    -2   -54    10   -38    30 
   30    12    40   -18   -46    -6    -6   -46   -18    40    12    30 
   24    -4    20    20   -16   -16    16    16   -20   -20     4   -24 
  -43   -41    -5   -20   -47    25   -25    47    20     5    41    43 
   30   -48    48    36     2    -6     6    -2   -36   -48    48   -30 
  -41   -47    37   -12   -29    27   -27    29    12   -37    47    41 
  -35    13    37   -10   -35    13    13   -35   -10    37    13   -35 
  -33   -33     3    42     7    15    15     7    42     3   -33   -33 
   52    -8   -52    38   -20    12    12   -20    38   -52    -8    52 
  -19    19   -49    20    41   -31    31   -41   -20    49   -19    19 
   -8     8   -56   -20    -8    40   -40     8    20    56    -8     8 
   -9    -5     7    14    39    15    15    39    14     7    -5    -9 
   34    52   -48   -46   -18     6     6   -18   -46   -48    52    34 
   -3     7   -21    12   -47    25   -25    47   -12    21    -7     3 
   -3    11    -9   -36   -47    -7     7    47    36     9   -11     3 
   46    14   -22    -4   -18    46   -46    18     4    22   -14   -46 
  -20   -16   -28    -4    20   -28    28   -20     4    28    16    20 
   40     4     0    46   -16     0     0   -16    46     0     4    40 
   38    58    30   -42    46    30    30    46   -42    30    58    38 
  -24    14   -38    50   -20    20    20   -20    50   -38    14   -24 
  -33    31   -33    58    23   -25   -25    23    58   -33    31   -33 
   15    25   -27    28    43     3    -3   -43   -28    27   -25   -15 
    0   -34    42    44   -52   -12    12    52   -44   -42    34     0 
  -10   -42    54     6   -18    30    30   -18     6    54   -42   -10 
   42     6   -26    -6   -22   -54   -54   -22    -6   -26     6    42 
  -50   -10    22   -34   -10   -26   -26   -10   -34    22   -10   -50 
  -13     1    45    36   -25    15   -15    25   -36   -45    -1    13 
   -6   -54    30    52    10    42   -42   -10   -52   -30    54     6 
   24    30    42   -42    12   -12   -12    12   -42    42    30    24 
  -50   -54    42    42    14   -18   -18    14    42    42   -54   -50 
   56   -20   -40    14    48   -16   -16    48    14   -40   -20    56 
  -31   -11   -55    26    17    -7    -7    17    26   -55   -11   -31 
  -39    47   -41    56    -3    -3     3     3   -56    41   -47    39 
  -15    51    31    -4    53    45   -45   -53     4   -31   -51    15 
   -7   -31     1    -6    57   -55   -55    57    -6     1   -31    -7 
  -19   -23     1   -22    13   -19   -19    13   -22     1   -23   -19 
   63   -21   -25   -58    15    -9    -9    15   -58   -25   -21    63 
   10    10    30    34    -6    42    42    -6    34    30    10    10 
   -2    16    40    36   -46    26   -26    46   -36   -40   -16     2 
  -53   -15   -15    24    -9    55   -55     9   -24    15    15    53 
  -34   -42   -10   -44   -18   -18    18    18    44    10    42    34 
    7    33     5   -36    43   -45    45   -43    36    -5   -33    -7 
  -46    28   -28    50   -18     6     6   -18    50   -28    28   -46 
  -16    -8    32    42    16   -48   -48    16    42    32    -8   -16 
  -14   -14   -46    36    18   -46    46   -18   -36    46    14    14 
   43    21   -59    32   -33   -17    17    33   -32    59   -21   -43 
  -20   -22   -10   -10    16    40    40    16   -10   -10   -22   -20 
   10    36   -20   -10    22   -50   -50    22   -10   -20    36    10 
  -29    27    59    34    43    11    11    43    34    59    27   -29 
  -26   -50    14   -46    46   -34   -34    46   -46    14   -50   -26 
   42    44   -36   -20    46     6    -6   -46    20    36   -44   -42 
   20   -48   -24    52   -36    12   -12    36   -52    24    48   -20 
   20    50    10   -60    48    56   -56   -48    60   -10   -50   -20 
  -48    10   -30    60     4   -20    20    -4   -60    30   -10    48 
   42   -58    -2    -4   -30    18   -18    30     4     2    58   -42 
  -36    10    42   -52   -24   -48    48    24    52   -42   -10    36 
    6     4   -24    34   -54    18    18   -54    34   -24     4     6 
   -8   -12   -44   -54     0     0     0     0   -54   -44   -12    -8 
  -30   -10   -18   -50    50   -14   -14    50   -50   -18   -10   -30 
   50    30   -18    22   -46   -14   -14   -46    22   -18    30    50 
   31    -5   -57    30   -41    15    15   -41    30   -57    -5    31 
