11 0
200
    1     1    -1    -1    -1    -1    -1     1    -1     1     1 
    0   112     0     0     0     0     0  -160     0   -64   -96 
   16    14    14    14    12    10    10    10     8     8     8 
    1     1     1     1     1     1     1     1     1     1     1 
    3 4     1 0     3 2     3 2     3 2     3 2     3 2     1 0     5 0     1 0     1 0 
   32   112    16     8    32    16     8  -160    96   -64   -96 
  -75 41   -75 41   -75 41   -75 41   -75 41   -75 41   -75 41   -75 41   -75 41   -75 41   -75 41 
    1 0     1 0     1 0     1 0     1 0     1 0     1 0     1 0     1 0     1 0     1 0 
 -144 198  -144 198  -144 198  -144 198  -144 198  -144 198  -144 198  -144 198  -144 198  -144 198  -144 198 
    3 -1     3 -1     3 -1     3 -1     3 -1     3 -1     3 -1     3 -1     3 -1     3 -1     3 -1 
   -1     1    -1     1     1     1     1    -3     7    -5    -5 
    0     0     0     0     0     0     0     0     0     0     0 
    0     0     0     0     0     0     0     0     0     0     0 

    1    -1    -1     1    -1    -1     1     1    -1    -1    -1 
   -1     1     1     1    -1     1     1     1    -1    -1    -1 
    1     1    -1     1    -1     1    -1     1     1    -1    -1 
    1     1     1     1    -1    -1    -1    -1     1     1     1 

    0     0     0     0     0     0     0     0     0     0     0 
    0     0     0     0     0     0     0     0     0     0     0 
    0     0     0     0     0     0     0     0     0     0     0 
   -4    -2    -2    -2     0     2     2     2     4     4     4 
   -5    -5     1     3    -1    -3    -1     5    -5     1     1 
   -1    -1    -1    -1     1     1     1     1    -1    -1    -1 
   -5     3     3     3     5    -3    -3    -3     3     3     3 
   -2    -2    -2     6    -2     6    -2    -2    -2    -2    -2 
   -8     6    -6    -2     0    -2    -6     6     0    -4     6 
    6     4     4    -4    -2    -4     4     4    -2     2     7 
  -10    -8    -8     0    -6     0     8     8    -2     2     7 
   -7    -3     9     5     3    -5    -9     3     9    -3    12 
   -3     9    -9    -7    -5    -7    -9     9    -3    11     6 
    1     5    -1    -3    11    -3    -1     5    -7    11    -4 
    2    -4     8     4    -6     4     8    -4     2     6    -4 
   -6     2   -10    -6     6     6    10    -2     2    10   -10 
    6     0   -12     8     6    -8    12     0     6    -2     3 
  -14     8     8    -8   -14    -8     8     8     2    -2    -7 
    0     2     2    10    -8    10     2     2   -16    -4    11 
    1    -7     5   -15    -3   -15     5    -7    -7   -11    14 
    0     4    16     4     8     4    16     4    -8    16   -14 
   -6     2    14    -6     6     6   -14    -2     2    -6    14 
   -6     4     4    -4    -6     4    -4    -4   -14    -6     4 
  -15   -15     9     1     7    -1    -9    15     9    -7   -12 
   14   -10    14   -10   -14    10   -14    10    14     6    11 
    6    10   -14     2    -6     2   -14    10    -2     2    -8 
  -13     7   -17     7   -13     7   -17     7    19    11   -14 
   15    -9   -15    -9    15     9    15     9    -9    17    12 
   12    -8    -8     0    -8     0     8     8     4   -16     4 
   18    10    10    -6    -2     6   -10   -10   -14    -6     4 
  -16    16     4    -8    12     8    -4   -16    16   -12    13 
  -18    10    10     2   -14    -2   -10   -10    -2    22     7 
  -16   -12   -12   -12     0    12    12    12     0     0     0 
    8   -10     2   -18    -8    18    -2    10     8    12     2 
  -10    12    12   -12    10    12   -12   -12   -18    10     0 
  -16     2     2    -6     8    -6     2     2   -16   -20    20 
   -9     3     9    -5   -19    -5     9     3    15     5   -15 
   -1    -9    -3   -17    -3   -17    -3    -9    -9   -19     6 
   -2    14   -10    14     2    14   -10    14   -10     2     2 
  -11   -19     5    -3     5    -3     5   -19     5   -11   -16 
  -15    -3     3   -19     1    19    -3     3     9    -9     6 
    1    -3   -21    -3   -15     3    21     3     9    15     0 
   14    16    16   -16     2   -16    16    16    -2    14   -11 
  -25   -25   -13   -17    -5   -17   -13   -25    -1    11    11 
    1   -19   -25     5    -5     5   -25   -19    -7    11    -4 
  -20     8     8    -8   -12    -8     8     8    -4    12   -13 
   12    18    -6    26    12   -26     6   -18    12   -16   -21 
  -12    12   -12    12   -12   -12    12   -12   -12    12   -18 
  -21     3    15    11   -15   -11   -15    -3    27    -9    21 
  -14     6    -6   -10   -18    10     6    -6    -6    10     0 
  -23   -11   -23    -3    29    -3   -23   -11     1    13    -2 
    4   -10    14   -10    -8   -10    14   -10    20     4    -1 
   -5    -1   -19    23   -17   -23    19     1    11    25    20 
   -9    -1     5     7   -13    -7    -5     1    23    13    -7 
   -8    22    -2     6    28    -6     2   -22    -8   -24   -14 
   24     6    -6   -26    12    26     6    -6     0    -8    -3 
  -18   -18     6    -2    -6     2    -6    18   -18    30   -30 
   13    17   -19     9    -9    -9    19   -17   -19     1    26 
    9     1    -5    -7   -21    -7    -5     1     1    11    31 
   22    12   -24   -20     6   -20   -24    12   -18   -14    -9 
  -28    20    20   -12    12   -12    20    20   -28   -28    17 
   17     1    19    -7   -21    -7    19     1    25    -5   -20 
  -30    10   -14    -6     2    -6   -14    10   -14    10    25 
  -12   -10    26    22    -8    22    26   -10    -4     4    14 
    8    -4    -4    12     8    12    -4    -4     8   -24   -19 
    0   -20     4    28   -24    28     4   -20    16    -8   -23 
   -5    23   -13    -1    -9    -1   -13    23   -13    -1    14 
   10     2   -22   -22    14   -22   -22     2     2   -34    -4 
   11   -21    33     3    15    -3   -33    21   -21    33   -12 
   16     4    28   -28     8    28   -28    -4    16    32   -23 
    5    13   -23    21    -1   -21    23   -13   -11     9   -11 
   13   -11    13   -11    11    11   -13    11   -11   -11     4 
  -36    -2    10     6    20     6    10    -2     4   -24    16 
    0    -4    20    -4   -24    -4    20    -4   -16     8     8 
  -18   -10   -22    22    34   -22    22    10   -10   -18    32 
  -23   -15    33    17    -1   -17   -33    15    33    17   -18 
   16     6   -30     6    20     6   -30     6   -24    -8    12 
   16   -30    -6    10     0    10    -6   -30    24    -4   -24 
   18     0    24   -16   -26    16   -24     0    18   -26    24 
    9     9    27    33   -19   -33   -27    -9   -39    -5   -30 
    2     0    12    24    34    24    12     0   -30   -26   -36 
    0   -16   -28    16    16    16   -28   -16     8   -16    14 
    1    13     7    21    21   -21    -7   -13     1   -21     4 
  -12    20   -28   -12     4    12    28   -20   -28    12    32 
   12     2   -10    18    40   -18    10    -2   -28    12   -13 
   13   -11   -23    -3    15     3    23    11   -35     9    34 
   28   -32    40     0    20     0    40   -32   -20   -20   -20 
   38     8   -28     8    18     8   -28     8   -34   -18     2 
  -32    20    -4    36    24   -36     4   -20    32    24    -1 
   15    11    17    19    -5   -19   -17   -11    -1    21    -4 
  -12    20    -4    36     4   -36     4   -20    20    20   -40 
  -31    21   -21   -11    33    11    21   -21   -39   -33   -18 
  -31     1    19    -7   -29    -7    19     1    25    -5    25 
    2    34    22    -6   -14    -6    22    34   -38    34   -41 
   26    38   -10     6   -18    -6    10   -38   -22     2     2 
   32   -14    34    18    -4   -18   -34    14   -32    32   -38 
   30    34    22     2    10     2    22    34    -2   -14   -14 
   -8   -28    20   -36    20   -36    20   -28   -16   -20   -40 
   16    44    -4   -12    12   -12    -4    44     8    20     5 
   12    28     4    -4   -28    -4     4    28   -20    28    28 
  -28    16   -20    16   -44    16   -20    16   -20    28    -2 
    6     0   -36     0    -6     0    36     0   -18    26    -9 
    0   -36    24    20   -12   -20   -24    36     0     4    24 
   46    14    38    30    42   -30   -38   -14   -34   -10   -10 
  -24   -16   -28     0     0     0    28    16    32     0    20 
   -7    17   -25    17    -1    17   -25    17    -7   -33    32 
  -32   -14    10   -14   -20   -14    10   -14    40   -32    28 
  -23     9    -3   -31    29   -31    -3     9    33   -27   -42 
   14   -18   -42    14   -10    14   -42   -18    30   -34     6 
    3   -21    -3    -5   -13     5     3    21   -21     5   -30 
   21   -11    19    37    21   -37   -19    11   -35    35    -5 
   14    34   -14    -6    14     6    14   -34    22    10   -35 
  -24    36   -36    12   -36   -12    36   -36   -48    12    42 
   33    13   -23     5   -27     5   -23    13    25   -19    16 
  -22    -8    -8     8    30     8    -8    -8    10     2    -8 
   21    -3    33     5     7    -5   -33     3   -27   -15   -45 
   42   -18    18   -10    -6    10   -18    18    -6    -2   -42 
  -41   -29   -35   -29   -31   -29   -35   -29     7     1     1 
   -6   -30   -18    -6    10    -6   -18   -30    18    42   -33 
   18     6   -18     6   -34    -6    18    -6    18     2    12 
   -6    -2    -2    30   -34   -30     2     2    10    10    10 
  -42    -8    40   -16   -14   -16    40    -8    -2   -10    10 
   20    44    20   -36   -12   -36    20    44    20   -28    32 
   24    20   -40    20    16   -20    40   -20    32     8     8 
  -48     0    12   -48   -40    48   -12     0   -24   -24   -39 
  -19    41    -7   -23    29   -23    -7    41   -19    45   -40 
    4   -10   -34    22    32    22   -34   -10    20    44    14 
    3    51   -39    -5   -41     5    39   -51     3     9    -6 
   20    14   -22    -2    32     2    22   -14    20   -12    -7 
   37    41   -49    -7   -13    -7   -49    41     5     3   -22 
  -30   -16   -40     0    10     0   -40   -16   -46     6   -34 
   34    44    -4   -20   -30   -20    -4    44   -46     6    -4 
  -12   -18   -42   -10    20   -10   -42   -18    36    40   -15 
  -36     0   -36     8     8    -8    36     0    12    32   -33 
  -12    -8   -32   -48     8    48    32     8   -20     0    10 
   41    45   -39   -27    29   -27   -39    45    33   -11    39 
  -25    -5   -17    35   -29    35   -17    -5    31    35   -35 
   -4    30    30    46    -8    46    30    30   -12   -36    24 
   44   -48     0   -16    28   -16     0   -48   -36    12    12 
  -38    14    14   -50   -10    50   -14   -14    26   -38    17 
   24    -6   -30   -30    16    30    30     6     0    12    12 
   52   -24     0     0   -40     0     0   -24    12    16    36 
   11    -5   -23   -45   -55   -45   -23    -5   -29     9    34 
   13    41    23     9   -11    -9   -23   -41     5     3   -22 
  -10    18     6   -14    30    14    -6   -18    54    -6   -21 
  -32   -30    -6    10   -40    10    -6   -30   -24   -12   -27 
  -46   -28    44    12   -34   -12   -44    28   -22   -18   -13 
    9   -43    17    13   -21   -13   -17    43    41    45    20 
  -25    31   -23    31    -7    31   -23    31   -41    41   -14 
   -7     5   -49   -35   -37   -35   -49     5    17    19    44 
    0     0    24   -40    20    40   -24     0    24   -20   -15 
   57   -11    37   -43    -9    43   -37    11    49   -15   -20 
   24   -20   -56    20    -4    20   -56   -20   -56     4    34 
   22    34    46    -6   -26    -6    46    34    -2    -2    28 
  -28    12    48   -44     8   -44    48    12    36    40     0 
   28     8   -40   -24    20   -24   -40     8    -4   -28     2 
   34    -6    -6   -54   -10    54     6     6   -30    18    33 
   24    -6     6    50    24   -50    -6     6    24    36    36 
  -52    22   -38   -42     8   -42   -38    22    52    20   -35 
  -10   -38    -2   -38    -2   -38    -2   -38    -2    54   -11 
   10   -18    42     6   -18    -6   -42    18    18    26   -39 
  -57    51   -27     3    39    -3    27   -51   -33   -15   -30 
   -6   -26    22    38    -2   -38   -22    26    10   -30   -50 
  -53     7    55    23   -51   -23   -55    -7    19   -13    22 
  -52    26    38    10    16    10    38    26    20   -44    -4 
    8    60   -48    12    40   -12    48   -60     0     0     0 
  -32    42    18     2    16    -2   -18   -42   -48   -60     0 
  -18   -22   -58    26     2   -26    58    22   -10     6    26 
   24     6    42    38   -28   -38   -42    -6     0   -16     9 
   51    59   -61   -37    -5   -37   -61    59    35   -13   -58 
   24    44    -4    20     4    20    -4    44   -16    44    44 
  -44   -54   -30   -46   -20    46    30    54   -12   -48    12 
    6    36   -12   -12     2    12    12   -36    54    58    33 
   34   -32     4    40   -22    40     4   -32    34   -34   -29 
   32   -60    48   -44   -32   -44    48   -60   -24    40   -15 
  -39   -43   -55    45   -21   -45    55    43    -7     5   -10 
  -50    54   -30   -34   -50    34    30   -54   -18   -30   -30 
  -60     4   -20    20    12    20   -20     4     4   -44   -29 
    8     0    24     8   -28     8    24     0   -48    52    57 
    6    30    42   -10     2    10   -42   -30    30    -2   -12 
   12    60   -36    60   -36   -60    36   -60    60   -60    45 
  -58   -28   -16   -36   -54    36    16    28   -10   -54   -34 
  -18    60   -48   -12    42    12    48   -60    30    42   -33 
    1    -7   -49   -39   -25   -39   -49    -7   -31    55   -55 
   20   -24     0    24    52    24     0   -24   -60     4   -36 
   60    50    14   -22    52   -22    14    50    -4    56    41 
   38    22   -50   -26   -18   -26   -50    22   -26   -50   -35 
   38   -14   -14   -46   -18   -46   -14   -14    22    46    31 
  -16    56     8   -48   -20   -48     8    56    56   -20   -55 
   15   -17     1    15    15   -15    -1    17    55    57    37 
    8   -14   -26    -6    24     6    26    14    16   -36     4 
   14   -60   -36   -52    42   -52   -36   -60     6    38     3 
   16   -10   -22    -2   -48    -2   -22   -10     8    -4    -4 
  -37    23    17    23   -45   -23   -17   -23   -13    53   -37 
  -40    46    -2    30   -28   -30     2   -46    16   -40   -50 
   12   -68   -32   -12   -56    12    32    68    28   -40    10 
   35    59   -49   -13   -31    13    49   -59   -13    23    23 
   64    40    40     0    44     0    40    40    40   -52   -32 
   23    51    -9   -53   -45   -53    -9    51   -33    43   -12 
   18    46   -14   -66    30    66    14   -46    10    42    22 
