3 10
200
   -1    -1    -1 
    0     0     0 
    5     3     2 
    1     1     1 
   -3 8    -9 2    -1 6 
 3936  7872  8856 
  -41 -82   -41 -82   -41 -82 
    1 0     1 0     1 0 
 -370 0  -370 0  -370 0 
    1 -2     1 -2     1 -2 
 -246   738   246 
    1     1     1 
    0     0     0 

   -1    -1    -1 
   -1    -1    -1 

   -2     0     1 
    1    -1    -2 
    1    -1    -2 
    3    -5     0 
    3    -5     0 
   -4    -4     2 
   -4    -4     2 
   -4    -8     2 
   -4    -8     2 
    1     1     1 
    7    -5    10 
    7    -5    10 
  -10    -6    -4 
  -10    -6    -4 
   11    -5   -10 
    0    -8    -6 
    0    -8    -6 
   16    -4   -14 
   16    -4   -14 
   11   -15     2 
   11   -15     2 
   -3    11    18 
   -3    11    18 
   -4    -2     2 
   -4    -2     2 
    8    10   -10 
    8    10   -10 
  -12   -16     6 
  -12   -16     6 
   14   -14     2 
   14   -14     2 
   12    18    18 
   12    18    18 
   -6    14    -6 
   -6    14    -6 
   -4    12    -4 
   -4    12    -4 
   -2     0    16 
   -2     0    16 
  -22   -10   -22 
  -10     0    14 
  -10     0    14 
   14   -16    14 
   14   -16    14 
  -13   -13   -28 
  -13   -13   -28 
   -8    20    -8 
   -8    20    -8 
   22   -14   -14 
   22   -14   -14 
  -14     4    10 
  -14     4    10 
   22   -24   -14 
   22   -24   -14 
   12   -10   -30 
   12   -10   -30 
    8   -14   -22 
    8   -14   -22 
  -28    12   -16 
  -28    12   -16 
   19    -3    34 
   19    -3    34 
  -14   -22    22 
  -14   -22    22 
   10     0   -26 
   10     0   -26 
  -13   -31     2 
  -13   -31     2 
  -22    24   -28 
  -22    24   -28 
  -32     2   -26 
  -32     2   -26 
    7   -29    16 
    7   -29    16 
  -18    -2    18 
  -18    -2    18 
   -4    -8    26 
   -4    -8    26 
   -9   -37    24 
   -9   -37    24 
   13    -1    34 
   13    -1    34 
   21    39     6 
   21    39     6 
   20   -18   -22 
   20   -18   -22 
  -18    -6   -18 
  -18    -6   -18 
  -34    18   -16 
  -34    18   -16 
   -4    -8    20 
   -4    -8    20 
  -16    -2    14 
  -16    -2    14 
  -33   -33   -18 
  -33   -33   -18 
   -2   -38   -20 
   -2   -38   -20 
  -42   -30    18 
    0    32    12 
    0    32    12 
   -6    24   -12 
   -6    24   -12 
   12   -22    18 
   12   -22    18 
  -25    39    20 
  -25    39    20 
  -20    28   -14 
  -20    28   -14 
    0    30    12 
    0    30    12 
  -17   -35    10 
  -17   -35    10 
   10   -34   -26 
   10   -34   -26 
    5    -9   -22 
    5    -9   -22 
   39    35    12 
   39    35    12 
   15    47    30 
   15    47    30 
  -22    20    32 
  -22    20    32 
   17    -3    -4 
   17    -3    -4 
   23    13    50 
   23    13    50 
  -14   -32     4 
  -14   -32     4 
    4    -8    40 
    4    -8    40 
   -9   -33    36 
   -9   -33    36 
  -43   -47   -22 
  -43   -47   -22 
   -2     8   -38 
   -2     8   -38 
   47   -31   -10 
   47   -31   -10 
  -26   -28    10 
  -26   -28    10 
    7   -25    52 
    7   -25    52 
   18   -12   -24 
   18   -12   -24 
  -54   -42   -54 
    8   -42    14 
    8   -42    14 
   16     0   -14 
   16     0   -14 
   26    18    38 
   26    18    38 
  -32    20   -56 
  -32    20   -56 
  -16     6   -40 
  -16     6   -40 
  -14    -2   -14 
  -14    -2   -14 
    9    11   -30 
    9    11   -30 
  -40    -8    32 
  -40    -8    32 
    9    11   -54 
    9    11   -54 
  -62   -58   -26 
  -24   -52    12 
  -24   -52    12 
  -20   -28    -2 
  -20   -28    -2 
    9    25   -42 
    9    25   -42 
   34   -14    46 
   34   -14    46 
  -17   -19    10 
  -17   -19    10 
  -24    10    -6 
  -24    10    -6 
   44    48     2 
   44    48     2 
   14    18   -22 
   14    18   -22 
    4   -16    22 
    4   -16    22 
   26    22    20 
   26    22    20 
  -50    46    34 
  -50    46    34 
   10    64    34 
   10    64    34 
   12   -56    -6 
   12   -56    -6 
   -2   -36    10 
   -2   -36    10 
   11    -3    26 
   11    -3    26 
   25   -29   -14 
   25   -29   -14 
   32    36     2 
   32    36     2 
  -53     1    58 
