4 0
25
   -1     1    -1     1 
    0   -16     0    -8 
    5     4     3     1 
    1     1     1     1 
   -3 4     1 0    -3 4     1 0 
   16   -16    32    -8 
   78 41   -90 -68    78 41   -90 -68 
    1 0     1 0     1 0     1 0 
  315 45   135 -90   315 45   135 -90 
    3 -1     0 1     3 -1     0 1 
   -6   -16    -2    -8 

    1    -1    -1     1 
    1    -1    -1     1 
    1    -1     1    -1 
    1     1     1     1 

   -2    -1     0     2 
    0     0     0     0 
    0     0     0     0 
    4    -4     2    -4 
   -4     4     0     4 
   -1     1    -1     1 
    2    -6    -2    -2 
   -6     0     0    -6 
    2    -4    -4     2 
   -1    -1    -1    -1 
  -12   -10    -2    12 
   -8     2    -2     8 
    4     4    -8     4 
   12    -8    -8    12 
   -2    -2     6    -2 
    4   -12    -2    -4 
   12     4     6   -12 
    0     4    10     0 
   -8    12   -10    -8 
   10   -10     6    10 
  -10   -10   -10   -10 
  -16    -8    16    16 
  -12     8     0    12 
    0   -18    10     0 
   16    -6     6   -16 
