2 0
200
   -1    -1 
    0     0 
    2     6 
    1     1 
    3 2     3 2 
    8   216 
  169 -34   169 -34 
    2 0     2 0 
  152 152   152 152 
    1 2     1 2 
   -1    -9 
    0     0 
    0     0 

   -1     1 
    1    -1 
   -1     1 
    1    -1 

    0     0 
   -1     1 
    2    -2 
    3    -3 
    1    -1 
   -3    -3 
    7     7 
    1    -1 
   -1     1 
    1     1 
  -12   -12 
  -10   -10 
   -9     9 
   11   -11 
   -5    -5 
  -14    14 
    0     0 
   -6     6 
   -2     2 
   -5    -5 
   11    11 
    4    -4 
   -4     4 
   -6    -6 
    8     8 
   18    18 
    0     0 
  -12    12 
   -8     8 
    0     0 
  -16   -16 
   15   -15 
   -3     3 
  -11   -11 
    3     3 
  -15    15 
    5    -5 
   12   -12 
  -16    16 
   -2    -2 
    0     0 
  -12    12 
  -14   -14 
   26    26 
    6    -6 
   -4     4 
   22   -22 
  -28    28 
   -1    -1 
  -11   -11 
   -4    -4 
  -26   -26 
   -9     9 
    1    -1 
  -18   -18 
  -22   -22 
  -16   -16 
   32    32 
  -31    31 
   25   -25 
  -12    12 
   12   -12 
  -14   -14 
  -10   -10 
   -8     8 
    8    -8 
    6     6 
  -20   -20 
    1    -1 
   -9     9 
   18    18 
   22    22 
   28   -28 
   -8     8 
    0     0 
  -24   -24 
   30    30 
  -24   -24 
   -4     4 
   12   -12 
  -18   -18 
   26    26 
   -1     1 
  -27    27 
   30    30 
  -10   -10 
    3     3 
   23    23 
  -27    27 
  -13    13 
   12   -12 
   -8     8 
    5    -5 
  -11    11 
   26    26 
  -22   -22 
   40   -40 
   16   -16 
   10    10 
    2    -2 
    8    -8 
   -4     4 
  -10    10 
  -26   -26 
  -20   -20 
   44   -44 
   36   -36 
   -9    -9 
   11    11 
  -17    17 
  -39    39 
   22    22 
   18    18 
  -28   -28 
   10    10 
   27    27 
  -27   -27 
  -12    12 
   -4     4 
    0     0 
  -18   -18 
   29   -29 
   41   -41 
   38   -38 
   -2     2 
    2     2 
  -36   -36 
  -30    30 
  -40    40 
   41   -41 
    1    -1 
    1    -1 
   29   -29 
   13    13 
   35    35 
  -23   -23 
    1     1 
   42   -42 
   38   -38 
  -39   -39 
   35    35 
  -26    26 
    4    -4 
  -48    48 
   48   -48 
  -38   -38 
   18    18 
    4     4 
   -5     5 
   55   -55 
   45    45 
  -29   -29 
   51   -51 
   43   -43 
   28   -28 
  -38    38 
   50    50 
    2     2 
   -1    -1 
  -25   -25 
   28   -28 
  -60    60 
   18    18 
  -34   -34 
  -38   -38 
    8    -8 
   16   -16 
  -18   -18 
  -24   -24 
  -22   -22 
   58    58 
  -10    10 
   24   -24 
   10    10 
   42    42 
  -59   -59 
   31    31 
   48   -48 
  -28    28 
   12   -12 
  -26    26 
   58    58 
   12    12 
   36   -36 
   34   -34 
  -54   -54 
  -18   -18 
  -14   -14 
    6     6 
   57   -57 
   31   -31 
  -10    10 
  -20    20 
  -12    12 
   44   -44 
    2     2 
   24    24 
   15    15 
   -5    -5 
  -30   -30 
