20 28
200
    1    -1    -1    -1     1    -1    -1     1     1    -1     1    -1    -1    -1     1    -1     1     1    -1    -1 
    0     0     0     0    64     0     0    48    64     0   -64     0     0     0   -48     0 -1600   -64     0     0 
   20    18    16    16    16    22    16    12    16    16    16    16    22    16    12    16    16    16    20    18 
    1     1     1     1     1     1     1     1     1     1     1     1     1     1     1     1     1     1     1     1 
   -3 8    -3 2    -3 2    -3 2     1 0    -3 2    -3 2     1 0     1 0    -3 2     1 0     3 2    -3 2    -3 2     1 0    -3 2     1 0     1 0    -3 2    -3 2 
   48    24   160    16    64     8   256    48    64    64   -64    64     8    64   -48    32 -1600   -64    48    24 
  -93 -62   -93 -62   -93 -62   -93 -62   -93 -62   -93 -62   -93 -62   -93 -62   -93 -62   -93 -62   -93 -62   -93 -62   -93 70   -93 -62   -93 -62   -93 -62   -93 -62   -93 -62   -93 -62   -93 -62 
    1 0     2 0     1 0     1 0     1 0     1 0     1 0     1 0     1 0     1 0     1 0     2 0    -1 -1     1 0     1 0     1 0     1 0     1 0     1 0     1 0 
 -528 0  -264 0  -528 0  -528 0  -528 0  -528 0  -528 0  -528 0  -528 0  -528 0  -528 0  -264 0  -264 -132  -528 0  -528 0  -528 0  -528 0  -528 0  -528 0  -528 0 
    3 -2     3 -2     3 -2     3 -2     3 -2     3 -2     3 -2     3 -2     3 -2     3 -2     3 -2     3 -2     3 -2     3 -2     3 -2     3 -2     3 -2     3 -2     3 -2     3 -2 
    2     2    80     2     4     2    34     2     2     6    -4     4    -2    12    -4    -2   -86    -2     6     2 
    1     1     1     1     1    -1    -1    -1     0     0     0     0    -1    -1    -1     1     1     1     1     1 
    0     0     0     0     0     0     0     0     0     0     0     0     0     0     0     0     0     0     0     0 

   -1     1     1     1    -1     1     1    -1    -1     1    -1     1     1     1    -1     1    -1    -1     1     1 
    1     1     1     1     1     1     1     1     1     1    -1    -1    -1    -1    -1    -1    -1    -1    -1    -1 
    1     1     1     1     1    -1    -1    -1    -1    -1     1     1     1     1     1    -1    -1    -1    -1    -1 
    1     1    -1    -1    -1     1     1     1    -1    -1     1     1    -1    -1    -1     1     1     1    -1    -1 
    1     1    -1    -1    -1    -1    -1    -1     1     1    -1    -1     1     1     1     1     1     1    -1    -1 

    0     0     0     0     0     0     0     0     0     0     0     0     0     0     0     0     0     0     0     0 
   -1    -1    -1    -1    -1    -1    -1    -1    -1    -1     1     1     1     1     1     1     1     1     1     1 
   -1    -1    -1    -1    -1     1     1     1     1     1    -1    -1    -1    -1    -1     1     1     1     1     1 
   -1    -1     1     1     1    -1    -1    -1     1     1    -1    -1     1     1     1    -1    -1    -1     1     1 
   -1    -1     1     1     1     1     1     1    -1    -1     1     1    -1    -1    -1    -1    -1    -1     1     1 
   -2     0     2     2     2    -4     2     6     2     2     2     2    -4     2     6     2     2     2    -2     0 
   -2     0     2     2     2    -4     2     6     2     2     2     2    -4     2     6     2     2     2    -2     0 
    0     2    -4    -4     4     2    -4    -4    -4     4    -4     4    -2     4     4    -4     4     4     0    -2 
    0     2    -4    -4     4    -2     4     4    -4     4    -4     4     2    -4    -4    -4     4     4     0    -2 
  -10    -6    -6     6    -6     6    -6     6    -6    -6    -6    -6     6    -6     6    -6    -6     6   -10    -6 
   -6    -4    -6     6    10     0    -6    10    -6    10    10    -6     0    -6    10    10    -6     6    -6    -4 
   -6    -4    -6     6    10     0    -6    10    10    -6    -6    10     0    -6    10    10    -6     6    -6    -4 
  -12     6     4    -8     4    10     4     4     4     4    -4    -4   -10    -4    -4    -4    -4     8    12    -6 
  -12     6     4    -8     4   -10    -4    -4    -4    -4     4     4    10     4     4    -4    -4     8    12    -6 
  -10   -10     2   -10   -14   -14   -14   -10    -6    -6    -6    -6   -14   -14   -10   -14     2   -10   -10   -10 
    0    -4   -12     0    12    -4    -4    12     4    -4     4    -4     4     4   -12   -12    12     0     0     4 
    0    -4   -12     0    12     4     4   -12     4    -4     4    -4    -4    -4    12   -12    12     0     0     4 
    4     4    -4    -4     4    -8     4     8     4    -4     4    -4     8    -4    -8    -4     4     4    -4    -4 
    4     4    -4    -4     4     8    -4    -8     4    -4     4    -4    -8     4     8    -4     4     4    -4    -4 
    2   -10    10    10    10    -2    10   -14    -6    -6    -6    -6    -2    10   -14    10    10    10     2   -10 
    2   -10    10    10    10    -2    10   -14    -6    -6    -6    -6    -2    10   -14    10    10    10     2   -10 
   -4    -8   -12    12    -4   -12    12     0    -4   -12    12     4    12   -12     0     4    12   -12     4     8 
   -4    -8   -12    12    -4    12   -12     0    12     4    -4   -12   -12    12     0     4    12   -12     4     8 
  -14     2    10   -14    10    10    10     2    -6    -6    -6    -6    10    10     2    10    10   -14   -14     2 
  -14     2    10   -14    10    10    10     2    -6    -6    -6    -6    10    10     2    10    10   -14   -14     2 
   -2    14    18   -18     2    10   -14     6     2   -14   -14     2    10   -14     6     2    18   -18    -2    14 
   -2    14    18   -18     2    10   -14     6   -14     2     2   -14    10   -14     6     2    18   -18    -2    14 
    4    -8     4     4     4    16   -20    12    12   -20    20   -12   -16    20   -12    -4    -4    -4    -4     8 
    4    -8     4     4     4   -16    20   -12    20   -12    12   -20    16   -20    12    -4    -4    -4    -4     8 
  -14    14   -14    10   -14   -10     2    18    18   -14   -14    18   -10     2    18   -14   -14    10   -14    14 
  -14    14   -14    10   -14   -10     2    18   -14    18    18   -14   -10     2    18   -14   -14    10   -14    14 
   -4    20    12   -12   -12   -16    -4     0    20    12   -12   -20    16     4     0    12   -12    12     4   -20 
   -4    20    12   -12   -12    16     4     0   -12   -20    20    12   -16    -4     0    12   -12    12     4   -20 
  -18    -2     2    14    10     6    -6    10    -6     2     2    -6     6    -6    10    10     2    14   -18    -2 
  -18    -2     2    14    10     6    -6    10     2    -6    -6     2     6    -6    10    10     2    14   -18    -2 
  -16    10    12    12     4    14    -4    12    12     4    -4   -12   -14     4   -12    -4   -12   -12    16   -10 
  -16    10    12    12     4   -14     4   -12    -4   -12    12     4    14    -4    12    -4   -12   -12    16   -10 
    4    16    20    -4    20   -24   -12    -4    -4    -4     4     4    24    12     4   -20   -20     4    -4   -16 
    4    16    20    -4    20    24    12     4     4     4    -4    -4   -24   -12    -4   -20   -20     4    -4   -16 
  -10   -22   -22   -10    10   -10    26    22    -6    -6    -6    -6   -10    26    22    10   -22   -10   -10   -22 
   16   -20    12   -24     4    12   -12    12    12     4    -4   -12   -12    12   -12    -4   -12    24   -16    20 
   16   -20    12   -24     4   -12    12   -12    -4   -12    12     4    12   -12    12    -4   -12    24   -16    20 
    6    18    18     6   -22    -6    18   -14    10     2     2    10    -6    18   -14   -22    18     6     6    18 
    6    18    18     6   -22    -6    18   -14     2    10    10     2    -6    18   -14   -22    18     6     6    18 
   -4    18     4    -8     4    22   -20   -20     4     4    -4    -4   -22    20    20    -4    -4     8     4   -18 
   -4    18     4    -8     4   -22    20    20    -4    -4     4     4    22   -20   -20    -4    -4     8     4   -18 
   12     0    20    -4   -28    24   -12   -20    28    12   -12   -28   -24    12    20    28   -20     4   -12     0 
   12     0    20    -4   -28   -24    12    20   -12   -28    28    12    24   -12   -20    28   -20     4   -12     0 
   -6   -12    18     6    18     8   -22    -6   -14    18    18   -14     8   -22    -6    18    18     6    -6   -12 
   -6   -12    18     6    18     8   -22    -6    18   -14   -14    18     8   -22    -6    18    18     6    -6   -12 
   22    14   -30   -18    10   -10     2    -6   -14   -22   -22   -14   -10     2    -6    10   -30   -18    22    14 
   22    14   -30   -18    10   -10     2    -6   -22   -14   -14   -22   -10     2    -6    10   -30   -18    22    14 
   24   -28   -20    16   -12    12   -12   -12    12   -12    12   -12   -12    12    12    12    20   -16   -24    28 
   24   -28   -20    16   -12   -12    12    12    12   -12    12   -12    12   -12   -12    12    20   -16   -24    28 
   26    18   -30    -6    18   -14   -14     2   -14     2     2   -14   -14   -14     2    18   -30    -6    26    18 
   26    18   -30    -6    18   -14   -14     2     2   -14   -14     2   -14   -14     2    18   -30    -6    26    18 
  -18   -12    18    -6   -14    24    -6    22    26    10    10    26    24    -6    22   -14    18    -6   -18   -12 
  -18   -12    18    -6   -14    24    -6    22    10    26    26    10    24    -6    22   -14    18    -6   -18   -12 
   20    22    12    24    28   -22    20    12    -4   -20    20     4    22   -20   -12   -28   -12   -24   -20   -22 
   20    22    12    24    28    22   -20   -12    20     4    -4   -20   -22    20    12   -28   -12   -24   -20   -22 
    8    34   -28    20   -20    -2     4    -4     4   -20    20    -4     2    -4     4    20    28   -20    -8   -34 
    8    34   -28    20   -20     2    -4     4    20    -4     4   -20    -2     4    -4    20    28   -20    -8   -34 
  -22    -2    10    10   -22   -34   -22    -6    -6    -6    -6    -6   -34   -22    -6   -22    10    10   -22    -2 
  -22    -2    10    10   -22   -34   -22    -6    -6    -6    -6    -6   -34   -22    -6   -22    10    10   -22    -2 
   -4   -16   -12   -12    20     8    -4   -12   -36    28   -28    36    -8     4    12   -20    12    12     4    16 
   -4   -16   -12   -12    20    -8     4    12   -28    36   -36    28     8    -4   -12   -20    12    12     4    16 
   18   -18   -14    10     2    -2   -14   -22   -30    18    18   -30    -2   -14   -22     2   -14    10    18   -18 
   18   -18   -14    10     2    -2   -14   -22    18   -30   -30    18    -2   -14   -22     2   -14    10    18   -18 
   12    -8   -20    28   -12   -12    36     0     4    28   -28    -4    12   -36     0    12    20   -28   -12     8 
   12    -8   -20    28   -12    12   -36     0   -28    -4     4    28   -12    36     0    12    20   -28   -12     8 
   -6    -6    18    -6   -30    18   -30   -14     2    18    18     2    18   -30   -14   -30    18    -6    -6    -6 
   -6    -6    18    -6   -30    18   -30   -14    18     2     2    18    18   -30   -14   -30    18    -6    -6    -6 
  -20   -32    12   -12    28     8   -28    20    -4   -20    20     4    -8    28   -20   -28   -12    12    20    32 
  -20   -32    12   -12    28    -8    28   -20    20     4    -4   -20     8   -28    20   -28   -12    12    20    32 
   22   -18    26    38   -30   -18    18    18    18    -6    -6    18   -18    18    18   -30    26    38    22   -18 
   22   -18    26    38   -30   -18    18    18    -6    18    18    -6   -18    18    18   -30    26    38    22   -18 
   22   -18    26   -34   -14   -10   -22   -14    10   -14   -14    10   -10   -22   -14   -14    26   -34    22   -18 
   22   -18    26   -34   -14   -10   -22   -14   -14    10    10   -14   -10   -22   -14   -14    26   -34    22   -18 
  -32   -12   -12   -24    -4   -28    20    20   -12   -36    36    12    28   -20   -20     4    12    24    32    12 
  -32   -12   -12   -24    -4    28   -20   -20    36    12   -12   -36   -28    20    20     4    12    24    32    12 
   26   -34   -14   -38     2   -18    18   -14   -14    34    34   -14   -18    18   -14     2   -14   -38    26   -34 
   26   -34   -14   -38     2   -18    18   -14    34   -14   -14    34   -18    18   -14     2   -14   -38    26   -34 
  -24     4   -36   -24    36    -4    -4    28    28     4    -4   -28     4     4   -28   -36    36    24    24    -4 
  -24     4   -36   -24    36     4     4   -28    -4   -28    28     4    -4    -4    28   -36    36    24    24    -4 
   14   -30   -22   -10   -30   -30    18     2    18    10    10    18   -30    18     2   -30   -22   -10    14   -30 
   14   -30   -22   -10   -30   -30    18     2    10    18    18    10   -30    18     2   -30   -22   -10    14   -30 
  -18   -18    10   -26     2    38    26   -38    26   -30   -30    26    38    26   -38     2    10   -26   -18   -18 
  -18   -18    10   -26     2    38    26   -38   -30    26    26   -30    38    26   -38     2    10   -26   -18   -18 
   20   -28    20    -4    20    36    36   -36    12   -20    20   -12   -36   -36    36   -20   -20     4   -20    28 
   20   -28    20    -4    20   -36   -36    36    20   -12    12   -20    36    36   -36   -20   -20     4   -20    28 
   12    40     4   -20    36    24    36   -36    20   -12    12   -20   -24   -36    36   -36    -4    20   -12   -40 
   12    40     4   -20    36   -24   -36    36    12   -20    20   -12    24    36   -36   -36    -4    20   -12   -40 
  -44    28   -20     4    -4     4    28   -20    12   -36    36   -12    -4   -28    20     4    20    -4    44   -28 
  -44    28   -20     4    -4    -4   -28    20    36   -12    12   -36     4    28   -20     4    20    -4    44   -28 
   38   -10    18     6    -6    38   -22    18   -14   -22   -22   -14    38   -22    18    -6    18     6    38   -10 
   38   -10    18     6    -6    38   -22    18   -22   -14   -14   -22    38   -22    18    -6    18     6    38   -10 
  -36     6   -12     0    36     6    12    12   -20    28   -28    20    -6   -12   -12   -36    12     0    36    -6 
  -36     6   -12     0    36    -6   -12   -12   -28    20   -20    28     6    12    12   -36    12     0    36    -6 
  -42   -46   -46   -10   -30   -42   -30   -10    26    26    26    26   -42   -30   -10   -30   -46   -10   -42   -46 
   32   -26    -4   -28    20    -2    28   -28   -20   -28    28    20     2   -28    28   -20     4    28   -32    26 
   32   -26    -4   -28    20     2   -28    28    28    20   -20   -28    -2    28   -28   -20     4    28   -32    26 
  -28    36   -28    44     4   -36    36    12    44   -20    20   -44    36   -36   -12    -4    28   -44    28   -36 
  -28    36   -28    44     4    36   -36   -12    20   -44    44   -20   -36    36    12    -4    28   -44    28   -36 
   22   -32    -6    -6    -6    -4   -22   -18    -6    -6    -6    -6    -4   -22   -18    -6    -6    -6    22   -32 
   22   -32    -6    -6    -6    -4   -22   -18    -6    -6    -6    -6    -4   -22   -18    -6    -6    -6    22   -32 
  -32    22    -4   -28   -12    18    12    44    12     4    -4   -12   -18   -12   -44    12     4    28    32   -22 
  -32    22    -4   -28   -12   -18   -12   -44    -4   -12    12     4    18    12    44    12     4    28    32   -22 
  -18    34    18   -18   -30   -34     2    30   -22    10    10   -22   -34     2    30   -30    18   -18   -18    34 
  -18    34    18   -18   -30   -34     2    30    10   -22   -22    10   -34     2    30   -30    18   -18   -18    34 
   24    44   -12   -24   -20   -28    44     4    36    28   -28   -36    28   -44    -4    20    12    24   -24   -44 
   24    44   -12   -24   -20    28   -44    -4   -28   -36    36    28   -28    44     4    20    12    24   -24   -44 
   22    12    -6    18    26   -16   -46   -34    34    18    18    34   -16   -46   -34    26    -6    18    22    12 
   22    12    -6    18    26   -16   -46   -34    18    34    34    18   -16   -46   -34    26    -6    18    22    12 
  -14   -22   -22     2    42   -30    -6     2    26    26    26    26   -30    -6     2    42   -22     2   -14   -22 
  -14   -22   -22     2    42   -30    -6     2    26    26    26    26   -30    -6     2    42   -22     2   -14   -22 
  -14    -2    -6    42   -22   -18    -6    -6    -6    42    42    -6   -18    -6    -6   -22    -6    42   -14    -2 
  -14    -2    -6    42   -22   -18    -6    -6    42    -6    -6    42   -18    -6    -6   -22    -6    42   -14    -2 
  -20   -40     4    28   -20     4   -20    32    44     4    -4   -44    -4    20   -32    20    -4   -28    20    40 
  -20   -40     4    28   -20    -4    20   -32    -4   -44    44     4     4   -20    32    20    -4   -28    20    40 
  -10    34    10    -2   -46    -6   -30     2   -30    10    10   -30    -6   -30     2   -46    10    -2   -10    34 
  -10    34    10    -2   -46    -6   -30     2    10   -30   -30    10    -6   -30     2   -46    10    -2   -10    34 
   20   -16   -28    20    28     4   -20    32    12   -12    12   -12    -4    20   -32   -28    28   -20   -20    16 
   20   -16   -28    20    28    -4    20   -32    12   -12    12   -12     4   -20    32   -28    28   -20   -20    16 
  -20    36   -20     4    44    20    20   -44   -12    20   -20    12   -20   -20    44   -44    20    -4    20   -36 
  -20    36   -20     4    44   -20   -20    44   -20    12   -12    20    20    20   -44   -44    20    -4    20   -36 
  -34    10   -30   -18    26   -14   -14    -6    18    26    26    18   -14   -14    -6    26   -30   -18   -34    10 
  -34    10   -30   -18    26   -14   -14    -6    26    18    18    26   -14   -14    -6    26   -30   -18   -34    10 
  -16    12   -20    -8   -44   -36   -12    12    -4    36   -36     4    36    12   -12    44    20     8    16   -12 
  -16    12   -20    -8   -44    36    12   -12   -36     4    -4    36   -36   -12    12    44    20     8    16   -12 
   28   -40    36    12    -4   -20    28    24    44    20   -20   -44    20   -28   -24     4   -36   -12   -28    40 
   28   -40    36    12    -4    20   -28   -24   -20   -44    44    20   -20    28    24     4   -36   -12   -28    40 
    4    14   -44    -8   -12   -34    20   -20    44   -20    20   -44    34   -20    20    12    44     8    -4   -14 
    4    14   -44    -8   -12    34   -20    20    20   -44    44   -20   -34    20   -20    12    44     8    -4   -14 
    6   -24    42    42    10   -12    42   -34    -6    -6    -6    -6   -12    42   -34    10    42    42     6   -24 
    6   -24    42    42    10   -12    42   -34    -6    -6    -6    -6   -12    42   -34    10    42    42     6   -24 
   38    10    18   -42   -22   -22   -46    50     2    10    10     2   -22   -46    50   -22    18   -42    38    10 
   38    10    18   -42   -22   -22   -46    50    10     2     2    10   -22   -46    50   -22    18   -42    38    10 
   28    22    -4   -16   -52    -2   -44    44   -28    20   -20    28     2    44   -44    52     4    16   -28   -22 
   28    22    -4   -16   -52     2    44   -44   -20    28   -28    20    -2   -44    44    52     4    16   -28   -22 
  -30   -24    -6     6    -6    20    26    42   -22    42    42   -22    20    26    42    -6    -6     6   -30   -24 
  -30   -24    -6     6    -6    20    26    42    42   -22   -22    42    20    26    42    -6    -6     6   -30   -24 
   44   -38   -44    40    52    -2    52    28   -44    20   -20    44     2   -52   -28   -52    44   -40   -44    38 
   44   -38   -44    40    52     2   -52   -28   -20    44   -44    20    -2    52    28   -52    44   -40   -44    38 
  -12    -8   -12    36   -36    -4    44   -40   -36    20   -20    36     4   -44    40    36    12   -36    12     8 
  -12    -8   -12    36   -36     4   -44    40   -20    36   -36    20    -4    44   -40    36    12   -36    12     8 
  -54     6   -22   -22   -54    22    58    58    -6    -6    -6    -6    22    58    58   -54   -22   -22   -54     6 
   18    16   -38    22    -6    44   -22    -6    10    42    42    10    44   -22    -6    -6   -38    22    18    16 
   18    16   -38    22    -6    44   -22    -6    42    10    10    42    44   -22    -6    -6   -38    22    18    16 
   12    40   -20   -44    -4   -32     4   -28    44    28   -28   -44    32    -4    28     4    20    44   -12   -40 
   12    40   -20   -44    -4    32    -4    28   -28   -44    44    28   -32     4   -28     4    20    44   -12   -40 
   10     6     2     2   -30    14    50   -54    18    18    18    18    14    50   -54   -30     2     2    10     6 
   10     6     2     2   -30    14    50   -54    18    18    18    18    14    50   -54   -30     2     2    10     6 
    4    -4    52   -20    -4   -16    20    24   -52   -28    28    52    16   -20   -24     4   -52    20    -4     4 
    4    -4    52   -20    -4    16   -20   -24    28    52   -52   -28   -16    20    24     4   -52    20    -4     4 
   44   -48    28    28   -44   -44   -20    -8   -28    12   -12    28    44    20     8    44   -28   -28   -44    48 
   44   -48    28    28   -44    44    20     8   -12    28   -28    12   -44   -20    -8    44   -28   -28   -44    48 
   14   -10    42    30    34   -50   -14    18    50   -22   -22    50   -50   -14    18    34    42    30    14   -10 
   14   -10    42    30    34   -50   -14    18   -22    50    50   -22   -50   -14    18    34    42    30    14   -10 
  -38    26    10    10    -6   -54    42     2    26    10    10    26   -54    42     2    -6    10    10   -38    26 
  -38    26    10    10    -6   -54    42     2    10    26    26    10   -54    42     2    -6    10    10   -38    26 
  -12    12    12    36   -20   -12    12    20    12    12   -12   -12    12   -12   -20    20   -12   -36    12   -12 
  -12    12    12    36   -20    12   -12   -20   -12   -12    12    12   -12    12    20    20   -12   -36    12   -12 
  -14    48    -6     6    -6   -36   -54   -22   -38    -6    -6   -38   -36   -54   -22    -6    -6     6   -14    48 
  -14    48    -6     6    -6   -36   -54   -22    -6   -38   -38    -6   -36   -54   -22    -6    -6     6   -14    48 
  -46   -46   -46   -46   -46     2   -46   -62    18    18    18    18     2   -46   -62   -46   -46   -46   -46   -46 
   48    -4   -36     0   -60   -20   -20    36    -4    36   -36     4    20    20   -36    60    36     0   -48     4 
   48    -4   -36     0   -60    20    20   -36   -36     4    -4    36   -20   -20    36    60    36     0   -48     4 
  -34    38    58   -50    34   -18    18    42    50    58    58    50   -18    18    42    34    58   -50   -34    38 
  -34    38    58   -50    34   -18    18    42    58    50    50    58   -18    18    42    34    58   -50   -34    38 
   22    38   -14    -2    10   -10     2   -14    10    34    34    10   -10     2   -14    10   -14    -2    22    38 
   22    38   -14    -2    10   -10     2   -14    34    10    10    34   -10     2   -14    10   -14    -2    22    38 
   60    -4     4     4    12   -32   -20    32   -20    36   -36    20    32    20   -32   -12    -4    -4   -60     4 
   60    -4     4     4    12    32    20   -32   -36    20   -20    36   -32   -20    32   -12    -4    -4   -60     4 
  -22    46    26   -46    26   -34   -22   -54    26    26    26    26   -34   -22   -54    26    26   -46   -22    46 
  -22    46    26   -46    26   -34   -22   -54    26    26    26    26   -34   -22   -54    26    26   -46   -22    46 
   -6   -10   -54    18    26     6    42     2    -6    42    42    -6     6    42     2    26   -54    18    -6   -10 
   -6   -10   -54    18    26     6    42     2    42    -6    -6    42     6    42     2    26   -54    18    -6   -10 
   -8   -10   -20    28   -60    -6   -36    52   -20   -28    28    20     6    36   -52    60    20   -28     8    10 
   -8   -10   -20    28   -60     6    36   -52    28    20   -20   -28    -6   -36    52    60    20   -28     8    10 
  -28   -36    20    -4   -20     0    12    64    28   -28    28   -28     0   -12   -64    20   -20     4    28    36 
  -28   -36    20    -4   -20     0   -12   -64    28   -28    28   -28     0    12    64    20   -20     4    28    36 
  -38    64   -46    14   -46   -36   -54    -6   -14    18    18   -14   -36   -54    -6   -46   -46    14   -38    64 
  -38    64   -46    14   -46   -36   -54    -6    18   -14   -14    18   -36   -54    -6   -46   -46    14   -38    64 
   44    24   -52   -52   -44   -44   -44    16     4    28   -28    -4    44    44   -16    44    52    52   -44   -24 
   44    24   -52   -52   -44    44    44   -16   -28    -4     4    28   -44   -44    16    44    52    52   -44   -24 
   46   -26    58    22   -30    30    -6   -46    42   -30   -30    42    30    -6   -46   -30    58    22    46   -26 
   46   -26    58    22   -30    30    -6   -46   -30    42    42   -30    30    -6   -46   -30    58    22    46   -26 
  -10    10     2    38    50    46   -14   -42    -6    -6    -6    -6    46   -14   -42    50     2    38   -10    10 
  -10    10     2    38    50    46   -14   -42    -6    -6    -6    -6    46   -14   -42    50     2    38   -10    10 
   12    16    20    44   -36   -36   -60   -48   -52     4    -4    52    36    60    48    36   -20   -44   -12   -16 
   12    16    20    44   -36    36    60    48    -4    52   -52     4   -36   -60   -48    36   -20   -44   -12   -16 
   12    12   -20   -68    28   -20    52   -20    20    36   -36   -20    20   -52    20   -28    20    68   -12   -12 
   12    12   -20   -68    28    20   -52    20   -36   -20    20    36   -20    52   -20   -28    20    68   -12   -12 
   28    -4    12   -12   -36    36    12   -28    12   -36    36   -12   -36   -12    28    36   -12    12   -28     4 
   28    -4    12   -12   -36   -36   -12    28    36   -12    12   -36    36    12   -28    36   -12    12   -28     4 
    2   -14    42   -30    42    18    42    18    26    -6    -6    26    18    42    18    42    42   -30     2   -14 
    2   -14    42   -30    42    18    42    18    -6    26    26    -6    18    42    18    42    42   -30     2   -14 
  -14    58     2    50   -30   -54    18   -62     2     2     2     2   -54    18   -62   -30     2    50   -14    58 
  -14    58     2    50   -30   -54    18   -62     2     2     2     2   -54    18   -62   -30     2    50   -14    58 
  -62    32   -54   -42    42    12   -30    18    42    42    42    42    12   -30    18    42   -54   -42   -62    32 
