2 4
100
    1     1 
   24   -24 
   12    12 
    1     1 
    1 0     1 0 
   24   -24 
  -15 -19   -15 -19 
    1 0     1 0 
  -84 -42   -84 -42 
    3 -1     3 -1 
   -2    -2 

    1     1 
    1    -1 
    1    -1 
   -1    -1 

    0     0 
   -1     1 
   -1     1 
    0     0 
    0     0 
   -2     6 
   -2     6 
    4    -4 
    4    -4 
   -6    -6 
   -2   -10 
   -2   -10 
   -4    12 
   -4    12 
    1     1 
   12     4 
   12     4 
   12    12 
   12    12 
  -14     2 
  -14     2 
   12     4 
   12     4 
   -2     6 
   -2     6 
   10    10 
   10    10 
    0    16 
    0    16 
   18   -14 
   18   -14 
   -4   -12 
   -4   -12 
    2   -14 
    2   -14 
  -12    -4 
  -12    -4 
  -20    -4 
  -20    -4 
   10   -22 
  -16     0 
  -16     0 
   18    18 
   18    18 
   20   -12 
   20   -12 
   20    12 
   20    12 
    2    18 
    2    18 
   10   -22 
   10   -22 
  -20    20 
  -20    20 
    6    14 
    6    14 
   18   -30 
   18   -30 
   -4   -12 
   -4   -12 
    4    -4 
    4    -4 
  -22    -6 
  -22    -6 
   -4   -20 
   -4   -20 
    2   -30 
    2   -30 
   24    -8 
   24    -8 
   30   -10 
   30   -10 
   12    -4 
   12    -4 
   -6    10 
   -6    10 
   18   -14 
   18   -14 
   20   -36 
   20   -36 
  -14    34 
  -14    34 
    8   -40 
    8   -40 
   34    34 
   34    34 
   10    10 
   10    10 
   36    -4 
   36    -4 
  -24    24 
  -24    24 
    4     4 
    4     4 
    6   -18 
    6   -18 
   20    12 
   20    12 
  -30   -30 
  -20    28 
