2 0
25
   -1     1 
    0   -16 
   16     8 
    1     1 
    3 4     1 0 
    8   -16 
 -111 59  -111 59 
    1 0     1 0 
 -216 288  -216 288 
    3 -1     3 -1 
    1    -1 

    1     1 
    1     1 
    1    -1 
    1     1 

    0     0 
    0     0 
   -1     1 
   -4     4 
   -6     6 
   -6    -6 
   -4    -4 
    0     0 
    2    -2 
    6     6 
   -6    -6 
   -1    -1 
   -6     6 
    2    -2 
    8     8 
    4    -4 
    0     0 
  -12    12 
   -4     4 
    8     8 
    4     4 
    4    -4 
   14   -14 
   -6    -6 
    0     0 
