5 2
25
   -1    -1    -1    -1    -1 
    0     0     0     0     0 
    7     5     5     3     3 
    1     1     1     1     1 
    3 2     7 0     7 0     7 0    -3 4 
   72   144    24    16   256 
  -51 82   -51 82   -51 82   -51 82   -51 82 
    1 0     1 0     1 0     1 0     1 0 
 -380 -20  -380 -20  -380 -20  -380 -20  -380 -20 
    1 2     1 2     1 2     1 2     1 2 
    3    -4     2    -4    12 

   -1    -1    -1    -1    -1 
    1     1    -1    -1    -1 
   -1    -1     1    -1    -1 
    1     1     1    -1    -1 

    0     0     0     0     0 
   -1    -1     1     1     1 
   -3    -1    -1     1     1 
    2     3     5    -5     3 
    0     0     0     0     0 
   -4    -6     0     2    -6 
    1     0    -4    -4     4 
    1     5    -1     5    -3 
    6    -8     4     0     0 
   -1    -1    -1     1     1 
    3     6     0     2     2 
    4     0     0    -8     0 
   -1     1     5     7    -9 
    0    -4     4     4    -4 
    4     4   -10     4    -4 
    3     3   -11     3    -5 
    7     6     0    -6    -6 
    1    14     6     6    -2 
   -4     2    -8    -2     6 
   -4     2     4     2    -6 
    0   -11    -5    -5   -13 
  -12   -12     4    -4    12 
   -4    -9   -17   -15    17 
   -9    12    -6    12     4 
   -8    15    11     7     7 
