6 0
25
   -1     1    -1    -1    -1     1 
    0    48     0     0     0   -24 
   18    12    12    12    12     6 
    1     1     1     1     1     1 
   -3 2     1 0    -3 2    -3 2    -3 2     1 0 
    8    48    16    48    20   -24 
    9 71     9 71     9 71     9 71     9 71     9 71 
    1 0     1 0     1 0     1 0     1 0     1 0 
  168 204   168 204   168 204   168 204   168 204   168 204 
    3 -1     3 -1     3 -1     3 -1     3 -1     3 -1 
    2     2     4    14    -2    -4 

    1     1     1     1    -1    -1 
    1    -1    -1    -1    -1     1 
    1     1     1    -1    -1    -1 
    1     1    -1     1    -1    -1 

    0     0     0     0     0     0 
    0     0     0     0     0     0 
   -1    -1    -1     1     1     1 
   -6     0     0     0     0     6 
    0     3     4    -4    -3     0 
   -4    -1    -2    -2    -1    -4 
    2     2     2     2     2     2 
   -4     5     4    -4    -5     4 
   -4     2    -4     4    -2     4 
    2    -1    -6    -6    -1     2 
    0    -3   -10   -10    -3     0 
   -2     4     2     2     4    -2 
   -1    -1     1    -1     1     1 
    4    -2    -4     4     2    -4 
    2     2    -6    -6     2     2 
   -4    -1   -12    12     1     4 
   14     2    -8     8    -2   -14 
   12    12    -4     4   -12   -12 
    4   -14    -4     4    14    -4 
    6     3    10    10     3     6 
   -2    16    10    10    16    -2 
    0    12    12   -12   -12     0 
   -2    -2     8    -8     2     2 
    4     7     6     6     7     4 
    4    10    -2    -2    10     4 
