2 0
25
    1    -1 
    0     0 
    6     2 
    1     1 
    5 0     3 2 
    8    16 
   89 14    57 82 
    1 0     1 0 
   32 192   384 -32 
    1 2     1 -2 
    1    -1 

   -1     1 
    1     1 

    0     0 
   -2     2 
    0     0 
   -2     2 
   -4     4 
    0     0 
   -2    -2 
    0     0 
    4    -4 
   -4    -4 
    4     4 
   -4    -4 
   -8     8 
  -12    12 
   -6    -6 
   -4     4 
  -10    10 
   16   -16 
   14   -14 
   -6    -6 
   -1    -1 
   -2     2 
  -12    12 
   -2    -2 
    6     6 
