4 3
200
   -1    -1    -1    -1 
    0     0     0     0 
    4     1     1     1 
    1     1     1     1 
   -3 8   -13 6    -3 8   -13 6 
   16   196    16    28 
   18 71  -177 71    69 46    18 71 
    1 0     0 1     1 0     1 0 
  195 195   390 195   390 0   195 195 
    3 -1     3 -1     3 -2     3 -1 
   -3     4    -1     2 

   -1     1    -1    -1 
   -1     1    -1    -1 
   -1    -1    -1    -1 
   -1    -1    -1    -1 

   -1     2     2     2 
    1    -1     1     1 
    1    -1     1     1 
    4    -1    -5     5 
    4    -1    -5     5 
    2    -1     5    -7 
    2    -1     5    -7 
   -4    -2     2    -6 
   -4    -2     2    -6 
    1     1     1     1 
   -6    -5    -9     9 
   -6    -5    -9     9 
   -4     4    -4    -8 
   -4     4    -4    -8 
  -14    -5    -5   -13 
  -12     8     0     0 
  -12     8     0     0 
   -4    12    -4    -4 
   -4    12    -4    -4 
   -6    10     6    -6 
   -6    10     6    -6 
   -4   -12     8    -4 
   -4   -12     8    -4 
   10   -15   -11    11 
   10   -15   -11    11 
   18    17    -9   -11 
   18    17    -9   -11 
   12     9     3   -17 
   12     9     3   -17 
    2    14     2    10 
    2    14     2    10 
  -12    -6     6   -22 
  -12    -6     6   -22 
   -6    18     6   -14 
   -6    18     6   -14 
  -20    -1   -17    15 
  -20    -1   -17    15 
  -20   -13   -11    15 
  -20   -13   -11    15 
    1     1     1     1 
  -12     2    -6     6 
  -12     2    -6     6 
  -14   -13    13   -17 
  -14   -13    13   -17 
   20    -4    -4   -12 
   20    -4    -4   -12 
   12    22   -18    -2 
   12    22   -18    -2 
   26   -27   -25    19 
   26   -27   -25    19 
  -14    -2   -14    22 
  -14    -2   -14    22 
   -4     0    20     0 
   -4     0    20     0 
   18   -18    18     2 
   18   -18    18     2 
  -22    30   -10    18 
  -22    30   -10    18 
  -20   -12    -8    20 
  -20   -12    -8    20 
   -4    -5   -19    23 
   -4    -5   -19    23 
   26   -10   -10   -22 
   26   -10   -10   -22 
   20     0    32     0 
   20     0    32     0 
  -14     4     4     8 
  -14     4     4     8 
   -4   -19    -1    11 
   -4   -19    -1    11 
  -14     6   -14    -6 
  -14     6   -14    -6 
   36   -14     6    10 
   36   -14     6    10 
  -30    30   -18   -14 
  -30    30   -18   -14 
  -38     2   -26    30 
  -38     2   -26    30 
   20   -26    26    26 
   20   -26    26    26 
   18     4    24   -20 
   18     4    24   -20 
   -4     9    35    -1 
   -4     9    35    -1 
   18   -13    15     9 
   18   -13    15     9 
   26   -11   -13    -7 
   26   -11   -13    -7 
    4   -23   -29    -1 
    4   -23   -29    -1 
  -20    28    16     0 
  -20    28    16     0 
   28   -14    34   -14 
   28   -14    34   -14 
  -22   -14   -22   -18 
  -22   -14   -22   -18 
  -20    16   -20     0 
  -20    16   -20     0 
   18   -37   -45   -37 
   36   -32     0    36 
   36   -32     0    36 
    4    21   -41    11 
    4    21   -41    11 
  -38     0    16   -20 
  -38     0    16   -20 
   44   -31    17   -39 
   44   -31    17   -39 
   18   -19   -21    -7 
   18   -19   -21    -7 
  -12   -18    42    -2 
  -12   -18    42    -2 
  -30     4   -36   -16 
  -30     4   -36   -16 
  -38   -37    -5    -5 
  -38   -37    -5    -5 
  -38   -42    22    18 
  -38   -42    22    18 
    4   -34    -2   -38 
    4   -34    -2   -38 
  -30   -12   -36    20 
  -30   -12   -36    20 
   28    15     1   -37 
   28    15     1   -37 
   36    20    12    24 
   36    20    12    24 
   34    -6    22    42 
   34    -6    22    42 
    4   -24     4    16 
    4   -24     4    16 
  -36    22     6    10 
  -36    22     6    10 
   -4    10    38    -6 
   -4    10    38    -6 
   10    -6   -14   -42 
   10    -6   -14   -42 
  -30   -40   -12   -28 
  -30   -40   -12   -28 
   -4    52    44    44 
   -4    52    44    44 
   42   -26    -6   -50 
   42   -26    -6   -50 
   20    36    -4    24 
   20    36    -4    24 
  -12    26   -42   -26 
  -12    26   -42   -26 
  -54   -54    42   -54 
   10    29   -17   -45 
   10    29   -17   -45 
   -4   -29    35    19 
   -4   -29    35    19 
  -14     2   -14    14 
  -14     2   -14    14 
   36   -16    12    44 
   36   -16    12    44 
   -4     6     2    38 
   -4     6     2    38 
   18     1    21   -29 
   18     1    21   -29 
  -22    30     2    -6 
  -22    30     2    -6 
   12   -24    36    12 
   12   -24    36    12 
   10    -1   -11   -15 
   10    -1   -11   -15 
    2   -26   -58   -58 
  -36    12     0   -28 
  -36    12     0   -28 
  -30    32    12   -12 
  -30    32    12   -12 
   50     2   -22    14 
   50     2   -22    14 
  -28    36    -4   -20 
  -28    36    -4   -20 
  -38    45   -53     1 
  -38    45   -53     1 
   -6   -36    24    40 
   -6   -36    24    40 
   20   -18   -58   -50 
   20   -18   -58   -50 
   36    40   -36    -8 
   36    40   -36    -8 
   -6    58    42    58 
   -6    58    42    58 
   28    49   -41     5 
   28    49   -41     5 
  -22     8    -4    -8 
  -22     8    -4    -8 
    2   -20    20   -20 
    2   -20    20   -20 
   20   -22    38   -18 
   20   -22    38   -18 
  -12   -27    21   -43 
  -12   -27    21   -43 
  -12    60   -36   -12 
  -12    60   -36   -12 
   58   -29     1   -11 
   58   -29     1   -11 
   18   -50    18    62 
   18   -50    18    62 
   18    12   -24    12 
