2 7
25
   -1    -1 
    0     0 
    3     3 
    1     1 
    3 4    -3 2 
   16    16 
 -101 -58  -101 -58 
    1 0     1 0 
  130 -260   130 -260 
    1 2     1 2 
   -1     9 

   -1    -1 
   -1     1 
    1    -1 

    0     0 
    0     0 
    0     0 
    0     0 
    0     4 
    6     6 
   -6     2 
    8    -4 
    8     0 
    1    -1 
   -2    -6 
    2     6 
   -8    -4 
   -8     8 
   10    -2 
   -4     8 
    4    12 
   -4     2 
   -4   -14 
   -4   -10 
   -4   -10 
   -4    -2 
    4    -6 
   -2    18 
    2     6 
