11 5
200
   -1     1     1     1    -1    -1    -1    -1    -1    -1    -1 
    0     0     0   192     0     0     0     0     0     0     0 
   16    14    12    12    10    10    18    14    14    12     8 
    1     1     1     1     1     1     1     1     1     1     1 
   -3 2    -1 6     3 4     1 0    -3 2     3 2    -3 2    -3 2    -3 2    -3 2    -3 2 
   24   144    16   192    32    32     8    40    56    16    32 
  -75 -25   -75 -25   -75 113   -75 -25   -75 -25   -75 113   -75 113   -75 113   -75 -25   -75 113   -75 -25 
    1 0     1 0    -1 1     1 0     1 0    -1 1    -1 1    -1 1     1 0    -1 1     1 0 
 -276 0  -276 0   276 -138  -276 0  -276 0   276 -138   276 -138   276 -138  -276 0   276 -138  -276 0 
    3 -1     3 -1     3 -1     3 -1     3 -1     3 -1     3 -1     3 -1     3 -1     3 -1     3 -1 
   -4    -2     1     8    -2    -1    -2    -2     4    -1    -2 
    1     1     1     1     0     0     0     0     0     1     0 
    0     0     0     0     0     0     0     0     0     0     0 

   -1     1     1     1    -1    -1    -1    -1     1    -1     1 
    1     1     1     1     1    -1    -1    -1    -1    -1    -1 
    1     1     1     1    -1     1    -1    -1    -1    -1    -1 
   -1    -1    -1    -1     1     1    -1    -1     1    -1     1 

    0     0     0     0     0     0     0     0     0     0     0 
   -1    -1    -1    -1    -1     1     1     1     1     1     1 
   -1    -1    -1    -1     1    -1     1     1     1     1     1 
   -4    -2     0     0     2     2    -6    -2    -2     0     4 
   -4    -2     0     0     2     2    -2    -6     4     0    -2 
   -2    -4    -4     8     4    -6    -4     4     8    -2    -2 
   -2    -4    -4     8    -6     4     4    -4    -2    -2     8 
    0     0    -6     6    -8    -2    -4     0    -6    -4    -2 
    0     0    -6     6    -2    -8     0    -4    -2    -4    -6 
   -6    -6     6   -10     6     6     2     2    -6    -6    -6 
   -6    -6    -6    10    -6     2    -6     2   -10    10    -6 
   -6    -6    -6    10     2    -6     2    -6    -6    10   -10 
    8    -4    -6     6     0     6     8     4     6    -4   -10 
    8    -4    -6     6     6     0     4     8   -10    -4     6 
    2   -10   -10   -10    -6    -6     6     6    10     2    10 
   -4     4    -4     4     4   -12    -4    12     0    12   -12 
   -4     4    -4     4   -12     4    12    -4   -12    12     0 
    8    -4     6    -6     8     2    -4     8   -12   -12     0 
    8    -4     6    -6     2     8     8    -4     0   -12   -12 
   -6     6   -14     2     6    -2   -10     6    14    10   -10 
   -6     6   -14     2    -2     6     6   -10   -10    10    14 
  -12    -6    16     0   -14    -6    14    -6     6     0   -16 
  -12    -6    16     0    -6   -14    -6    14   -16     0     6 
   -2    -4     0   -12    10    -8    -8   -16     0     6     6 
   -2    -4     0   -12    -8    10   -16    -8     6     6     0 
   10    10   -18     6   -10     2    -2   -18    -8   -14    12 
   10    10   -18     6     2   -10   -18    -2    12   -14    -8 
   12    -6   -16     0   -12     8     2     6   -14    -8   -12 
   12    -6   -16     0     8   -12     6     2   -12    -8   -14 
    6   -12    16   -12     6   -12     0     8    12    -2   -14 
    6   -12    16   -12   -12     6     8     0   -14    -2    12 
   12     0   -20    12    20    20     0    -8    -4    12   -12 
   12     0   -20    12    20    20    -8     0   -12    12    -4 
   -2     8   -16     4    -2   -12     0     8    10   -18    16 
   -2     8   -16     4   -12    -2     8     0    16   -18    10 
   20    20    12    12     4     8    -4    -4    -4    20    12 
   20    20    12    12     8     4    -4    -4    12    20    -4 
    4   -20    16    24    -4   -20    12     4    24   -20     0 
    4   -20    16    24   -20    -4     4    12     0   -20    24 
  -22   -22   -22   -22   -10   -10    -6    -6   -14   -22   -14 
    4     8    12     4    -4     4     0    -8    12    12   -20 
    4     8    12     4     4    -4    -8     0   -20    12    12 
  -14    -2    14    14    22    14    14    14    -2     2     2 
  -14    -2    14    14    14    22    14    14     2     2    -2 
   20   -28    16     8   -12    -4   -20    20   -20   -12     4 
   20   -28    16     8    -4   -12    20   -20     4   -12   -20 
   28     2    12     4    14    18     2   -18   -20   -16    -6 
   28     2    12     4    18    14   -18     2    -6   -16   -20 
   -6    -6   -22    -6   -30   -10     2   -14    26    -6    18 
   -6    -6   -22    -6   -10   -30   -14     2    18    -6    26 
   26   -22   -10   -18   -28    -4   -10   -10    10   -14   -30 
   26   -22   -10   -18    -4   -28   -10   -10   -30   -14    10 
  -12   -18     4    -4    30    10    18    -2     6     0    12 
  -12   -18     4    -4    10    30    -2    18    12     0     6 
   18    -6    -6    -6   -10     2     2    -6   -30   -14   -30 
   18    -6    -6    -6     2   -10    -6     2   -30   -14   -30 
  -18    12   -24    -4   -18     4     0    -8     8   -26   -18 
  -18    12   -24    -4     4   -18    -8     0   -18   -26     8 
  -16     8    14    18   -18    12     4     0     0    20   -24 
  -16     8    14    18    12   -18     0     4   -24    20     0 
  -28   -28    -8    32   -28    -8   -12   -20   -20    28     4 
  -28   -28    -8    32    -8   -28   -20   -12     4    28   -20 
  -22    14    -6    -6    16   -20    10   -22    30   -14    -6 
  -22    14    -6    -6   -20    16   -22    10    -6   -14    30 
  -20     4     8    16   -20     8     4   -20    20    -4     4 
  -20     4     8    16     8   -20   -20     4     4    -4    20 
   26   -34    14    22     4   -36   -10    22     8    10   -32 
   26   -34    14    22   -36     4    22   -10   -32    10     8 
   28    32   -20   -12    12    12   -24   -16   -12   -28    28 
   28    32   -20   -12    12    12   -16   -24    28   -28   -12 
   -6     6   -10   -18    14   -18    14   -18    30    10    14 
   -6     6   -10   -18   -18    14   -18    14    14    10    30 
    8   -16   -30   -18   -16   -26    12   -16    -6    20   -18 
    8   -16   -30   -18   -26   -16   -16    12   -18    20    -6 
  -18    12    36    32   -12     2   -28   -20   -12    30   -38 
  -18    12    36    32     2   -12   -20   -28   -38    30   -12 
   26   -10   -26   -10    22   -14   -26   -26   -10    10    14 
   26   -10   -26   -10   -14    22   -26   -26    14    10   -10 
    4     2   -16     0   -26    14    -6   -18    24    16    22 
    4     2   -16     0    14   -26   -18    -6    22    16    24 
   34   -26    26    26   -10    -2    18   -14    -4   -38   -20 
   34   -26    26    26    -2   -10   -14    18   -20   -38    -4 
    4   -28   -36    12    36   -16     4   -28   -12   -36   -36 
    4   -28   -36    12   -16    36   -28     4   -36   -36   -12 
    2    34   -30    34    18    -6    -6   -14     2    18    -6 
    2    34   -30    34    -6    18   -14    -6    -6    18     2 
   34   -38     6   -18   -10    18   -10   -10    12   -22     0 
   34   -38     6   -18    18   -10   -10   -10     0   -22    12 
  -20    38   -12   -36    -6   -18    -2    18     0    24    18 
  -20    38   -12   -36   -18    -6    18    -2    18    24     0 
  -20     8    12   -28   -12   -20     8    16    12   -12    20 
  -20     8    12   -28   -20   -12    16     8    20   -12    12 
  -28    20    16    -8    32    20   -12    -4    28   -20   -20 
  -28    20    16    -8    20    32    -4   -12   -20   -20    28 
  -18    24    24   -20   -30    40   -24   -16    18   -18    16 
  -18    24    24   -20    40   -30   -16   -24    16   -18    18 
    0   -12    22   -38    34    24    12    -8   -22    28   -14 
    0   -12    22   -38    24    34    -8    12   -14    28   -22 
    1     1     1     1    -1    -1     1     1    -1     1    -1 
  -12    12    32   -40    12   -36    28     4   -32     4    28 
  -12    12    32   -40   -36    12     4    28    28     4   -32 
   12    42    -4   -12   -26    34   -30   -18   -24     0    14 
   12    42    -4   -12    34   -26   -18   -30    14     0   -24 
  -10    28    28   -24    14   -24   -20   -28   -34    22    24 
  -10    28    28   -24   -24    14   -28   -20    24    22   -34 
  -32    28   -18   -30     8    10    28   -24    -4    28   -32 
  -32    28   -18   -30    10     8   -24    28   -32    28    -4 
   18   -30    -2    -2     6    30    18     2    22     2   -10 
   18   -30    -2    -2    30     6     2    18   -10     2    22 
  -28    -8   -28    36   -44   -28    48    -8     4   -12   -12 
  -28    -8   -28    36   -28   -44    -8    48   -12   -12     4 
  -14   -22    42    -6    -6   -46    34   -38    34    18    34 
  -14   -22    42    -6   -46    -6   -38    34    34    18    34 
  -22   -22     6     6     6     6   -38    42     6   -38    30 
  -22   -22     6     6     6     6    42   -38    30   -38     6 
   30    12    24    -4   -12    30   -40   -48   -10   -10    48 
   30    12    24    -4    30   -12   -48   -40    48   -10   -10 
   16    16   -18   -46    28    46     8    12     8   -28   -24 
   16    16   -18   -46    46    28    12     8   -24   -28     8 
  -18   -36    12   -40     8   -10    -4   -12    -4    46   -30 
  -18   -36    12   -40   -10     8   -12    -4   -30    46    -4 
   16   -44   -46    -2    -4   -14    32   -36   -38    20    34 
   16   -44   -46    -2   -14    -4   -36    32    34    20   -38 
   28   -34     4   -20   -36    -4    30   -14    50     8    16 
   28   -34     4   -20    -4   -36   -14    30    16     8    50 
  -14   -14   -26   -26   -10   -30   -30   -14   -46   -30   -22 
  -14   -14   -26   -26   -30   -10   -14   -30   -22   -30   -46 
  -28   -32    28   -20   -48     4    24   -32    32     4   -44 
  -28   -32    28   -20     4   -48   -32    24   -44     4    32 
   20    44    -8    32    28     8    36   -20    -8   -44    -4 
   20    44    -8    32     8    28   -20    36    -4   -44    -8 
  -52    44   -12    36    36   -24   -20    44   -12   -28    36 
  -52    44   -12    36   -24    36    44   -20    36   -28   -12 
   34   -10   -18     6   -10    22    30    14   -42    18     6 
   34   -10   -18     6    22   -10    14    30     6    18   -42 
   50   -34    50   -14   -52    16    26   -22   -14    10    -2 
   50   -34    50   -14    16   -52   -22    26    -2    10   -14 
    0    12   -46    -2   -18   -48   -28   -24   -10   -28   -26 
    0    12   -46    -2   -48   -18   -24   -28   -26   -28   -10 
    2   -26    30   -26   -30   -10   -10    22     6    50    -2 
    2   -26    30   -26   -10   -30    22   -10    -2    50     6 
   28   -20    16   -40   -52     4    12    20   -32   -20   -20 
   28   -20    16   -40     4   -52    20    12   -20   -20   -32 
  -12     6    12   -12     8    16    22   -54    22    16    44 
  -12     6    12   -12    16     8   -54    22    44    16    22 
  -54    42    42   -54    42    42    10    10    22   -54    22 
  -22    34   -30     2   -54    -6   -30    34   -42    26   -14 
  -22    34   -30     2    -6   -54    34   -30   -14    26   -42 
   20    44    44   -52   -36   -32    44    28     8   -20    20 
   20    44    44   -52   -32   -36    28    44    20   -20     8 
    6   -36     0    52    24    10    24     0    26    14    36 
    6   -36     0    52    10    24     0    24    36    14    26 
   36   -12    24    48     8     4    -4   -44   -24    20   -36 
   36   -12    24    48     4     8   -44    -4   -36    20   -24 
   32    32   -26   -38   -46   -24     0     4     2   -12    -2 
   32    32   -26   -38   -24   -46     4     0    -2   -12     2 
  -46    58     2   -14     6    34   -22   -30     2    34    34 
  -46    58     2   -14    34     6   -30   -22    34    34     2 
  -38   -14   -30    18    10    26   -22   -38   -42   -38    30 
  -38   -14   -30    18    26    10   -38   -22    30   -38   -42 
    4    32    12   -28    12   -52   -48   -24   -12    12    32 
    4    32    12   -28   -52    12   -24   -48    32    12   -12 
  -26    20    36     0   -28    42    44   -28    12   -58   -54 
  -26    20    36     0    42   -28   -28    44   -54   -58    12 
  -62   -62   -46   -46    10    10    18    18    58     2    58 
   36    18   -20   -12    42   -18    34   -18   -40   -24   -18 
   36    18   -20   -12   -18    42   -18    34   -18   -24   -40 
    6   -48   -40    28    48     2    -8     0    24   -10   -54 
    6   -48   -40    28     2    48     0    -8   -54   -10    24 
   26   -22    -2    22    22    34    22     6    44    50   -16 
   26   -22    -2    22    34    22     6    22   -16    50    44 
    4   -34   -12    12     0   -32    30   -46    46    48    52 
    4   -34   -12    12   -32     0   -46    30    52    48    46 
   18    54   -34    38   -50    10    -2    30   -14   -46    -2 
   18    54   -34    38    10   -50    30    -2    -2   -46   -14 
  -26   -40    -4    40   -24   -18    44   -12   -18    46   -12 
  -26   -40    -4    40   -18   -24   -12    44   -12    46   -18 
  -44     4   -44     4   -52    56   -36    28    20    12    28 
  -44     4   -44     4    56   -52    28   -36    28    12    20 
  -36   -18   -20    20    54   -54     2   -34    30    -8   -36 
  -36   -18   -20    20   -54    54   -34     2   -36    -8    30 
   66    30     6   -34   -10    22   -42   -26    22    18     6 
   66    30     6   -34    22   -10   -26   -42     6    18    22 
   48    36   -22   -26    -8    22     4    24   -20    36     8 
   48    36   -22   -26    22    -8    24     4     8    36   -20 
   26   -10    34   -14   -50    30    22   -26    22    -6     2 
   26   -10    34   -14    30   -50   -26    22     2    -6    22 
  -62    46   -14   -46   -46   -14    14   -34   -46   -14    14 
  -62    46   -14   -46   -14   -46   -34    14    14   -14   -46 
   52   -16    44    -4    44    36    48     8   -60   -12   -48 
   52   -16    44    -4    36    44     8    48   -48   -12   -60 
  -32   -20    42    38    -8   -10    12    32    60   -28    48 
  -32   -20    42    38   -10    -8    32    12    48   -28    60 
  -44    26   -16   -64    28     8   -66    42    52   -48   -14 
  -44    26   -16   -64     8    28    42   -66   -14   -48    52 
  -58   -32   -60   -16    14   -56    60   -44    -4   -18    30 
  -58   -32   -60   -16   -56    14   -44    60    30   -18    -4 
   34    10    50     2   -12   -40   -30    50    32    18   -28 
   34    10    50     2   -40   -12    50   -30   -28    18    32 
  -66     0    12   -56    16    22    20    44   -26   -42   -36 
