2 4
200
   -1    -1 
    0     0 
    4     4 
    1     1 
    9 4     3 2 
   16    16 
   89 18    89 18 
    1 0     1 0 
  160 -160   160 -160 
    1 -2     1 -2 
    2    -1 
    0     0 
    0     0 

    1    -1 
    1    -1 
    1     1 

    0     0 
    0     0 
   -1     1 
    4    -4 
    0     0 
    6     6 
   -2    -2 
    4    -4 
    4    -4 
   -1    -1 
   -2    -2 
    2     2 
   -4     4 
   -4     4 
    2     2 
   -4     4 
  -12    12 
   -4     4 
    8    -8 
    6     6 
    6     6 
  -12    12 
   -4     4 
   -6    -6 
   -6    -6 
   -2    -2 
   -2    -2 
   -4     4 
    8    -8 
  -10   -10 
  -14   -14 
  -12    12 
   12   -12 
    6     6 
  -10   -10 
    0     0 
    4    -4 
   -4     4 
  -20    20 
  -14   -14 
   12   -12 
  -20    20 
   -2    -2 
   -2    -2 
    4    -4 
   -8     8 
   12   -12 
  -12    12 
   -6    -6 
    6     6 
   -2    -2 
   14    14 
    4    -4 
   -8     8 
   -2    -2 
  -14   -14 
  -30   -30 
  -22   -22 
  -16    16 
  -20    20 
   -4     4 
   16   -16 
  -10   -10 
   22    22 
    8    -8 
   12   -12 
   14    14 
   -2    -2 
  -28    28 
   12   -12 
   18    18 
  -34   -34 
  -20    20 
   -4     4 
  -38   -38 
   -2    -2 
  -22   -22 
  -14   -14 
    0     0 
  -36    36 
  -26   -26 
   38    38 
   12   -12 
  -12    12 
  -26   -26 
   10    10 
  -18   -18 
  -18   -18 
   12   -12 
  -20    20 
   20   -20 
   -4     4 
  -28    28 
  -16    16 
  -10   -10 
  -30   -30 
   20   -20 
   20   -20 
  -30   -30 
   36   -36 
   36   -36 
   44   -44 
   12   -12 
  -18   -18 
  -22   -22 
    8    -8 
   28   -28 
   22    22 
   14    14 
  -12    12 
    0     0 
   18    18 
    6     6 
   26    26 
   10    10 
   34    34 
  -10   -10 
   -8     8 
   28   -28 
   -6    -6 
   30    30 
   36   -36 
   12   -12 
  -28    28 
    4    -4 
  -26   -26 
    6     6 
  -20    20 
  -44    44 
   12   -12 
   36   -36 
    0     0 
   12   -12 
   30    30 
   18    18 
  -50   -50 
   38    38 
   28   -28 
   -4     4 
    6     6 
  -30   -30 
    4    -4 
   -4     4 
   20   -20 
   -8     8 
  -18   -18 
  -42   -42 
  -42   -42 
  -36    36 
  -36    36 
   50    50 
   26    26 
   52   -52 
    4    -4 
  -44    44 
   12   -12 
   46    46 
   42    42 
  -14   -14 
  -46   -46 
    8    -8 
  -12    12 
   46    46 
  -10   -10 
   34    34 
   24   -24 
   44   -44 
   30    30 
   46    46 
    2     2 
  -22   -22 
  -28    28 
  -12    12 
  -38   -38 
   34    34 
   -6    -6 
  -30   -30 
   16   -16 
   52   -52 
  -36    36 
   24   -24 
  -18   -18 
   34    34 
    4    -4 
   16   -16 
   14    14 
  -50   -50 
  -46   -46 
   10    10 
   16   -16 
   20   -20 
  -32    32 
   44   -44 
  -24    24 
   28   -28 
  -50   -50 
   18    18 
  -14   -14 
   18    18 
   26    26 
