1 2
200
   -1 
    0 
    5 
    1 
    3 2 
112896 
    6 121 
   -1 0 
  -11 -242 
    2 0 
-28224 
    0 
    0 

    1 
    1 
    1 
    1 

   -2 
    0 
    0 
   -1 
   -1 
   -1 
    8 
    4 
   -1 
    6 
   -6 
   12 
    2 
    4 
    4 
    8 
   -6 
  -12 
   -4 
   -2 
    2 
  -12 
   -2 
    6 
  -12 
   12 
   -2 
  -20 
   -8 
  -12 
   18 
    0 
   -4 
  -18 
   10 
   12 
  -22 
   -4 
  -20 
  -14 
    0 
  -20 
   -4 
   14 
  -22 
    4 
   18 
   24 
   12 
    6 
    2 
    2 
  -12 
  -20 
  -14 
   -2 
   -6 
   10 
    8 
   24 
  -34 
  -18 
   26 
   16 
  -10 
  -32 
   14 
  -22 
  -12 
   12 
    0 
   -4 
    4 
   30 
   14 
  -34 
   -6 
   26 
  -10 
  -12 
  -24 
   38 
   -8 
   24 
    2 
   12 
  -20 
  -10 
  -20 
  -16 
   32 
  -12 
  -14 
    8 
  -24 
  -30 
  -36 
   36 
  -26 
   26 
    4 
   24 
  -28 
   10 
   30 
   18 
  -20 
   42 
   22 
  -32 
    4 
   -2 
   18 
   22 
  -26 
   36 
   26 
  -36 
  -12 
  -14 
   26 
   -4 
  -14 
  -18 
   14 
   14 
    0 
  -12 
  -30 
  -44 
   20 
   12 
  -44 
    6 
   10 
   34 
   14 
   20 
  -18 
   18 
  -46 
  -44 
  -16 
  -12 
   36 
  -38 
   -6 
  -22 
   50 
   58 
  -34 
   20 
   20 
    4 
   36 
   26 
   52 
  -30 
   14 
    0 
  -38 
    8 
  -60 
   28 
   40 
   26 
    0 
   -6 
  -18 
  -18 
   10 
  -16 
   -4 
   10 
   12 
   32 
   22 
   20 
   48 
   42 
   40 
    2 
  -50 
  -54 
  -64 
   -8 
  -14 
   22 
  -10 
    4 
   14 
  -60 
  -20 
   -4 
   18 
   22 
   24 
    4 
   30 
  -54 
