20 32
25
    1    -1     1    -1    -1    -1    -1     1    -1     1     1     1    -1     1    -1    -1    -1     1     1     1 
    0     0   -24     0     0     0     0     0     0     0    64   -16     0     0     0     0     0     8   440    -8 
    7     7     6     6     5     5     5     5     4     4     4     4     3     3     3     3     2     2     1     1 
    1     1     1     1     1     1     1     1     1     1     1     1     1     1     1     1     1     1     1     1 
    3 4    -3 2     1 0    -3 2    -3 2    -3 2    -9 2     3 4    -9 2     3 4     1 0     1 0    -3 2     3 4    -3 2    -3 2    -3 2     1 0     1 0     1 0 
    8  1152   -24    32    72     8    24    40    32    64    64   -16     8     8     8   128    32     8   440    -8 
 -127 51   -31 -62   -93 47   -31 -62   -31 -62   -31 -62   -31 -62   -31 -62   -31 -62   -31 -62   -93 47   -93 47   -31 -62   -31 -62   -93 0  -127 51   -31 -62   -93 47   -93 47   -93 47 
    1 0     1 0     1 0     1 0     1 0     1 0     1 0     1 0     1 0     1 0     1 0     1 0     1 0     1 0     0 1     1 0     1 0     1 0     1 0     1 0 
 -280 280  -280 0     0 140  -280 0  -280 0  -280 0  -280 0  -280 0  -280 0  -280 0     0 140     0 140  -280 0  -280 0     0 140  -280 280  -280 0     0 140     0 140     0 140 
    3 -1     1 -2     1 -1     1 -2     1 -2     1 -2     1 -2     1 -2     1 -2     1 -2     1 -1     1 -1     1 -2     1 -2     3 0     3 -1     1 -2     1 -1     1 -1     1 -1 
    1  -178    -4     3     2     4     2     4    -1     9    32    -8     2    -2     6   -15    35    12   220    -4 

   -1     1     1    -1     1     1     1    -1     1    -1    -1    -1     1    -1     1     1    -1     1    -1    -1 
   -1    -1     1     1    -1    -1    -1    -1    -1    -1    -1    -1    -1    -1    -1    -1     1     1    -1    -1 
   -1    -1    -1    -1    -1    -1    -1    -1    -1    -1    -1    -1    -1    -1    -1    -1    -1    -1    -1    -1 

    0     0     0     0     0     0     0     0     0     0     0     0     0     0     0     0     0     0     0     0 
   -3    -3    -2    -2    -1    -1    -1    -1     0     0     0     0     1     1     1     1     2     2     3     3 
   -3    -3     2     2    -1    -1    -1    -1     0     0     0     0     1     1     1     1    -2    -2     3     3 
   -3    -1    -4     0    -5     1     1     3    -4     0     0     4    -3    -1    -1     5     0     4     1     3 
   -3    -1     4     0    -5     1     1     3    -4     0     0     4    -3    -1    -1     5     0    -4     1     3 
   -1    -3     6     2    -5    -7     1    -5     6     2     2     6    -5    -7     1    -5     2     6    -3    -1 
   -1    -3     6     2    -5    -7     1    -5     6     2     2     6    -5    -7     1    -5     2     6    -3    -1 
    4    -8    -2     2     0     4     0    -4     4    -8     8    -4     4    -4     0     0    -2     2     8    -4 
    4    -8     2    -2     0     4     0    -4     4    -8     8    -4     4    -4     0     0     2    -2     8    -4 
    1     1    -1    -1     1     1     1     1     1     1     1     1     1     1     1     1    -1    -1     1     1 
    6    10     2    -6     2   -10     2     6    10    -6    -6    10     6   -10     2     2    -6     2    10     6 
    6    10     2    -6     2   -10     2     6    10    -6    -6    10     6   -10     2     2    -6     2    10     6 
   -8    12   -12     8    -4     8    -4    -8   -12    -8     8    12     8    -8     4     4    -8    12   -12     8 
   -8    12    12    -8    -4     8    -4    -8   -12    -8     8    12     8    -8     4     4     8   -12   -12     8 
    1     1     1     1     1     1     1     1     1     1     1     1     1     1     1     1     1     1     1     1 
    4     0     2    14    -4     0     8   -12   -12    -8     8    12    12     0    -8     4   -14    -2     0    -4 
    4     0    -2   -14    -4     0     8   -12   -12    -8     8    12    12     0    -8     4    14     2     0    -4 
   -8    -4    -8   -12     8   -12    -4   -16    -4    -8     8     4    16    12     4    -8    12     8     4     8 
   -8    -4     8    12     8   -12    -4   -16    -4    -8     8     4    16    12     4    -8   -12    -8     4     8 
  -14   -10    14     2    -6    -2     6   -14   -10    10    10   -10   -14    -2     6    -6     2    14   -10   -14 
  -14   -10    14     2    -6    -2     6   -14   -10    10    10   -10   -14    -2     6    -6     2    14   -10   -14 
  -16     0     2     2    -8    -8    -8     8     0   -16    16     0    -8     8     8     8    -2    -2     0    16 
  -16     0    -2    -2    -8    -8    -8     8     0   -16    16     0    -8     8     8     8     2     2     0    16 
  -14    -6     2     2   -18     6    -6    -6    18    10    10    18    -6     6    -6   -18     2     2    -6   -14 
  -14    -6     2     2   -18     6    -6    -6    18    10    10    18    -6     6    -6   -18     2     2    -6   -14 
