2 2
25
    1    -1 
  -24     0 
    6     2 
    1     1 
    1 0    -3 4 
  -24    32 
   23 -79   -83 -30 
    1 0     1 0 
 -136 -102  -204 136 
    1 -1     1 -2 
   -4     2 

    1     1 
    1     1 
   -1     1 

    0     0 
   -2     2 
    2    -2 
    2    -6 
   -2     6 
    0     0 
    1    -1 
   -4     0 
   -4     0 
   10     6 
    6    -6 
   -6     6 
    8    -8 
    8    -8 
   14    10 
    0    -8 
    0    -8 
   -8    -4 
   -8    -4 
    2   -14 
   -2    14 
   16     8 
   16     8 
  -10    10 
  -10    10 
