12 10
200
   -1     1    -1    -1    -1     1     1     1    -1    -1    -1    -1 
    0   -60     0     0     0   -12   108    48     0     0     0     0 
   18    15    12    12    12     6    18    12    12    12     9     6 
    1     3     1     1     1     1     1     1     1     1     1     1 
   -3 2     1 0    -3 2    -3 2    -3 4     1 0     1 0     1 0    -3 2    -3 2    -3 2    -3 2 
   12   -60    60    12    48   -12   108    48    12    12    12    12 
   15 -103    15 -103    15 -103    15 -103    15 -103    15 -103    15 -103    15 -103    15 -103    15 -103    15 -103    15 -103 
    1 0     1 0     1 0     1 0     1 0     1 0     1 0     1 0     1 0     1 0     1 0     1 0 
 -162 -324  -162 -324  -162 -324  -162 -324  -162 -324  -162 -324  -162 -324  -162 -324  -162 -324  -162 -324  -162 -324  -162 -324 
    3 -1     3 -1     3 -1     3 -1     3 -1     3 -1     3 -1     3 -1     3 -1     3 -1     3 -1     3 -1 
    1    -3     5     2     1    -2     4     7    -2    -5    -1    -1 
    0     0     0     0     0     0     0     0     0     0     0     0 
    0     0     0     0     0     0     0     0     0     0     0     0 

    1     1     1     1     1     1    -1    -1    -1    -1    -1    -1 
   -1     1     1     1     1    -1     1     1    -1    -1     1     1 
   -1    -1     1     1     1     1     1     1     1     1    -1    -1 

   -1    -1    -1    -1    -1    -1     1     1     1     1     1     1 
    0     0     0     0     0     0     0     0     0     0     0     0 
    0     0     0     0     0     0     0     0     0     0     0     0 
   -6    -3     0     0     0     6    -6     0     0     0     3     6 
   -3     3    -3     0     3    -3     3    -3     0     3    -3     3 
    6     3     0     0    -6    -6     6     6     0     0    -3    -6 
    6     0     6     3     6    -3     3    -6    -3    -6     0    -6 
   -4    -7     2     2    -1     2     2    -1     2     2    -7    -4 
    2    -4     2    -4     2     8     8     2    -4     2    -4     2 
   -1     8    -7     2     2    -7    -7     2     2    -7     8    -1 
    6     6    -6     3     0    -3     3     0    -3     6    -6    -6 
    6    -3   -12     0     6     0     0    -6     0    12     3    -6 
    2    11   -10     8    -1     8     8    -1     8   -10    11     2 
    2     2     8   -10     8     8     8     8   -10     8     2     2 
   -4    -4   -10     2    -4    -4    -4    -4     2   -10    -4    -4 
    6    12     6    -6    -6     0     0     6     6    -6   -12    -6 
    3     6    -3   -12    -6    -3     3     6    12     3    -6    -3 
   -4     8    -4    -7    11    -1    -1    11    -7    -4     8    -4 
    5     2    -7   -13    -4     8     8    -4   -13    -7     2     5 
    2     8   -10     2     2    -4    -4     2     2   -10     8     2 
  -16    -4     2     8     8    -4    -4     8     8     2    -4   -16 
    0    -9    12     6     0    -6     6     0    -6   -12     9     0 
  -15     3     9    -3   -15    -9     9    15     3    -9    -3    15 
   12     0    18    12    -6    -6     6     6   -12   -18     0   -12 
  -18    -6     6     9    -3    15   -15     3    -9    -6     6    18 
  -16   -10     8   -10   -13     8     8   -13   -10     8   -10   -16 
  -10     2     8     2   -19    14    14   -19     2     8     2   -10 
  -12    12     0     6     6     0     0    -6    -6     0   -12    12 
    9    -6     3    -9    -6     9    -9     6     9    -3     6    -9 
    0     6     0   -18     6     6    -6    -6    18     0    -6     0 
   -3   -18    15    15    -9    18   -18     9   -15   -15    18     3 
  -15     0    15   -15     6   -12    12    -6    15   -15     0    15 
    0    12    -6    18   -18     0     0    18   -18     6   -12     0 
    6     6    18     6   -18    -6     6    18    -6   -18    -6    -6 
   12    -6   -12    12     3    18   -18    -3   -12    12     6   -12 
   -4    -4     8   -16     5    -4    -4     5   -16     8    -4    -4 
  -13   -22    -1    -7    -4    -4    -4    -4    -7    -1   -22   -13 
   -4     2    14   -16   -22   -10   -10   -22   -16    14     2    -4 
  -10    11   -16   -16    -4     2     2    -4   -16   -16    11   -10 
   14     5    14    20    17     8     8    17    20    14     5    14 
   -6    18     0     0   -12     0     0    12     0     0   -18     6 
   21   -12     3    15   -24     9    -9    24   -15    -3    12   -21 
   14    -4    14    23    -4    23    23    -4    23    14    -4    14 
   23    14     5     5    -4   -22   -22    -4     5     5    14    23 
  -25     2    11    -1   -22   -13   -13   -22    -1    11     2   -25 
   -7    20   -25    17   -13    -4    -4   -13    17   -25    20    -7 
   12   -15   -12     9   -12    -3     3    12    -9    12    15   -12 
   18   -27   -12   -24    15     6    -6   -15    24    12    27   -18 
   21     9    15     3    -9     6    -6     9    -3   -15    -9   -21 
  -24     6     6    12   -18   -24    24    18   -12    -6    -6    24 
   -1   -10    -7     5    26    17    17    26     5    -7   -10    -1 
   -1   -28    -7   -22   -28    17    17   -28   -22    -7   -28    -1 
   18    21    18    -6    15     6    -6   -15     6   -18   -21   -18 
   15    12     3    21    12    12   -12   -12   -21    -3   -12   -15 
  -12    -6    18   -24     6   -30    30    -6    24   -18     6    12 
  -18    30     6     3    18   -27    27   -18    -3    -6   -30    18 
    0    30     0    -6    18     6    -6   -18     6     0   -30     0 
  -18    33   -30   -30     3     6    -6    -3    30    30   -33    18 
  -13   -22    23    -4    14   -31   -31    14    -4    23   -22   -13 
  -25    29    -7    20   -16    11    11   -16    20    -7    29   -25 
   11    29   -31    23     5    -4    -4     5    23   -31    29    11 
   20     2    -4    -4    -4    -4    -4    -4    -4    -4     2    20 
   29     8   -25    -1   -16    14    14   -16    -1   -25     8    29 
  -13   -10    17    17     2    17    17     2    17    17   -10   -13 
    8    -7   -28    -7   -19   -13   -13   -19    -7   -28    -7     8 
   -7     8    17     8    14    35    35    14     8    17     8    -7 
    2   -22    32   -22   -10    -4    -4   -10   -22    32   -22     2 
    8   -22     8   -22   -10    20    20   -10   -22     8   -22     8 
  -18   -12    -6    24   -33   -18    18    33   -24     6    12    18 
   15   -27   -33   -27   -33   -12    12    33    27    33    27   -15 
   33   -15     3    30     6    21   -21    -6   -30    -3    15   -33 
   -6    24    -6    24     6   -18    18    -6   -24     6   -24     6 
   32    11   -22   -34   -13   -10   -10   -13   -34   -22    11    32 
  -10   -16   -16   -16    32    20    20    32   -16   -16   -16   -10 
  -18    15    -6     0   -27    -6     6    27     0     6   -15    18 
   21   -30   -39    21   -12     3    -3    12   -21    39    30   -21 
   38   -22   -22    14   -10    14    14   -10    14   -22   -22    38 
  -10    14   -28    14    35   -34   -34    35    14   -28    14   -10 
  -12    39    12   -36     3   -36    36    -3    36   -12   -39    12 
   18    12    30   -30     3    24   -24    -3    30   -30   -12   -18 
  -16   -34    38     2    29   -16   -16    29     2    38   -34   -16 
  -28   -19   -28    26    26    26    26    26    26   -28   -19   -28 
   21    12   -15    21   -27     3    -3    27   -21    15   -12   -21 
   18   -36   -18   -36    21     0     0   -21    36    18    36   -18 
    3    -6    -9     6   -18     9    -9    18    -6     9     6    -3 
  -30    15     0    30   -27   -36    36    27   -30     0   -15    30 
   20   -25   -10   -10    -1   -28   -28    -1   -10   -10   -25    20 
  -34     2   -10   -10    26   -28   -28    26   -10   -10     2   -34 
    9    36    -3   -21     0     0     0     0    21     3   -36    -9 
   24   -21     6     0   -27   -18    18    27     0    -6    21   -24 
  -21    36   -27   -27   -18    -9     9    18    27    27   -36    21 
   30   -18    12   -18   -12    24   -24    12    18   -12    18   -30 
   -4    32    44    -1   -10    17    17   -10    -1    44    32    -4 
   -4    23     8    -1   -19   -19   -19   -19    -1     8    23    -4 
   -3     0   -15    -3     0    39   -39     0     3    15     0     3 
  -30    39    12    24   -27    24   -24    27   -24   -12   -39    30 
  -16    14     2   -28     8   -22   -22     8   -28     2    14   -16 
   20    -1   -28   -16    29    -4    -4    29   -16   -28    -1    20 
  -19    17    -7    -7    -7     2     2    -7    -7    -7    17   -19 
  -46   -16   -10    14    23    38    38    23    14   -10   -16   -46 
  -28    32    14   -46   -28   -34   -34   -28   -46    14    32   -28 
  -21    36     3   -36     3    15   -15    -3    36    -3   -36    21 
    0   -21   -24     6    39    36   -36   -39    -6    24    21     0 
   -6   -12    -6   -18    -6    -6     6     6    18     6    12     6 
   30     9     6   -30    -9    36   -36     9    30    -6    -9   -30 
   20    -4    -4    -4    35   -40   -40    35    -4    -4    -4    20 
   17   -22    17     5   -28    -7    -7   -28     5    17   -22    17 
  -16    32    38     8   -28    32    32   -28     8    38    32   -16 
   38   -10   -28     2    38    14    14    38     2   -28   -10    38 
  -24    -6   -24   -18    12    36   -36   -12    18    24     6    24 
  -33   -42   -39   -12     0   -15    15     0    12    39    42    33 
  -15    42   -33   -18    18    21   -21   -18    18    33   -42    15 
    0    42    12   -42   -36    24   -24    36    42   -12   -42     0 
   44    44    44   -10    44   -28   -28    44   -10    44    44    44 
  -22   -22    32    -4    14   -22   -22    14    -4    32   -22   -22 
  -18    33     6    33    15   -21    21   -15   -33    -6   -33    18 
   48   -30    -6     6     0    18   -18     0    -6     6    30   -48 
   17   -28    35     8    35    17    17    35     8    35   -28    17 
  -28   -46   -28    17     8    -1    -1     8    17   -28   -46   -28 
   30     9   -18   -18   -45    36   -36    45    18    18    -9   -30 
   33   -36    33   -27   -42     3    -3    42    27   -33    36   -33 
  -22     5     8   -46    44    26    26    44   -46     8     5   -22 
  -40    -4     8   -10   -28    26    26   -28   -10     8    -4   -40 
   -6     6    24   -30     0     6    -6     0    30   -24    -6     6 
   21     0    39    36    48   -21    21   -48   -36   -39     0   -21 
  -34   -37   -10   -28   -13   -28   -28   -13   -28   -10   -37   -34 
    8     2   -10   -34   -10   -22   -22   -10   -34   -10     2     8 
  -18    24     0    36    36    42   -42   -36   -36     0   -24    18 
    9    12   -27    36    -9   -15    15     9   -36    27   -12    -9 
  -10   -37   -46    26    17   -10   -10    17    26   -46   -37   -10 
   14    -4   -40    32    50    50    50    50    32   -40    -4    14 
   23     5    -7    29    11    29    29    11    29    -7     5    23 
   -4    32   -16   -25     2    -7    -7     2   -25   -16    32    -4 
   -9   -54    15     3   -18     6    -6    18    -3   -15    54     9 
  -12   -21     0    30   -30    36   -36    30   -30     0    21    12 
  -37    -4     5     5   -34    14    14   -34     5     5    -4   -37 
    5   -10    23    35    14     2     2    14    35    23   -10     5 
   32   -16   -34   -22   -40    26    26   -40   -22   -34   -16    32 
  -22   -19    32    38   -52   -28   -28   -52    38    32   -19   -22 
    9   -24    45     6   -42    -9     9    42    -6   -45    24    -9 
   12     9   -30     6     6     0     0    -6    -6    30    -9   -12 
  -16   -25   -34   -16    20     2     2    20   -16   -34   -25   -16 
  -28     8   -28    26    44    44    44    44    26   -28     8   -28 
  -36    30     6    36   -12     6    -6    12   -36    -6   -30    36 
   21    18    27    57    -6    12   -12     6   -57   -27   -18   -21 
  -22    14   -10    -1    44   -37   -37    44    -1   -10    14   -22 
  -33   -48   -21    -9     6    18   -18    -6     9    21    48    33 
    0    -3   -12   -42    51    48   -48   -51    42    12     3     0 
  -34    23    50   -40    17    -4    -4    17   -40    50    23   -34 
   44    14   -28    14   -28     2     2   -28    14   -28    14    44 
  -27     6   -33    54    21   -15    15   -21   -54    33    -6    27 
   24     0   -54    42   -30    42   -42    30   -42    54     0   -24 
    8    44   -46    32   -16   -16   -16   -16    32   -46    44     8 
   26    44    44    -4   -16   -16   -16   -16    -4    44    44    26 
   56    26   -46   -10    -4     8     8    -4   -10   -46    26    56 
  -10   -25   -10    20    53    50    50    53    20   -10   -25   -10 
   -6    18    -6   -15    36    27   -27   -36    15     6   -18     6 
   18    39   -54    18    30    -6     6   -30   -18    54   -39   -18 
   38   -61   -22   -19    47    -7    -7    47   -19   -22   -61    38 
  -43    47   -31   -55    47    38    38    47   -55   -31    47   -43 
  -33    36     9   -21    48   -12    12   -48    21    -9   -36    33 
  -36   -24    12    42   -36    24   -24    36   -42   -12    24    36 
    0    54    30   -30    -3   -24    24     3    30   -30   -54     0 
  -27   -54   -39   -51   -24    51   -51    24    51    39    54    27 
   56    20    44   -28    26     8     8    26   -28    44    20    56 
   21    27    45    -3    -9   -21    21     9     3   -45   -27   -21 
   24    36   -54   -42   -27   -60    60    27    42    54   -36   -24 
  -18   -33   -12   -18    21   -30    30   -21    18    12    33    18 
   45    42    -3     9   -60   -18    18    60    -9     3   -42   -45 
    2   -13   -52   -46   -10    32    32   -10   -46   -52   -13     2 
  -34   -19    44   -34    -7   -22   -22    -7   -34    44   -19   -34 
  -30    -6    24    54   -24    42   -42    24   -54   -24     6    30 
  -60   -48   -36    45    36    33   -33   -36   -45    36    48    60 
  -25   -37   -61    62    38    59    59    38    62   -61   -37   -25 
    5   -46   -19   -19    29   -46   -46    29   -19   -19   -46     5 
  -33    -6   -51    45   -57   -45    45    57   -45    51     6    33 
   42   -12     0   -18   -36   -30    30    36    18     0    12   -42 
   -1   -19   -55   -28    53   -37   -37    53   -28   -55   -19    -1 
  -40   -58    32   -13   -22     5     5   -22   -13    32   -58   -40 
  -18    45    36   -30   -21   -30    30    21    30   -36   -45    18 
  -21    15    63     9   -12   -12    12    12    -9   -63   -15    21 
    0     6   -18   -18   -36   -66    66    36    18    18    -6     0 
   63   -15   -63     9    63    -6     6   -63    -9    63    15   -63 
  -52    44    20    53    -7    59    59    -7    53    20    44   -52 
   41    44    17   -55   -16    17    17   -16   -55    17    44    41 
   29    56   -25   -10    32   -13   -13    32   -10   -25    56    29 
   29   -34    11    35    50   -22   -22    50    35    11   -34    29 
  -13   -43    11   -61    26   -34   -34    26   -61    11   -43   -13 
   65   -49   -43     5    47    26    26    47     5   -43   -49    65 
   24     6   -36    21    48   -27    27   -48   -21    36    -6   -24 
  -12    60    -6    36   -36    66   -66    36   -36     6   -60    12 
   23    -7   -67   -52   -31    -1    -1   -31   -52   -67    -7    23 
  -28    20    20   -52   -40    20    20   -40   -52    20    20   -28 
   12    12   -36     3   -24    15   -15    24    -3    36   -12   -12 
   18   -18    60    18    42    30   -30   -42   -18   -60    18   -18 
  -18    -6   -12     0    12    24   -24   -12     0    12     6    18 
   63    33   -39    18     3    -9     9    -3   -18    39   -33   -63 
  -46   -58   -40    32     2    32    32     2    32   -40   -58   -46 
   14    26    14    26   -58    20    20   -58    26    14    26    14 
  -45    57    33   -27    -9    15   -15     9    27   -33   -57    45 
