1 0
200
    1 
   -4 
    1 
    1 
    1 0 
   -4 
  -31 78 
    1 0 
 -188 47 
    1 1 
   -2 

    1 
   -1 
    1 

   -1 
    3 
    0 
    3 
    2 
   -4 
   -3 
    4 
    4 
    9 
   -8 
    7 
    9 
    0 
   -6 
    4 
   -4 
    2 
   10 
    7 
    7 
   -8 
    9 
   10 
    6 
   10 
   -2 
    3 
   -6 
  -17 
   -4 
  -12 
    8 
   12 
  -19 
    4 
   16 
  -15 
   11 
  -22 
    9 
  -12 
   14 
  -20 
   -4 
   -6 
    0 
   -7 
   -4 
  -21 
   29 
   -7 
    0 
   -5 
   13 
   16 
    2 
  -18 
  -31 
  -11 
   32 
  -35 
    8 
   -8 
    0 
   -3 
  -20 
  -16 
  -36 
   17 
   29 
  -24 
   28 
    2 
   12 
   34 
  -17 
  -35 
   26 
  -16 
   34 
   13 
    2 
    3 
   -2 
  -33 
    8 
  -10 
    8 
    0 
   43 
    0 
  -22 
  -20 
   -7 
  -14 
  -20 
    2 
  -15 
  -20 
    1 
    2 
  -12 
  -46 
  -18 
   -5 
    1 
  -35 
   23 
   13 
   12 
    6 
    6 
   44 
  -10 
   18 
   42 
   31 
   25 
  -34 
  -38 
  -16 
   20 
   22 
   37 
  -22 
    5 
   12 
   13 
   -1 
   28 
  -12 
    7 
  -13 
   20 
  -38 
   -5 
  -23 
   33 
  -12 
   11 
    6 
   42 
   36 
   28 
  -21 
   -2 
   -6 
  -36 
   49 
   -2 
   23 
  -32 
   46 
    2 
  -50 
  -43 
  -34 
   22 
  -40 
   43 
   18 
   13 
  -36 
  -26 
  -38 
   33 
  -36 
    3 
    1 
  -37 
  -36 
   45 
   24 
    6 
    0 
  -33 
  -29 
  -52 
  -36 
  -16 
   56 
   23 
    1 
  -17 
    5 
  -43 
   -9 
  -39 
    8 
  -49 
   28 
  -28 
    9 
   12 
   30 
  -22 
   -1 
   -7 
   42 
