1 0
200
   -1 
    0 
   12 
    1 
   -3 2 
   12 
   87 41 
    1 0 
  342 36 
    3 -1 
    1 
    0 
    0 

   -1 
   -1 
    1 
    1 

    0 
    0 
    0 
    0 
    4 
    4 
   -4 
    1 
    7 
   -8 
   -3 
   -1 
   -8 
  -11 
   -2 
    3 
  -12 
   -2 
    8 
    1 
    3 
   -5 
   11 
    2 
   -9 
  -18 
    9 
    4 
   12 
   14 
    4 
  -12 
   -8 
    5 
   17 
  -16 
   -9 
  -20 
  -21 
   -6 
   10 
    7 
  -10 
   11 
    8 
  -22 
   10 
  -20 
  -22 
   22 
    1 
  -30 
    5 
  -21 
    0 
  -12 
  -32 
   10 
   28 
  -14 
   27 
   -2 
   -8 
    1 
   18 
   12 
  -22 
   12 
   -3 
   12 
  -25 
    8 
  -28 
   12 
   34 
   21 
   25 
   -6 
  -30 
  -22 
   18 
   -4 
  -17 
  -21 
    4 
  -15 
  -29 
    8 
   -8 
   -8 
   -3 
  -33 
  -26 
  -18 
  -10 
  -35 
    8 
   21 
    6 
   32 
   -2 
  -34 
   43 
   39 
   36 
   20 
   10 
   -8 
    1 
  -30 
  -27 
   27 
    5 
   13 
  -22 
  -26 
    4 
    8 
   40 
   22 
   22 
  -11 
    1 
    3 
   24 
    5 
   26 
   18 
  -15 
   10 
  -28 
  -31 
   -6 
  -49 
  -48 
   -2 
  -14 
  -28 
   20 
  -27 
   54 
   47 
   -2 
    8 
   42 
  -13 
   48 
  -21 
  -52 
  -34 
    6 
  -15 
    4 
   34 
   -6 
    3 
  -36 
   52 
   54 
  -16 
  -41 
   43 
  -18 
   60 
  -46 
  -45 
   -4 
  -22 
   42 
  -22 
  -50 
    1 
  -60 
  -34 
    8 
   36 
  -60 
   40 
    8 
   30 
    8 
   17 
  -14 
  -18 
   12 
   40 
  -31 
  -20 
    4 
   22 
   19 
   17 
    0 
  -12 
  -28 
  -63 
   46 
  -23 
  -12 
   30 
