1 0
200
    1 
   56 
    4 
    2 
    1 0 
   56 
  -44 -6 
    1 0 
   11 -44 
    0 1 
   56 

    1 
    1 
   -1 

   -1 
    0 
   -1 
   -1 
    0 
    6 
    2 
    4 
    0 
   -6 
    2 
   10 
    4 
  -12 
   10 
    8 
   -4 
    4 
    4 
   -6 
   -6 
   -4 
  -12 
  -14 
   14 
   -2 
    6 
  -16 
   16 
    2 
   14 
  -12 
  -12 
  -14 
  -18 
    4 
   20 
  -16 
    4 
   14 
    0 
   12 
    2 
   26 
   16 
    4 
   20 
  -12 
  -22 
   -6 
   10 
   10 
  -12 
  -12 
   18 
    6 
   -6 
  -18 
  -24 
    4 
   28 
   20 
  -14 
    2 
   -4 
   -8 
    2 
  -14 
  -12 
  -12 
   34 
   26 
  -20 
   16 
   18 
   -6 
  -10 
   -6 
   12 
    4 
    2 
    2 
  -28 
   20 
   26 
   14 
   14 
   26 
   36 
   12 
    0 
   32 
   32 
   12 
   10 
   26 
   28 
  -20 
   14 
   28 
   16 
    4 
  -12 
   10 
  -26 
   -4 
    4 
    2 
   26 
  -32 
   44 
    6 
   34 
  -38 
   18 
    6 
   42 
    4 
  -44 
  -30 
   42 
   12 
    4 
  -24 
    8 
   22 
    2 
   28 
   12 
   36 
  -20 
  -12 
  -40 
  -14 
   -2 
   10 
  -30 
   52 
  -28 
    2 
   -6 
   -4 
  -12 
   44 
  -12 
   18 
   18 
   42 
  -20 
    0 
  -46 
    2 
  -36 
  -20 
   -4 
   44 
   42 
   46 
  -42 
  -22 
  -48 
  -12 
   42 
   26 
   50 
  -20 
   12 
   18 
    2 
  -14 
   46 
   20 
   -4 
  -42 
   26 
   22 
   18 
   28 
   20 
  -12 
   12 
   -6 
   58 
  -36 
    4 
  -22 
  -62 
  -34 
   38 
  -12 
  -36 
  -28 
   -8 
  -48 
  -40 
   26 
   -6 
  -38 
  -22 
    2 
