1 10
200
   -1 
    0 
    4 
    1 
   -3 2 
   32 
  129 -32 
    1 0 
    0 -290 
    1 -2 
   -6 
    1 
    0 

    1 
   -1 
   -1 

   -1 
    0 
    0 
    2 
    2 
    2 
    2 
   -2 
   -2 
    1 
   10 
   10 
   -8 
   -8 
  -10 
    8 
    8 
    2 
    2 
    6 
    6 
   -6 
   -6 
   -6 
   -6 
    6 
    6 
   -2 
   -2 
  -18 
  -18 
  -18 
  -18 
   10 
   10 
    0 
    0 
    4 
    4 
   10 
    4 
    4 
  -14 
  -14 
  -10 
  -10 
    6 
    6 
    2 
    2 
  -10 
  -10 
    2 
    2 
   -6 
   -6 
  -10 
  -10 
    6 
    6 
   28 
   28 
   10 
   10 
   30 
   30 
  -26 
  -26 
   18 
   18 
  -14 
  -14 
  -34 
  -34 
   34 
   34 
   10 
   10 
    4 
    4 
    2 
    2 
  -12 
  -12 
   10 
   10 
  -22 
  -22 
   20 
   20 
  -34 
  -34 
    4 
    4 
   30 
   30 
   10 
   10 
  -10 
  -26 
  -26 
   36 
   36 
   -6 
   -6 
   12 
   12 
  -14 
  -14 
   30 
   30 
  -14 
  -14 
   26 
   26 
   30 
   30 
  -14 
  -14 
  -30 
  -30 
   38 
   38 
    6 
    6 
   10 
   10 
    2 
    2 
   28 
   28 
  -50 
  -50 
   22 
   22 
   -6 
   -6 
  -38 
  -38 
   42 
   42 
  -24 
  -24 
  -16 
  -16 
    1 
  -14 
  -14 
   42 
   42 
  -30 
  -30 
  -42 
  -42 
    8 
    8 
   18 
   18 
  -46 
  -46 
  -36 
  -36 
   -6 
   -6 
  -26 
   26 
   26 
  -14 
  -14 
    6 
    6 
  -28 
  -28 
   10 
   10 
   54 
   54 
  -52 
  -52 
  -18 
  -18 
  -30 
  -30 
   32 
   32 
    2 
    2 
   34 
   34 
   48 
   48 
  -14 
  -14 
   48 
   48 
   34 
   34 
  -22 
  -22 
   18 
