4 0
25
    1     1     1     1 
    0     0    32   -16 
    6     4     4     2 
    1     1     1     1 
    5 0     5 0     1 0     1 0 
    8     8    32   -16 
 -135 18  -135 18   107 -37   107 -37 
    1 0     1 0     1 0     1 0 
  -64 288   -64 288    32 -144    32 -144 
    1 -2     1 -2     1 -1     1 -1 
   -1    -3     4    -4 

    1    -1     1    -1 
   -1     1    -1     1 

    0     0     0     0 
   -2     0     0     2 
   -3    -3     3     3 
   -6    -2     2     6 
    3    -5     5    -3 
   -3     1     1    -3 
   -1     3     3    -1 
   -2    -8     8     2 
   -6    -6     6     6 
   -4     2     2    -4 
   -3   -11   -11    -3 
   -7     5     5    -7 
    5     1    -1    -5 
   -5    11   -11     5 
   10    -4    -4    10 
   -4     8    -8     4 
   -6     0     0     6 
    0    -4     4     0 
   -3    -3     3     3 
    5    -7    -7     5 
    4     2     2     4 
    1    -1     1    -1 
    8   -14    14    -8 
   12     6     6    12 
    1    -7    -7     1 
