16 0
200
   -1    -1    -1    -1     1    -1     1    -1    -1    -1     1    -1     1     1     1    -1 
    0     0     0     0  -120     0   104     0     0     0   -72     0    72    72   -56     0 
   17    17    15    15    15    15    13    13    11     9     9     9     9     9     7     7 
    1     1     1     3     1     1     1     1     1     1     1     1     1     1     1     1 
   -3 2    -3 2     3 2    -3 2     1 0    -3 2     1 0    -3 2     3 2    -3 2     1 0     3 2     1 0     1 0     1 0    -3 2 
    8     8     8    24  -120     8   104    24     8    24   -72    32    72    72   -56    24 
   69 -59    69 -59    69 -59  -255 49    33 85    69 -59    69 -59    69 -59    69 -59    69 -59    69 -59    69 -59    69 -59    69 -59    69 -59  -255 49 
    1 0     1 0     1 0     1 -1     0 -1     1 0     1 0     1 0     1 0     1 0     1 0     1 0     1 0     1 0     1 0     1 -1 
  324 -108   324 -108   324 -108  -216 -324  -288 -36   324 -108   324 -108   324 -108   324 -108   324 -108   324 -108   324 -108   324 -108   324 -108   324 -108  -216 -324 
    3 1     3 1     3 1     3 1     3 1     3 1     3 1     3 1     3 1     3 1     3 1     3 1     3 1     3 1     3 1     3 1 
   -2     2    -1    -3   -18   -20     6    -1    -1    -2     2     1     3     3     9     1 
    0     0     0     0     0     0     0     0     0     0     0     0     0     0     0     0 
    0     0     0     0     0     0     0     0     0     0     0     0     0     0     0     0 

    1    -1     1     1     1     1     1     1    -1     1     1     1     1     1     1    -1 
   -1     1     1     1     1    -1    -1    -1    -1     1     1    -1    -1     1    -1     1 
   -1    -1     1    -1     1     1     1    -1     1     1    -1    -1     1     1     1     1 
    1     1     1    -1    -1    -1     1     1     1     1     1     1     1    -1     1    -1 

    0     0     0     0     0     0     0     0     0     0     0     0     0     0     0     0 
    0     0     0     0     0     0     0     0     0     0     0     0     0     0     0     0 
    0     0     0     0     0     0     0     0     0     0     0     0     0     0     0     0 
   -5    -5    -3    -3    -3    -3    -1    -1     1     3     3     3     3     3     5     5 
   -1    -1    -1     1     1     1    -1    -1    -1    -1    -1    -1    -1     1    -1     1 
   -3    -3     0     3     3     3    -7    -1     4    -3    -3     0     3     0    -4     3 
   -2     8    -3     0     0     6     2     2     1     0     0     3     6     3    -7    -8 
    5    -1     7    -5     7     1     5    -1     5    -5     7     1     7     7    -7    -1 
    5    -5     4     1    -5     1     7    -5    -2     1    -5    -2     1     4    -2    -5 
   -7     1     2    -1    -7    -7     3    -3     2    -1    -7     2    -1     2    -6     1 
   -3    -1     0     3     9    -9    -5     7    -2    -3    -9    -6     9     0    -2     1 
    6    -8     3     0     0     6    -2    10    -9     0     0     3    -6    -3    -5     8 
   -4    -4     4    -8     4     4     8     8    -2    -8     4    -2     4     4   -10    -4 
    6     6     7    10    -2    -2    10    -2    -5    10    -2    -5    10     7     7     6 
   -6   -10    -1     2   -10     2     6    -6    -5     2   -10     5   -10    -1    -9   -10 
   -4     8     9     0     0   -12    12     0     3     0     0    -3     0    -9    -9    -8 
   -3     3    -9    -9    -3    -9    11    -7    -1     9     3     3    -9     9    -1    -3 
    3    -1    -2     7     7    -5     3    -3     8     7     7     4    13    -2     0    -1 
   14     2    -8    -2    10    -2    10    -2     6    -2    10   -14   -14    -8    -2     2 
   -6     0   -10    -4     8    14   -14   -14    -8    -4     8    -4     2   -10    -8     0 
   13     3     2    -7    11    -7    -1     5     2    -7    11    14    -1     2     2     3 
   14     8   -12     0     0   -18     6     6     6     0     0     6     6    12     6    -8 
   14    -4    -9     0   -12     6   -14   -14    -3     0    12    -3     6     9    13     4 
   -1    -5    -6     3    -3   -15     1     1    -6    -3     3    -6    15     6    10     5 
  -11    15     6    -3   -15    15     9     3   -10     3    15    -6    -9    -6     6   -15 
    2    16   -10     8     8   -10   -14    10    14     8     8     2     2   -10    -2    16 
  -14     6   -13     2    14     2     6     6   -11     2    14    -1     2   -13   -15     6 
   -4     2   -12     6   -18     0     0     0     4    -6    18   -12    12    12    12    -2 
   -6   -18   -18   -18    -6     6   -18     6    -4    18     6   -12    -6    18   -12    18 
    7    19   -15     3    21     9     9     9    -1    -3   -21    15    -9    15     3   -19 
  -10    -6    -9     6     6    18     6    -6   -11    -6    -6   -21    -6     9    -3     6 
  -13    -3     9     9     3   -15   -11     7   -15    -9    -3    -3     9    -9     1     3 
  -13    15    18    -9   -15    21    -3     3   -12     9    15     0    -3   -18    12   -15 
   15     9     0    21    15    -3    17     5   -16   -21   -15   -12     3     0     8    -9 
   -2    14   -18    -6    18    -6     6    -6   -12     6   -18    12    18    18   -12   -14 
   14   -12     7    -8   -20    10   -14    10    -5    -8   -20   -11    -2     7    19   -12 
   22    12    16    -8   -20    10   -10   -10   -12    -8   -20   -20    -2    16    20    12 
  -15    -9   -20   -11     7   -11    11    -1     8   -11     7   -20    13   -20     8    -9 
  -12    -2    16    22    -2    -8   -20    -8   -10    22    -2   -14    16    16    -2    -2 
   10   -20    11   -16    20   -10   -10     2    -3   -16    20   -25   -10    11    -7   -20 
   24    16    12   -12    24     0    -4    20    16    12   -24     0    24   -12     8   -16 
  -24     4   -21    12    12     0    24     0     7   -12   -12   -21     0    21    15    -4 
    4     2   -13   -10   -22   -16    12    12     9   -10   -22     5    -4   -13   -15     2 
    1    13    -4    11     5    17    19   -11    14    11     5   -22    -1    -4    -2    13 
   25    -3    13    -5    13   -23   -21     3    11    -5    13    25   -23    13   -21    -3 
  -20   -12     4     4     4     4    12   -12     4     4     4    16     4     4    12   -12 
  -17   -11    24    -9     3    -3    19   -17    -6     9    -3   -18    27   -24   -14    11 
   25   -27     0    27     3    -9    -3    -3   -12   -27    -3    12   -15     0    12    27 
  -14    26    18    -6     6   -18    -2    22    -6     6    -6   -18    -6   -18    10   -26 
   10   -14     3    -6   -18   -18     6     6   -19     6    18    21    -6    -3     9    14 
   14   -10     8    26   -10   -10   -14   -26    -4    26   -10    20    26     8   -20   -10 
  -18    26    -7   -22     2    14   -26    10    11   -22     2    -1     2    -7    19    26 
  -14     6    18    -6   -30   -18    10   -26     2     6    30    30     6   -18   -14    -6 
    4   -16    12    24     0   -12    12    12     0   -24     0     0   -12   -12    24    16 
  -22    14   -15   -18    18     6    -2    22    -5    18   -18    27   -30    15     7   -14 
   15    -7   -27     3    -9   -27    19    25   -13    -3     9    -3    -3    27   -29     7 
    4     6     0    30    -6     0    12     0   -22   -30     6   -18     0     0   -30    -6 
  -18     2    21    30   -18   -30    14    26    -1   -30    18     9    -6   -21    -1    -2 
  -12     4    13     4     4     4    28     4     7     4     4   -11   -20    13   -17     4 
   11    -9    -8    31   -17    19    11    29    -6    31   -17   -14    13    -8   -22    -9 
   22    12    -5   -20     4   -14   -18   -30   -17   -20     4   -23    34    -5   -33    12 
   -8     8    16   -20    16    16     4     4    26   -20    16    -2    -8    16    10     8 
   10     0    -1     8     8   -10    -2   -14    17     8     8   -19   -34    -1     1     0 
   -4   -24   -19    -4     8    20   -32     4    19    -4     8    -1     8   -19    -5   -24 
   -6   -32   -35    28    -8   -26   -10    14   -27    28    -8    19    10   -35    29   -32 
   13    17    28     7     1    13     7   -17     4     7     1     4   -35    28     4    17 
  -15    -5   -13    17   -13    29    19    25   -17    17   -13    17   -13   -13    19    -5 
  -20   -28     2   -16    20    -4     8   -28   -14   -16    20    14    32     2     2   -28 
   26     6   -30   -18    -6   -18   -26   -14    24    18     6     0    30    30   -32    -6 
   24   -16     9   -36    24     0    -4    -4    19    36   -24   -21   -24    -9    11    16 
   -2    24    12   -12   -24   -18    18   -18     0    12    24   -24    -6   -12    24   -24 
    0    -2    24    -6    -6   -12     4    -8   -30     6     6    30    12   -24    34     2 
  -38   -26    22   -14    22    34   -18    30   -10   -14    22    -2    10    22     6   -26 
   -3    19    -2   -23   -29     1    23   -37   -26   -23   -29   -14    25    -2   -34    19 
   16   -30   -15     6     6    12    16   -32   -15    -6    -6    -3    24    15    37    30 
   -2    16    -3   -12    24     6   -10     2   -15    12   -24    27   -30     3    17   -16 
  -26    14    14   -34    14   -10    -2   -26     2   -34    14    14    14    14   -14    14 
   35   -35     8    17   -19    23   -21    -9    14    17   -19    14   -25     8   -18   -35 
    3    -3    -6   -33    27   -39    23    11   -14    33   -27   -18    -9     6    26     3 
   -8    30   -30   -30   -30    36   -16    -4   -18    30    30     6   -12    30    14   -30 
  -23    -5    38   -25    11    29   -15    21     0   -25    11   -40     5    38    24    -5 
   22   -38   -28     2    26   -10    -2   -26   -20     2    26   -16   -34   -28    28   -38 
   13   -29   -24     9   -27    15     1   -11     6    -9    27     6    33    24   -26    29 
   24    12    24     0    12    24    36   -12    -4     0   -12    24    24   -24    12   -12 
    9   -33    30     3     9    27    23    35   -20    -3    -9   -12    21   -30    20    33 
    6     6    12    -6    -6   -30   -18    -6    36     6     6    12    18   -12   -36    -6 
   10    40    -1   -28     8   -10    14   -34    37   -28     8    -1     2    -1    17    40 
  -13    13     8    17   -19    -1    -5     7    28    17   -19     8   -25     8   -20    13 
   16    18    -3    -6     6   -12   -12     0    -9     6    -6    39   -36     3   -33   -18 
   12   -36    27   -36   -12    12   -12    12   -33    36    12   -27    36   -27    27    36 
   -6   -20    -6    24   -12   -30   -30   -42    34   -24    12   -30     6     6    -6    20 
   10     0    -3    24     0   -30     6   -42   -25   -24     0    33    -6     3     3     0 
  -27    37     7    -5   -11   -11   -17   -17   -15    -5   -11   -29   -35     7    25    37 
    4   -26   -23   -14    22   -32    32     8    -7   -14    22    31   -20   -23    -7   -26 
  -30    30   -33   -30    18     6    34    22   -37    30   -18     9     6    33    -5   -30 
    4   -26   -18    30    42     0   -16   -16   -18   -30   -42    30   -12    18    14    26 
  -16   -34   -11    -2    -2   -20    44    -4    21    -2    -2    13    -8   -11    17   -34 
   14    32   -20   -20    16    34     2   -34   -26   -20    16    10   -38   -20   -34    32 
  -20   -14   -10   -10    26     8   -16    -4   -16   -10    26   -28   -40   -10    32   -14 
   25   -17   -29    43     7   -35   -23   -29    25    43     7    13    43   -29    37   -17 
  -37   -19     4     7    13     7   -23    37    22     7    13   -38   -17     4   -26   -19 
  -45    17   -24     3    39   -15    39   -21    36    -3   -39    24    -9    24   -36   -17 
   -8   -28    36    12   -36   -24   -32    16    -4   -12    36    12   -24   -36     4    28 
   46    36     6   -24    12     6     6   -42   -10    24   -12   -30     6    -6     6   -36 
   -7   -39   -24    39    39   -33     5   -37    22   -39   -39    -6    15    24   -10    39 
  -38     4   -23   -32     4    22   -42    18   -39   -32     4     7    22   -23    33     4 
   20    10    -8    10    10    40     0     0    26    10    10    22   -20    -8    -6    10 
    3   -11   -37    -1   -19    47    -7    11   -41    -1   -19    -7    -7   -37    11   -11 
   -3   -21    17    41    35   -31     7    37    37    41    35   -13   -25    17     1   -21 
   -6     0    45   -12   -24    -6     2     2     3    12    24    -3    18   -45    23     0 
  -39    15   -33     3    33   -21     7    13     7    -3   -33     3    27    33    31   -15 
   -1   -27   -33   -33   -21    21   -21     9   -39    33    21    -9   -27    33   -15    27 
   12   -26   -24     6   -30     0   -20    28     6    -6    30   -18    36    24    22    26 
   10   -22   -28   -10    26    26    22    34    16   -10    26   -40    14   -28    -8   -22 
   42   -26    17   -46   -10    26   -18   -30    13   -46   -10    35   -10    17    33   -26 
    3    -3    18    -9     3     9    15   -27    38     9    -3    18    33   -18     6     3 
  -26    14    27    30    18    18   -38    34    45   -30   -18    21    30   -27    25   -14 
  -19     9    10   -23     1   -11     5   -13    34   -23     1   -26    43    10   -22     9 
   18    22   -26    10   -26    10   -10   -10     2    10   -26   -26   -14   -26    26    22 
    0    20   -39   -24    12    24   -36    24   -19    24   -12     9    12    39     9   -20 
   30    14   -45    18   -30    18   -42    18     3   -18    30     9    -6    45     3   -14 
  -13   -31     4    13   -23    31    19     1    40    13   -23   -32    25     4    16   -31 
  -24   -20    25   -32   -20    16    20   -16   -31   -32   -20    25   -44    25    29   -20 
  -34   -42   -15   -30    -6   -30    30     6    15    30     6    33     6    15   -21    42 
  -30   -40     0     0   -48    42    14    26     0     0    48   -12   -18     0   -16    40 
  -28   -28   -10   -16    44    -4   -16    32   -14   -16    44    14   -28   -10     2   -28 
  -39   -29    26    -1    35   -19     1    13    36    -1    35     8   -19    26   -44   -29 
   22    -2     6   -18    42    18    42   -30    44    18   -42    24   -18    -6    12     2 
  -36   -12     6    12   -36    12    -4    -4   -16   -12    36   -36    12    -6    32    12 
   28   -20    28    28    28    28   -44   -20   -28    28    28     4     4    28   -20   -20 
  -38   -24   -20    -8    16    -2    22    -2    36    -8    16    28    10   -20   -20   -24 
  -44    44    10    52    28    28   -20   -20   -28    52    28     4   -44    10   -20    44 
   23    11   -29   -11    43     7    13   -35     9   -11    43   -29    31   -29   -23    11 
   26     6   -18    30   -30   -42    22   -14   -10   -30    30   -30   -42    18   -26    -6 
  -54    10    30    54   -42   -42   -38    22    16   -54    42   -12     6   -30    16   -10 
   37    17   -22    23    41     5    -1    -7    -4    23    41   -28   -37   -22   -28    17 
   22   -54   -34   -10     2   -10    18    42    26   -10     2   -22   -10   -34   -54   -54 
   46    40   -35   -20    -8    34    38    38    41   -20    -8   -23    22   -35    53    40 
  -32   -50   -14   -14    22     4   -28   -40   -22   -14    22    46   -20   -14   -22   -50 
  -30     6    36   -18    -6     6    46   -26   -24    18     6    36    -6   -36    16    -6 
  -32    20    27    24   -12   -48    44   -52    -9   -24    12    51    24   -27   -13   -20 
    2    46    -2    34    -2   -38    -2   -26   -26    34    -2   -26    10    -2    46    46 
   54     2    43   -38    34    -2   -42    42   -13   -38    34    43   -38    43   -33     2 
   45    33    12    33    15   -45   -37   -43    36   -33   -15    12     3   -12   -28   -33 
  -27   -37   -12    39    21    -9    51    33   -36   -39   -21    12   -33    12   -36    37 
   -2    36    26   -40   -28   -46     6    18    46   -40   -28   -10    50    26    30    36 
  -15    -9    18   -21   -15    51    31    43    54    21    15   -18    -3   -18    22     9 
  -30   -10   -30   -42    42   -42   -42   -18    18    42   -42    42   -54    30    18    10 
   -2   -48   -50    52    40    10    10   -14     2    52    40   -14   -50   -50   -14   -48 
   -8   -20   -26   -44    28   -32    48   -24   -44   -44    28     4    16   -26   -36   -20 
   12   -32   -12   -24    48   -36   -28    20   -46    24   -48   -18    12    12   -46    32 
  -18     0    18   -12     0   -42    14   -34   -22    12     0    18     6   -18    50     0 
  -46   -20   -20   -20    52    -2    38   -34    20   -20    52    28    34   -20   -52   -20 
   45   -13    49    31    -5   -47   -11    55   -25    31    -5    -5     7    49    19   -13 
  -28   -12   -17   -32   -44    52    48    12     3   -32   -44    19   -32   -17    -9   -12 
   17     3     4     7    -5   -11   -39    27   -52     7    -5    28    43     4    36     3 
  -22    54    -6    54   -54   -18   -34   -34   -14   -54    54   -18    42     6    50   -54 
  -55   -27   -30   -21   -21    -9   -27   -45    18    21    21     6    39    30    42    27 
   14   -24    44   -40     8   -22   -10   -46    18   -40     8   -10    26    44   -22   -24 
    5     5   -34   -43   -43   -43   -35    13    14   -43   -43    14   -43   -34    -2     5 
   38   -52    48   -36   -12   -18     2   -22    32    36    12   -48   -18   -48     8    52 
  -13    51    42     3    -3   -27   -59    43   -12    -3     3   -12    45   -42    28   -51 
    8   -42     6    54   -30   -36   -36    24    -6   -54    30    18   -36    -6   -54    42 
   21    31    30     3    57    15    19   -17    22    -3   -57     6   -15   -30    -2   -31 
   52   -22    32   -46    50   -40   -24    12   -32   -46    50   -52   -40    32    24   -22 
  -55   -49    -6    45   -39    51    29    41    -4   -45    39    36    21     6    20    49 
   24    36    60    48    12     0   -20    -8   -40   -48   -12    36    12   -60    40   -36 
   18   -18    30    18    42   -18   -38    10    18   -18   -42    18    -6   -30    34    18 
   38    46     6    -6    42    18   -42     6   -30     6   -42   -18   -42    -6   -30   -46 
  -23    35    -4   -49   -13   -43    17     5   -62   -49   -13   -10     5    -4   -22    35 
    2   -30    17    50    26   -22   -22   -10   -41    50    26     5    38    17   -61   -30 
   15    55   -24    -9   -39     9    33   -57    -8     9    39   -12     9    24   -24   -55 
    4     8   -12   -48    24   -12    20    -4    20    48   -24   -36   -36    12    20    -8 
  -10    52    50   -40    -4   -46    10   -26    60   -40    -4   -28   -46    50     4    52 
  -53   -61    62   -37    35   -37     3    51   -54   -37    35   -22   -37    62   -54   -61 
  -15    39    54    45   -39    51    37     7     2   -45    39    54    27   -54   -14   -39 
   26    26   -30   -30    54   -42    30    30    14    30   -54   -42    42    30   -18   -26 
  -44   -16    28    -8    -8   -44   -36   -48    12    -8    -8    52    16    28    12   -16 
  -46   -56    40    -8    40    22    46    10    22    -8    40   -62   -26    40   -50   -56 
   32     2   -30     6    30    36   -16   -52    42    -6   -30   -30   -36    30     2    -2 
  -42    22    57    54    18   -30   -22   -22   -13   -54   -18    51     6   -57    11   -22 
  -31    33   -30   -15    -9   -33    15   -33   -54    15     9    -6    33    30    -6   -33 
   38    26   -30   -42     6   -30     6   -54     0    42    -6   -60    -6    30     0   -26 
   37   -31   -56    25    25   -35   -19    35    16    25    25    28    -5   -56     8   -31 
   56    46    10   -50   -26    52   -28    32    14   -50   -26    46    28    10   -34    46 
   18   -10     8    26   -10    50   -10    26     4    26   -10   -28    14     8    44   -10 
  -30   -10   -37   -46    62    50   -50    46   -15   -46    62   -19   -22   -37     1   -10 
   52    -4   -16   -40    20    44   -40   -64    38   -40    20    26   -52   -16   -10    -4 
   54   -16   -52    20   -16     2   -38   -38    56    20   -16    56   -34   -52    64   -16 
   12   -44   -60    36   -36   -12    12    60    28   -36    36   -36   -36    60    12    44 
    0    20   -66    36    12   -48     0   -48   -24   -36   -12   -48   -48    66    48   -20 
   10    58   -17   -62    10   -38     2   -10    63   -62    10   -47    -2   -17    23    58 
  -51    -7    61    31    25    37     7   -17    59    31    25    49    61    61    -5    -7 
  -32   -18     0   -30   -30   -12    -4    44   -22    30    30   -18    48     0   -46    18 
  -48    -2    57    66   -54    36    12    24     3   -66    54    45    60   -57    15     2 
    6    12   -66   -36   -60     6   -14    22    42    36    60   -54    66    66    58   -12 
   46   -18    24   -66    42    42   -62    46    32    66   -42    36    18   -24    -8    18 
  -54   -18   -58     2    14   -46    54    66    14     2    14    14   -34   -58    30   -18 
   -6    14   -22    50    14    50    38   -46    18    50    14   -58    14   -22     2    14 
   38   -32    24   -36   -24   -18   -22     2   -58    36    24    42    54   -24   -34    32 
