2 0
25
   -1     1 
    0     4 
    6     2 
    1     1 
   -3 2     1 0 
    4     4 
    9 98   -93 53 
    1 0     1 0 
  400 80  -200 -40 
    1 -2     1 1 
    1     2 

   -1    -1 
    1    -1 
   -1    -1 

    0     0 
   -2     2 
    0     0 
   -2     2 
   -4     4 
   -6    -6 
    3     3 
    2    -2 
   -1     1 
    1     1 
    8     8 
   -5    -5 
   -7     7 
  -10    10 
    4     4 
   -7     7 
    1    -1 
    3    -3 
  -12    12 
    1     1 
    1     1 
   15   -15 
   15   -15 
   14    14 
   13    13 
