2 0
25
    1    -1 
    0     0 
    5     1 
    1     1 
    3 2    -3 2 
   48    16 
 -141 -44  -136 84 
    1 0    -1 0 
 -336 -273   273 -168 
    3 1     2 0 
    4     4 

    1     1 
   -1    -1 
    1     1 
    1    -1 

   -2     2 
    0     0 
    1     1 
   -2     3 
   -1    -1 
   -3    -7 
   -6     3 
   -2    -5 
   -6     2 
   -7     6 
   -3    -2 
    1    -2 
   -1    -4 
  -12    -9 
   -1     1 
   13   -11 
    0     6 
  -11   -12 
   -5     5 
    0     1 
   14     2 
   -1   -12 
   -5    12 
   -3    12 
   -5    -9 
