3 14
25
   -1     1     1 
    0    72   -72 
    3     1     1 
    1     1     1 
   -9 2     1 0     1 0 
    8    72   -72 
   93 -23     0 104     0 104 
    1 0     1 0     1 0 
    0 -209  -209 0  -209 0 
    1 -2     0 1     0 1 
    3    72   -72 

   -1    -1    -1 
   -1    -1    -1 
   -1     1    -1 
   -1    -1     1 

    0     2     2 
    1     1     1 
    1     1     1 
    1     1     1 
    1     1     1 
    0    -8     4 
    0     4    -8 
    1    -1     1 
    1     1    -1 
   -1     7     7 
    0     8     8 
    0     8     8 
  -10    -2     6 
  -10     6    -2 
    2     2     2 
    3    -5     3 
    3     3    -5 
   11   -13     3 
   11     3   -13 
    8     4   -12 
    8   -12     4 
    0     0     4 
    0     4     0 
    9    13    13 
    9    13    13 
