1 2
200
   -1 
    0 
    4 
    1 
   -3 2 
   48 
  -74 -99 
    1 0 
 -297 -396 
    4 0 
   -3 

   -1 
    1 
    1 
   -1 

   -1 
    0 
    2 
   -1 
   -1 
    0 
   -2 
    8 
   -8 
   -2 
    1 
    6 
   -8 
   12 
  -12 
   -6 
    6 
   -4 
  -12 
    2 
   10 
    8 
    0 
   -2 
   -8 
   18 
   14 
  -10 
   10 
  -10 
    4 
   10 
   -6 
   10 
   20 
    0 
   -4 
   -4 
  -12 
    2 
   10 
   20 
   26 
    0 
    4 
    2 
   16 
   12 
   -8 
  -26 
    2 
  -18 
   12 
  -28 
   -6 
  -18 
    6 
   16 
   12 
  -16 
   -2 
   12 
  -28 
  -14 
  -20 
  -32 
   28 
    8 
   28 
    0 
   -6 
  -18 
  -34 
   -4 
    0 
   -2 
   14 
    2 
   36 
  -16 
  -14 
   34 
   -4 
   12 
   -2 
  -30 
  -18 
    6 
    8 
  -24 
   28 
  -24 
  -40 
  -20 
  -42 
    0 
   28 
  -26 
   14 
    2 
  -36 
   12 
   12 
  -38 
   10 
   -6 
   20 
   44 
  -22 
   18 
  -48 
  -18 
    6 
  -36 
  -26 
  -46 
  -42 
   18 
  -20 
  -22 
   -6 
   -6 
  -36 
    6 
   40 
  -14 
  -18 
   12 
  -36 
  -32 
   28 
  -10 
  -12 
   18 
    6 
  -16 
   16 
   32 
   22 
   26 
   34 
  -38 
   40 
  -34 
   32 
  -44 
  -46 
   12 
    0 
  -28 
    8 
  -22 
  -44 
   20 
  -44 
   12 
  -18 
   42 
   38 
  -30 
   38 
   38 
  -36 
   -2 
  -42 
    0 
   12 
  -24 
   18 
  -10 
   -2 
  -34 
   -4 
  -30 
  -54 
   30 
  -18 
  -48 
   52 
  -28 
   12 
  -42 
   30 
   -6 
   16 
  -58 
   -4 
   50 
   14 
  -20 
   -6 
   40 
  -12 
  -36 
    0 
  -10 
  -12 
  -32 
  -14 
   56 
