1 2
200
   -1 
    0 
    4 
    1 
    3 2 
   48 
  -30 -110 
    1 0 
 -121 -440 
    4 0 
    3 

   -1 
    1 
    1 
   -1 

   -1 
    2 
    0 
   -1 
   -1 
   -2 
    0 
   -8 
    8 
   -2 
    6 
    1 
   12 
   -8 
  -12 
    6 
   -6 
  -12 
   -4 
   10 
    2 
    0 
    8 
   -8 
   -2 
   14 
   18 
   10 
  -10 
    4 
  -10 
   -6 
   10 
   20 
   10 
   -4 
    0 
  -12 
   -4 
    2 
   20 
   10 
    0 
   26 
    2 
    4 
   12 
   16 
  -26 
   -8 
  -18 
    2 
  -28 
   12 
  -18 
   -6 
   16 
    6 
  -16 
   12 
   12 
   -2 
  -14 
  -28 
  -32 
  -20 
    8 
   28 
    0 
   28 
  -18 
   -6 
   -4 
  -34 
   -2 
    0 
    2 
   14 
  -16 
   36 
   34 
  -14 
   12 
   -4 
  -30 
   -2 
    6 
  -18 
  -24 
    8 
  -24 
   28 
  -20 
  -40 
    0 
  -42 
  -26 
   28 
   14 
  -36 
    2 
   12 
   12 
   10 
  -38 
   20 
   -6 
  -22 
   44 
  -48 
   18 
    6 
  -18 
  -26 
  -36 
  -42 
  -46 
  -20 
   18 
   -6 
  -22 
  -36 
   -6 
   40 
    6 
  -18 
  -14 
  -36 
   12 
   28 
  -32 
  -12 
  -10 
    6 
   18 
   16 
  -16 
   22 
   32 
   34 
   26 
   40 
  -38 
   32 
  -34 
  -44 
   12 
  -46 
  -28 
    0 
  -22 
    8 
   20 
  -44 
   12 
  -44 
   42 
  -18 
  -30 
   38 
   38 
   38 
   -2 
  -36 
  -42 
   12 
    0 
   18 
  -24 
   -2 
  -10 
   -4 
  -34 
  -54 
  -30 
  -18 
   30 
   52 
  -48 
   12 
  -28 
   30 
  -42 
   16 
   -6 
   -4 
  -58 
   14 
   50 
   -6 
  -20 
  -12 
   40 
    0 
  -36 
  -12 
  -10 
  -14 
  -32 
  -18 
