1 4
200
   -1 
    0 
    1 
    1 
    3 4 
    4 
   15 30 
    1 0 
  134 0 
    1 -2 
    1 

   -1 
   -1 

    2 
   -2 
   -2 
   -4 
   -4 
    3 
    3 
    7 
    7 
   -6 
    0 
    0 
   -2 
   -2 
  -10 
    9 
    9 
    1 
    1 
   -7 
   -7 
    4 
    4 
    7 
    7 
    0 
    0 
   -7 
   -7 
  -12 
  -12 
  -12 
  -12 
   12 
   12 
   22 
   22 
   19 
   19 
  -22 
  -12 
  -12 
  -23 
  -23 
  -12 
  -12 
    3 
    3 
   10 
   10 
  -19 
  -19 
   -2 
   -2 
   -1 
   -1 
  -18 
  -18 
   -3 
   -3 
  -25 
  -25 
  -16 
  -16 
   -6 
   -6 
   22 
   22 
  -30 
  -30 
    0 
    0 
  -18 
  -18 
  -20 
  -20 
    8 
    8 
   -9 
   -9 
  -18 
  -18 
    2 
    2 
   39 
   39 
   29 
   29 
  -12 
  -12 
   -9 
   -9 
   24 
   24 
    4 
    4 
  -19 
  -19 
   35 
   38 
   38 
  -24 
  -24 
    9 
    9 
  -23 
  -23 
  -24 
  -24 
   12 
   12 
   18 
   18 
   -5 
   -5 
   -1 
   -1 
   20 
   20 
   20 
   20 
   12 
   12 
   -9 
   -9 
  -14 
  -14 
  -30 
  -30 
   15 
   15 
  -20 
  -20 
   47 
   47 
  -18 
  -18 
   52 
   52 
   -6 
   -6 
   38 
   38 
  -15 
  -15 
  -33 
   -6 
   -6 
   -8 
   -8 
  -57 
  -57 
  -44 
  -44 
  -43 
  -43 
   50 
   50 
   30 
   30 
    9 
    9 
   -7 
   -7 
   38 
  -15 
  -15 
  -13 
  -13 
  -29 
  -29 
  -61 
  -61 
   34 
   34 
  -26 
  -26 
   52 
   52 
   12 
   12 
  -14 
  -14 
  -26 
  -26 
  -54 
  -54 
    6 
    6 
   27 
   27 
  -30 
  -30 
  -40 
  -40 
  -54 
  -54 
    5 
    5 
   44 
