8 0
200
   -1    -1    -1     1    -1     1     1     1 
    0     0     0     8     0     4     4   -84 
    6     6     6     4     4     2     2     2 
    1     1     1     1     1     1     1     1 
    3 4     3 2     3 4     1 0     3 2     1 0     1 0     1 0 
   28     8     4     8     4     4     4   -84 
  -39 98   -39 98   -39 98  -117 29   -39 98  -117 29  -117 29  -117 29 
    1 0     1 0     1 0     1 0     1 0     1 0     1 0     1 0 
  352 176   352 176   352 176  -176 -88   352 176  -176 -88  -176 -88  -176 -88 
    1 -2     1 -2     1 -2     1 1     1 -2     1 1     1 1     1 1 
  -19     1     1     4     3     2     2   -42 

   -1     1     1     1     1     1     1    -1 
    1    -1    -1     1    -1     1     1    -1 
    1     1    -1     1    -1     1    -1    -1 
   -1    -1     1    -1     1    -1     1     1 

    0     0     0     0     0     0     0     0 
   -2    -2    -2     0     0     2     2     2 
   -1     1     1    -1     1    -1    -1     1 
   -1    -1     1    -1     1    -1     1     1 
    1     1    -1     1    -1     1    -1    -1 
   -2    -2     6     6     6     6    -2    -2 
    2    -2     2    -4    -4     2    -2     2 
   -6     6     2     0     0    -2    -6     6 
    0    -4     0     2    -2     0     4     0 
    2    -6     2    -6    -6     2    -6     2 
   12    -8     0     8     8     0    -8    12 
   -2    -2     6    10    10     6    -2    -2 
  -12    -4   -12     4    -4    12     4    12 
   -4     0     4     6    -6    -4     0     4 
    6     6    -2     2     2    -2     6     6 
   -6    10    -6     0     0     6   -10     6 
   12    -4     4     0     0    -4     4   -12 
   -8    -8     0     4    -4     0     8     8 
   12   -12    -4    -8     8     4    12   -12 
   -4    -8     0    -8    -8     0    -8    -4 
    6    10   -10     4     4   -10    10     6 
    2   -10    -6     4    -4     6    10    -2 
    6    10    -2     0     0     2   -10    -6 
    2    18    -6     6     6    -6    18     2 
    8    -4    -4    10    10    -4    -4     8 
    8    12    12    -2    -2    12    12     8 
   -4     8    -8   -14   -14    -8     8    -4 
   -8    12    -8     2    -2     8   -12     8 
    0     4   -16   -14    14    16    -4     0 
  -14     2    10    -6    -6    10     2   -14 
    0   -12   -12   -18   -18   -12   -12     0 
  -12     8    12    -6     6   -12    -8    12 
   -8    12     0    14   -14     0   -12     8 
  -18    14   -18     2     2   -18    14   -18 
  -12     0    16   -18   -18    16     0   -12 
   -4   -12   -20     4    -4    20    12     4 
   20     0    -4    10   -10     4     0   -20 
    6    -2    22    -4     4   -22     2    -6 
  -16    -8    -8   -12    12     8     8    16 
  -20     8     8    10    10     8     8   -20 
   -6    10    10    24   -24   -10   -10     6 
   20     4   -12    12   -12    12    -4   -20 
   24    12   -12    12    12   -12    12    24 
   -2   -14    -2    -4    -4    -2   -14    -2 
    0    28     0   -10    10     0   -28     0 
  -14    22   -22    20   -20    22   -22    14 
    4    -4   -20    -8     8    20     4    -4 
  -12    -4   -12    -4     4    12     4    12 
   -2    30   -10   -18   -18   -10    30    -2 
   -8    -4   -28   -12   -12   -28    -4    -8 
   14   -14   -18    12    12   -18   -14    14 
  -12   -16    -8     8     8    -8   -16   -12 
    0    -8    -8    28   -28     8     8     0 
    0   -24    -8    -4     4     8    24     0 
    6    14     6    30    30     6    14     6 
    0   -12   -12    -2    -2   -12   -12     0 
   14    10    30   -32   -32    30    10    14 
   30     6     6     6     6     6     6    30 
  -20     0    12    22   -22   -12     0    20 
  -14    14   -22     0     0    22   -14    14 
    4     4   -20   -12    12    20    -4    -4 
  -28     8    12    34   -34   -12    -8    28 
   -6    10   -14    14    14   -14    10    -6 
  -14    26    -6    22    22    -6    26   -14 
   20    -4   -20   -12    12    20     4   -20 
   -6    10    10    -8     8   -10   -10     6 
   14    18    30   -36   -36    30    18    14 
   20   -32    -8    24    24    -8   -32    20 
    6    -6   -18     8    -8    18     6    -6 
   22   -30   -18   -12    12    18    30   -22 
   18    18   -14    -2    -2   -14    18    18 
   14    22    22    18    18    22    22    14 
   32   -16   -24     4    -4    24    16   -32 
   -6   -22    10     0     0   -10    22     6 
    2    18     2    -6    -6     2    18     2 
    6   -18   -18     6     6   -18   -18     6 
   14   -10   -10    10    10   -10   -10    14 
   -2   -34    38    22    22    38   -34    -2 
   40    24     0   -28    28     0   -24   -40 
   20   -36    28   -12    12   -28    36   -20 
   -2    -2    30    14    14    30    -2    -2 
   30    14   -34    34    34   -34    14    30 
    0   -24   -24   -36    36    24    24     0 
  -16     8   -24    -4     4    24    -8    16 
  -30    10    -6   -10   -10    -6    10   -30 
   12   -24   -24    -6    -6   -24   -24    12 
   10    34    10   -10   -10    10    34    10 
   -2   -10    38   -22   -22    38   -10    -2 
   28   -28     4     4    -4    -4    28   -28 
    0   -32     8    36   -36    -8    32     0 
  -40   -36     8    30   -30    -8    36    40 
    0   -28     0    14   -14     0    28     0 
   22   -18   -10    -4     4    10    18   -22 
  -28   -12    -4    28   -28     4    12    28 
   18    10   -30   -18   -18   -30    10    18 
  -30    18   -14     2     2   -14    18   -30 
   12    40   -12    38   -38    12   -40   -12 
   -4    36    -4   -20    20     4   -36     4 
  -28   -32   -16    -2    -2   -16   -32   -28 
   22   -22   -18   -16    16    18    22   -22 
   32    12   -16   -10    10    16   -12   -32 
   36   -44    36     8    -8   -36    44   -36 
   -4     4     4     0     0    -4    -4     4 
   30    -6    46   -24   -24    46    -6    30 
   -6    -6   -22    10    10   -22    -6    -6 
  -44    12   -12   -28    28    12   -12    44 
  -32   -36    -8   -34    34     8    36    32 
  -22    42    26    -2    -2    26    42   -22 
   14    -2    38   -10   -10    38    -2    14 
   -6   -30    10    12   -12   -10    30     6 
   12    -4   -36   -36    36    36     4   -12 
    6   -42    14    22    22    14   -42     6 
   18    22   -46    16    16   -46    22    18 
   40    28     4    20    20     4    28    40 
   26   -42    10   -20   -20    10   -42    26 
  -16   -28     4   -42   -42     4   -28   -16 
   -6   -30    18    18    18    18   -30    -6 
  -32    24    24   -44    44   -24   -24    32 
  -20     4   -20    40   -40    20    -4    20 
  -22    26    -6   -26   -26    -6    26   -22 
   -2   -34   -10    -6    -6   -10   -34    -2 
  -20   -36    20    20   -20   -20    36    20 
   12    36   -20    32   -32    20   -36   -12 
   -4     8    12     6    -6   -12    -8     4 
   20     0   -12   -46    46    12     0   -20 
   18    34     2     6     6     2    34    18 
  -34   -34   -26     6     6   -26   -34   -34 
  -48   -48    40    12   -12   -40    48    48 
   -8    -8   -16    20   -20    16     8     8 
   20    12    12     4    -4   -12   -12   -20 
   20    28    20     0     0   -20   -28   -20 
  -30   -18   -38   -40    40    38    18    30 
   28   -40   -20    46   -46    20    40   -28 
   -6    22   -22    12    12   -22    22    -6 
    2   -30   -30   -42   -42   -30   -30     2 
  -14   -18   -30    -4    -4   -30   -18   -14 
   32     4    -4   -28   -28    -4     4    32 
   12    32    20   -22    22   -20   -32   -12 
   12    12    -4    -8     8     4   -12   -12 
  -24    44   -12    -4    -4   -12    44   -24 
   -6   -46    26   -14   -14    26   -46    -6 
   -4    52    52   -32    32   -52   -52     4 
    4   -24    28   -10    10   -28    24    -4 
  -32   -44   -56    54   -54    56    44    32 
   24    36   -16    22   -22    16   -36   -24 
  -50    30   -34   -30   -30   -34    30   -50 
   40   -52    20    28    28    20   -52    40 
   10    50   -54   -22   -22   -54    50    10 
  -20   -20    52    -4     4   -52    20    20 
  -50   -26    -2    -4     4     2    26    50 
   30    14    30    46    46    30    14    30 
   18    18   -14   -26   -26   -14    18    18 
   20    -4     4    40   -40    -4     4   -20 
  -40   -16   -32   -44    44    32    16    40 
  -20   -20    28    52   -52   -28    20    20 
   32   -16    40    28   -28   -40    16   -32 
   30   -18   -50   -46   -46   -50   -18    30 
   24   -36    28    18    18    28   -36    24 
   38    14    30   -14   -14    30    14    38 
   14   -34    38   -30   -30    38   -34    14 
   18   -30   -14    16   -16    14    30   -18 
   -4    20     4    12   -12    -4   -20     4 
   -6    -6    -6    54    54    -6    -6    -6 
   12     8    48   -24   -24    48     8    12 
  -18   -10   -34    -2    -2   -34   -10   -18 
  -36    -4   -44   -60    60    44     4    36 
   12   -12    52    44   -44   -52    12   -12 
   30   -18   -18    30    30   -18   -18    30 
   10    34    10    38    38    10    34    10 
   10   -46    -6   -10   -10    -6   -46    10 
   34    -6    34    50    50    34    -6    34 
   16    44    24    30   -30   -24   -44   -16 
  -40   -44     0    34   -34     0    44    40 
  -34    14    38   -54   -54    38    14   -34 
   22    14    14    22    22    14    14    22 
  -56   -36    44    -6    -6    44   -36   -56 
   46     6    14   -38   -38    14     6    46 
  -20   -44   -60   -32    32    60    44    20 
   12     8   -28     2    -2    28    -8   -12 
   18    30   -38     0     0    38   -30   -18 
  -18   -30    54     0     0   -54    30    18 
  -36    24    48   -24   -24    48    24   -36 
  -22    -6    42   -50   -50    42    -6   -22 
   44    44   -28   -28    28    28   -44   -44 
   -4     4    28     8    -8   -28    -4     4 
   46   -22    30     8     8    30   -22    46 
   -8    44    36   -20   -20    36    44    -8 
   24   -20    28     2     2    28   -20    24 
   -4   -40    -8    18    18    -8   -40    -4 
   68   -64   -20     2    -2    20    64   -68 
   -4   -64   -12    42   -42    12    64     4 
  -44   -36   -20    60   -60    20    36    44 
    6    30   -42   -60    60    42   -30    -6 
   32   -36    32   -54    54   -32    36   -32 
  -60   -32    20   -10    10   -20    32    60 
   18    58    50     2     2    50    58    18 
  -38   -22    -6   -54   -54    -6   -22   -38 
    4    48    40    -8    -8    40    48     4 
  -22    14    42    40    40    42    14   -22 
  -18    -2    22   -58   -58    22    -2   -18 
