14 2
200
   -1     1     1    -1    -1    -1    -1     1     1    -1    -1    -1     1     1 
    0    16    24     0     0     0     0    96   -40     0     0     0   -96  -128 
   12     8     6    14    14    12    10     8    10     8    16    14    12     8 
    1     1     1     1     1     1     1     1     1     1     1     1     1     1 
    3 2     1 0     1 0     3 2     3 2    -3 4     3 2     1 0     1 0     3 2     3 2     3 2     1 0     1 0 
   16    16    24     4     8    32     8    96   -40    16    16    24   -96  -128 
   45 -73    45 -73    45 -73    45 -73   -51 -71    45 -73    45 -73    45 -73    45 -73    45 -73    45 -73    45 -73    45 -73    45 -73 
    1 0     1 0     1 0     1 0     1 0     1 0     1 0     1 0     1 0     1 0     1 0     1 0     1 0     1 0 
  -12 -264   -12 -264   -12 -264   -12 -264   -12 -264   -12 -264   -12 -264   -12 -264   -12 -264   -12 -264   -12 -264   -12 -264   -12 -264   -12 -264 
    3 -1     3 -1     3 -1     3 -1     3 1     3 -1     3 -1     3 -1     3 -1     3 -1     3 -1     3 -1     3 -1     3 -1 
   -1     2    -1    -1     2     1     3    12    -9    -2    -2    -3    -6   -26 
    0     0     0     0     0     0     0     0     0     0     0     0     0     0 
    0     0     0     0     0     0     0     0     0     0     0     0     0     0 

   -1     1     1     1     1     1    -1     1     1    -1    -1    -1    -1    -1 
    1     1     1     1     1     1     1     1    -1    -1    -1    -1    -1    -1 
    1     1     1    -1    -1    -1    -1    -1     1     1    -1    -1    -1    -1 
   -1     1     1     1    -1    -1    -1    -1     1    -1    -1    -1    -1    -1 
    1    -1    -1    -1     1     1    -1    -1     1    -1     1     1    -1    -1 

    0     0     0     0     0     0     0     0     0     0     0     0     0     0 
   -1    -1    -1    -1    -1    -1    -1    -1     1     1     1     1     1     1 
   -1    -1    -1     1     1     1     1     1    -1    -1     1     1     1     1 
    0     4     6    -2    -2     0     2     4     2     4    -4    -2     0     4 
    4     4     2    -2     4    -4    -2     0    -2    -4    -4     2     4    -4 
    1    -1    -1    -1     1     1     1     1    -1     1     1     1     1     1 
   -2    -6    -2    -2    -4     6     2     6    -6     2     2     6    -2    -6 
    4     4    -8     4     8     4    -4     0     0    -4    -4    -4     4     4 
   -1     1     1     1    -1    -1     1     1    -1     1    -1    -1     1     1 
   -2     6    -6     2     4    -2     6     6    -2    -6     2    -6     6     2 
   -6    10   -10    -2   -10    10    -2    10    -2    -6     2   -10    -6    10 
    2     6    10    -6     6     2    -2     2    10    -6    10    -2     2    -6 
    8    -4    -2    -2    -6     8     6    -4     2   -12     4    -6    -8     4 
   -8     8     4     8   -10     0    -4   -12     8    -4     4    -8     8   -12 
   10     6    -8    -8   -10    -6     8   -10     4     2    -6     4    -6     2 
    0    -4    -4     8   -14    -8     0    -4     0    12    -4     4     0     4 
    8   -12     0    12    -6    -8     0     4     4    12   -12    -4     0     4 
   12     4     0   -12     4    -4    -4     8     8    12     4    -4    -4     4 
   -4    12     8     0     4     4   -12   -12     0     4     4    12    12     4 
   -6    -2     4   -12     2    -6    -8     2    -4     2    -6   -16     2    -6 
   14     6     2     2    -4    -2     6    -2   -10    10    -6    -6     6     2 
  -12     0    12     4     8    -4     0    -4     4    -4     4     8    12     4 
   -8   -12    -6   -14     2     0    -6     4    14    -4    12     6     0    -4 
   -2    10    -6     2    -8   -10   -18    14   -18    -6    10    -6    14     2 
   -2     6   -18    10     8     6    10    -6    -6   -14    10    14     6    18 
   -6    -6    -2   -10     2   -14    -6    -6   -10     2    10     2    18     2 
    2    18    10     2   -10    -6   -10     2     2     2   -14   -10    10     2 
    4     0    20     4     0    -4   -12     4   -12    12   -12    -4   -12    12 
    0    -4     8    -4     6   -16     0    12     4    12   -12   -12     8     4 
   -6    14     4    12    18    18   -12    -2     0     2   -14     8     2    18 
  -14    -2    10    -6     6     2    -2   -14    -6   -14    -6    -2     2   -14 
  -20   -20    12   -12    -4   -12   -12    -4     4    -4    12    12   -12   -12 
  -12     8    12    20    12    -4    -4    12   -12    20   -20    12   -12   -12 
   -6     2     6    -2   -18    -6    -2     2     6   -22    18   -18    -6    10 
  -14     2   -14    -6    -6    -6    22    10    18    -6   -14    14    10    -6 
   20     0    -2   -14    -4   -12    22     8     2   -20    -4    10    12    -4 
  -20     4    20    20     0     4   -12    12    -4     4   -20    -4   -12    -4 
    4    -4    -4     4   -16   -20   -20    12     4    12    20   -12    -4     4 
    4    16   -22   -10    12   -20   -10   -16     6     4    12   -14   -12     4 
  -22   -14    18   -14    14   -14    -2    -6    -6    10    26   -18     2    10 
    4    12    -8    24    12   -20   -12   -12    -8   -12   -12     4   -12     4 
    4   -12     4    12    -4   -12     4    -4    20     4   -12    20   -20     4 
  -26    14   -22   -14   -12    22    14   -10     6   -14    -6    -6   -18   -22 
  -14     2   -14    26   -10    18     2    18    10     2     2   -22   -14     2 
   -8     0    -4    -8    14    -8     8     4     0   -12    -4   -20     0    -4 
    4   -24    22    10    -4     4    14    -8     2    20     4    26    12   -12 
   12    24     0     8   -28     4    12    12     0    12   -20    -4    20   -12 
   -4    12   -26    18   -28    12   -18    -8     2   -12   -12    18     4   -12 
   -6     6   -10   -10   -18   -14     6    26   -18    26    10   -18   -14    -6 
   -6    26    12     4   -22    26     8    10    12    18   -30    16    18    -6 
  -22   -10   -12    28   -22   -14   -20    10    -4    26   -30   -20    10   -14 
   26   -18    -4   -28   -22    18    -8    22    -8     2     2     4   -30    18 
  -12   -20     6    10    28   -28   -26    24     2   -20    -4    -6    12    12 
   12    28     8    -4    12    20   -24     0    24    20    20     0   -12    12 
  -14    18   -24     0    -6   -30    20     2     8    -6    26    12    10   -14 
   -6    18   -22    -6     6   -22    -6   -14    18   -14   -14   -30    10    18 
   26     6   -20     4     6    18    12   -18    16    10    26   -24   -14    10 
   18   -26    22     6     2    10    14    -6    22    -6    10    -2    10    -6 
    4    -4    -4    28    20    -4    12    -4     4     4    -4     4    -4    28 
   12    16    26    14    -4    -4   -22   -16    14    12    12    14   -28    28 
   24    -4   -14   -30    26    32   -26   -12     6    12    -4     2    16   -20 
  -12   -20   -20   -20   -16    -4     4    12    12    12    20   -28    28     4 
   -6   -18   -16   -24   -10     2    24    -6   -32    18    10   -32    -6   -22 
    6   -10     6    30   -24     6    -6    -2   -14   -22    18   -10    14   -14 
    8    -4   -18   -10    14   -32    10     4    26     4     4   -18   -32    20 
   36    12    -4   -36    20    28   -12   -12    -4     4    28    20    12   -20 
  -22     6     8    -8    -2    26     4    18    -8    -6    34    20   -30    18 
  -22   -10    12    28    -2   -22   -20    14     0   -30   -22    16   -22     2 
  -12   -12    -4    24   -24    12    20    24   -28   -28   -12    36    -4    28 
  -12    -8    20    -4   -12    12    16   -12   -20     4     4   -24    12   -20 
   18    14     6   -18   -26    -6   -26    34    14    18    18    -2    -6    18 
  -18    18    30    14     4     6     2    14   -30   -14   -14    14    -2    26 
   20   -24    22    18    -4    -4    -6    16     2   -36    20   -26    20   -20 
   16   -16     4    16   -22     8    12   -20   -16   -20   -28     0   -16    20 
  -30     6    14   -34   -18    18   -30    34   -18   -14   -14    18    18    18 
   10    38    24   -24     6   -38    20    14    36   -30   -30    24    -6     2 
   22   -34    26    22     0   -26   -38    34    -2     2   -22     6   -10    34 
  -38    10   -10    -2   -34    18   -14    18    38   -22   -30   -14   -14   -22 
  -36    32    12   -36    28   -12    24    20   -12    12   -36   -16     4    20 
  -20    20   -40   -36    24   -12     0    24   -24    -4   -36    24    36    36 
   -2    -2    -2     2     8    -2   -34    10    34    26     2    -6    14    26 
    2    -6    18     2   -34   -38    30     2    10     2    26   -10    -6    34 
   -4   -36   -30   -34   -12     4   -26    24    38    28    -4    34    28    -4 
  -12    -4     4    24     0    28   -12    32    -4     4    20   -12    12   -36 
  -30     2     0   -16   -26    -6     0    -6    -8    10     2   -24     2    18 
   22   -18   -30    14    24    -2    14    -6   -18   -38    18     2    30   -22 
   18    18   -10   -26     2   -22   -38    34    14   -22    18     2    10    10 
  -22   -14   -22   -14   -26   -30   -10    26    18    26   -30   -18     2    26 
   12   -12    24   -20    16   -12    -8    -8   -24   -20   -36     0     4   -12 
   -4    12   -26    -6   -12    28   -42   -32    18     4   -12   -38   -12    36 
   12    28    12   -12    28    12    12    12   -20    12   -20    12    36    28 
    4   -40    20   -28     0   -20    20    12   -28   -20   -12    12     4   -20 
  -24   -32    -4    24   -10     8    40   -28    16   -28   -36   -20    32    -4 
    4     4     4    16     8   -12    -8   -32     4   -20   -12    16   -28    36 
  -10    -6   -42   -18    28   -18    10   -26   -14   -22    -6    30   -42   -14 
   -6    26   -18     6   -18   -14    34    10     6    -6   -30   -30   -14   -22 
  -28     4    20    28    20    36   -36   -28    28   -20   -44     4    28   -20 
   20    16    14   -22    -4    28    26    16   -38   -20    20   -26   -44    28 
   -2    -2    26   -34     8    30    34   -14    30   -38    -6   -34    14    10 
  -28   -12    28   -28   -40    28    36   -12    28   -20   -12   -12    12    36 
  -28   -20   -20   -44    -8   -44    28     4    28     4   -36    28    -4   -12 
   16    36    34   -46   -18    -8   -30   -44    30    -4   -36   -10    24    12 
  -32   -12    -2    22   -38     0    -6   -12    34    -4     4    14     0    -4 
   -6    26   -24   -24   -26   -46   -40    18     0     2    10     0    -6    10 
   -6    18    18   -38     6     2   -18    10    10    -6    18   -18   -46   -38 
   40    12    34   -46    30    32   -26    20    30    20   -12    10     0   -28 
   12   -36   -28    36    40    -4    -4   -44   -12    -4    44    -4   -12    12 
    2   -38    38    38   -30     2    22   -38   -18     2   -14    30     2     2 
   18    18    10    34   -26    18   -46   -46     2   -30    34    -6    18     2 
  -12    12   -12   -28    -4   -20    24   -12   -28   -36    12     8   -12   -20 
  -20   -24     4   -44    36   -12   -12   -12   -36    -4   -28   -28   -36    -4 
  -30    -2    -2    -2   -18    34   -14    18    14    18   -22   -14    34    18 
   -6   -46    20    44     6    42   -24    10    12    -6    42   -24    18    18 
   10    10    26   -38    34    10    42     2   -30   -22    10     2   -38   -38 
  -26   -42    30    22     8   -26    26    -2    -6    26   -22    22    30   -30 
   30    38    42   -26     8    22     6    18    22   -46   -38    -6     6   -30 
   -6    34    -6   -30     6    -6    18    10    34    42    26   -22    26   -22 
   48   -28    46   -18   -30     8    26   -44    34   -44    36    38    -8    36 
   28     4    28    28    32    -4    36    -4    -4    -4    -4     4     4    -4 
  -50    46   -30    14   -12   -42    30     2   -26    26     2    10    38    -6 
   18   -30    48     0   -34    26   -24    42     8    10     2     0     2   -14 
  -12    16   -26    -6   -28    28   -30    40   -22   -44   -36   -26    20     4 
    4    -4     4   -12   -32    -4   -44   -12   -36    -4   -44   -20    28     4 
  -36   -36   -36    36   -12   -12    36   -20   -28    12    36   -20   -44   -12 
   36   -28    28   -20    40    12    36    44    28    -4   -20   -28   -36    20 
  -46    18    -2   -18     2    34   -34    50    14   -30   -46    -2   -30   -30 
   22     6    50   -34     4     6    34     2    14   -22     2   -26   -26   -38 
   12   -12   -34    10   -12    -4   -18    24   -14    12    12    26   -44    12 
   -4    24    16   -24   -40     4    -4    20   -16   -28    52    12   -44    44 
    8    36     6    -2    -2    -8    38     4    34    28    -4   -46    24    28 
  -20     4    20    20   -28    28   -12   -28   -52    36    12    12    20    20 
   12   -24   -34    18   -20    -4   -34   -32   -30    36   -44   -14    36   -44 
  -28    -4   -16    16    44    28   -12   -28    16    20    36   -44    20   -44 
   42   -38   -22    42    -6   -38    42    50   -14   -22   -30   -30    42    -6 
  -14    10    14    38   -14    42    42   -38   -18    -6   -30    34    10    42 
  -14   -10    40   -32    46   -22   -40   -14    40   -38   -14    16     2   -46 
   -6   -26   -12    12   -22   -14   -28   -38    44    42   -30     4   -22     2 
   -4    12   -28   -12    20   -36   -20   -28    -4   -12    28   -12    36    20 
    8    28     2   -22    -2    24   -14   -20   -18   -36   -52    14   -40    -4 
  -26    26    14   -42    44   -18   -22   -10   -38   -22    26    46    54    18 
   10   -10    42    42   -10    26     6    42    26    10   -54    54    -6   -54 
   20    16    -2   -22   -44   -36     2    16   -38   -36    52    -2    36   -36 
  -56   -48    36     8    22   -32   -20   -12     8    44   -28     8    24    52 
   20    28   -36    12   -12    -4   -32     4   -36   -52   -36     0    36    -4 
   12   -36   -12    20   -48     4    -4    36    52   -12    20    12   -12   -36 
  -22   -10   -40   -16    -2   -30   -20   -50     4    58   -38     8     2    26 
    2    42   -32   -32   -38    42    -8    -6     0   -30   -38   -24     2    26 
   22    -2   -42    10    28   -18    42   -22    58    18    10   -42   -34    18 
  -40    -4   -10    14   -14     8   -26     4    26     4    36    42   -40    52 
   40   -32    52     8    14    48    28   -52   -24   -20     4   -24    -8     4 
    2    -2   -30    18    58   -30   -18    18   -30    18    -6    14   -30    18 
   30    42     6    46    20   -10   -30    38    -6   -46   -30   -18   -34    42 
   20    44   -12    -4    32    20    36    28    52     4    44   -12   -20    36 
   12    28    20    48    44   -20   -16    16    36   -52    44    40    -4   -12 
   28    12    28    44     8    -4    28   -52    28    44   -12   -20   -12    28 
   -4   -28    20   -28    24    36   -28   -12   -12   -28   -20     4   -12    12 
   -6   -42     0    32   -42   -54    -4   -18    12    50   -14    32    10   -46 
  -38   -54    46    -2     2   -14    42   -14    30     2    10    50   -14   -46 
    6   -26    26    38   -56   -26    26   -30    -2   -30   -46   -42   -58     2 
   22   -10    38   -38     0    22    14    18   -38   -30   -14   -22    22    34 
  -52   -36    12    -4    52   -28    28     4   -12   -52    -4   -12    36     4 
    4   -48    12     4    60    12    12    52    52   -12    28    -4   -12     4 
  -30   -42    30     6    54    34    -6   -22   -26   -22    -6   -46     2    42 
   -6    30    -8   -24    50    26    44    -2   -36   -22    -6    40   -54    26 
  -58    46   -38   -22   -36   -26   -10    14   -10    18    34    34    -2   -38 
   52    48    12    44    12   -52    56    -4    36   -12    36     0    44   -36 
   -4    48    28   -36    40    36   -32   -20   -28   -12   -20     8    36    28 
    2   -42    18   -14    18    18     6    18    34   -46    18    22    18   -14 
  -30    50    34    50     2   -46    18    42   -38     2    10    58   -30    18 
   50   -14    14   -34   -18   -30    30   -14   -50    50   -46   -34    34   -14 
   46   -10    30    34    56   -34    30   -22    34    -6   -46   -38    14    26 
  -20    -4    60   -28   -32    36   -20    12    12    20    60   -52   -12   -20 
  -60   -44   -12    12   -36    28    36    44     4   -12   -44   -28    12    12 
  -34   -26    -2    10   -20    46   -26     2    42   -14   -14    -6    46   -46 
   -2   -26    58    22   -36    14   -46    10   -10     2   -30   -26    -2   -14 
   14    54   -38    54    40   -26    54   -14   -42   -30   -54    -6    54   -46 
  -54    -6   -30   -14    -6    -6     2    18    10    42    -6   -22    42    -6 
    4    12   -44   -28   -44    28    36   -44    36    20    12    20    12    28 
  -28    28   -40     0   -28   -36   -20    20    48    44    12    20     4    28 
   32    12    30    54    -6   -32    42   -12    34    -4     4    46    48    44 
  -36   -52   -52   -40    48    52   -60    32     4   -36    12   -44   -28   -28 
   42   -14    22   -34    22    42   -50    -6   -18    -6   -22    22    -6   -54 
   10   -26   -10     6   -38    42    42   -54   -10   -54    50   -22    42    10 
   44    -4    -8   -56   -52   -28   -64    44   -16    -4     4     8     4     4 
   48    -8   -48    44   -14     0    28    36    -4    36    44   -56    40   -36 
   26    -2    12   -44    46     2   -24    38   -16   -38    58    60   -62    -6 
   -6    22   -52     4    14    18    20    -6    28   -14   -22   -20   -38   -38 
  -14    34    46   -50   -34    50   -34   -14    46     2     2    62   -14    66 
   46    38   -14    14   -32   -34     2    10     6   -38    42    14   -34   -38 
  -36    -4     4   -36    12    12   -36    44   -12   -36   -36    12    20   -36 
   -8   -12    52    24   -66   -16     8   -28    32    -4    28     4    24     4 
  -60   -36    -4   -24    64    20   -32   -64    44   -52   -28   -40   -60    68 
  -20    20    12    60   -36    20    56   -28    44    52   -60    56    -4   -44 
   36    48   -52    -4   -36    -4   -28    36    20     4    44   -12   -28    52 
   52    12   -60    -4     8    60    44   -60   -12    44    36    60   -52   -12 
   26    -6    -6    42    -6    10   -30    34   -46    -6    10    42    -6    10 
   42     6   -34   -18     6   -14    -2    26    38    26    10     6   -14    58 
   14    -2   -18   -58   -40    14    10    -2    18   -30   -14    30   -10    -6 
   66    38     4   -12    -6     2     8   -22    -4    10     2   -48    10   -30 
  -54    18    -2   -42   -58    58   -18   -46   -58     2   -30   -26    10    18 
