14 2
25
    1    -1     1    -1     1    -1    -1    -1     1    -1    -1     1    -1     1 
   40     0    16     0    56     0     0     0  -144     0     0  -256     0   -64 
   10     8     8    16    14    16    14    14    12     8    16    16    10     8 
    1     1     1     1     1     1     1     1     1     1     1     1     1     1 
    1 0    -3 2     1 0    -3 2     1 0     3 4    -3 2    -3 2     1 0    -3 2    -3 2     1 0    -3 2     1 0 
   40    16    16    16    56    32     4     8  -144     8    16  -256    24   -64 
  -51 71   -51 71   129 -13   -51 71   -51 71   -51 71    45 73   -51 71   -51 71   -51 71    45 73   -51 71   -51 71   -51 71 
    1 0     1 0     0 1     1 0     1 0     1 0     1 0     1 0     1 0     1 0     1 0     1 0     1 0     1 0 
  -12 264   -12 264  -168 -180   -12 264   -12 264   -12 264   -12 264   -12 264   -12 264   -12 264   -12 264   -12 264   -12 264   -12 264 
    3 -1     3 -1     3 -1     3 -1     3 -1     3 -1     3 1     3 -1     3 -1     3 -1     3 1     3 -1     3 -1     3 -1 
   -1    -2     2    -3    -1    -1     1     1    -4    -2    -2    -7     1    -7 

    1    -1     1    -1     1     1     1    -1     1     1    -1    -1    -1    -1 
    1     1     1     1     1    -1    -1    -1    -1    -1    -1    -1    -1    -1 
    1     1     1    -1    -1     1     1     1     1     1    -1    -1    -1    -1 
    1    -1     1    -1     1    -1     1    -1    -1    -1    -1    -1    -1    -1 
   -1     1    -1    -1     1     1    -1    -1    -1     1     1    -1     1    -1 

    0     0     0     0     0     0     0     0     0     0     0     0     0     0 
   -1    -1    -1    -1    -1     1     1     1     1     1     1     1     1     1 
   -1    -1    -1     1     1    -1    -1    -1    -1    -1     1     1     1     1 
    2     4     4    -4    -2    -4    -2    -2     0     4    -4    -4     2     4 
    6     0     4     4     2     0    -2     2     4    -2    -4     4    -2     0 
   -2    -2    -6     2    -6     6    -2     2     6    -4     2    -6     6    -2 
   -1     1    -1     1    -1     1    -1     1     1     1     1     1     1     1 
    1    -1     1     1    -1    -1     1     1     1    -1    -1     1    -1     1 
   -8     4     4    -4     0     4     4    -4     0     8    -4     4    -4     4 
   -6    -2     6    -6    -2    -2     2     6     6     4     2     2    -6     6 
   10     2     6    -6    10     2    -6    -2     2     6    10    -6    -2     2 
  -10    -6    10    -6    -2    10    -2    -2    10   -10     2    10   -10    -6 
    4    -8     8    -4     8     0     8    -4   -12   -10     4   -12    -8     8 
   -2     8    -4   -12     2     8    -2     6    -4    -6     4     4    -6    -8 
   -8    10     6     2     4    -6    -8     8   -10   -10    -6     2     4    -6 
    0     8   -12    12     4    -8    12     0     4    -6   -12     4    -4     0 
   -4     0    -4    12     0    -8     8     0    -4   -14    -4     4     4     0 
    8    -4    12     4     0     4     0   -12   -12     4     4     4    12    12 
    0    12     4    12     8    -4   -12    -4     8     4     4     4    -4    -4 
    2    14     6    10   -10    -2     2     6    -2    -4    -6     2    -6     6 
    4    -6    -2     2    -4    -6   -12    -8     2     2    -6    -6   -16     2 
   -6    -8   -12    -4    14     0   -14    -6     4     2    12    -4     6     0 
   12   -12     0    -4     4    -4     4     0    -4     8     4     4     8    12 
  -18    -2     6   -14    -6     6    10    10    -6     8    10    18    14     6 
   -6    -2    10    -6   -18   -10     2   -18    14    -8    10     2    -6    14 
