10 4
25
   -1    -1    -1     1     1     1     1    -1    -1    -1 
    0     0     0   -44   -24     0    52     0     0     0 
   17    15    14    11     6    18    13    10     9     7 
    1     1     1     1     1     1     1     1     1     1 
    3 2     3 2     3 2     1 0     1 0     5 0     1 0    -3 2    -3 2    -3 2 
   20     4    16   -44   -24     8    52     8     8    40 
 -111 -13   249 -85  -111 -13  -111 -13  -111 -13  -111 -13  -111 -13  -111 -13  -111 -13   249 -85 
    1 0     1 1     1 0     1 0     1 0     1 0     1 0     1 0     1 0     1 1 
 -360 72  -144 -360  -360 72  -360 72  -360 72  -360 72  -360 72  -360 72  -360 72  -144 -360 
    3 -1     3 -1     3 -1     3 -1     3 -1     3 -1     3 -1     3 -1     3 -1     3 -1 
   -1    -1    -1    -2    -1    -1     3    -1    -1    -2 

    1    -1     1     1    -1    -1     1     1    -1     1 
    1    -1     1    -1     1    -1     1    -1     1    -1 
    1     1     1     1     1    -1    -1    -1    -1    -1 

    0     0     0     0     0     0     0     0     0     0 
    0     0     0     0     0     0     0     0     0     0 
   -1    -1    -1    -1    -1     1     1     1     1     1 
   -5    -3    -2     1     6    -6    -1     2     3     5 
   -1    -3     2     5     6    -6    -5    -2     3     1 
    2    -2     2     2    -2    -2     2     2    -2     2 
   -7     5     8     5    -4    -4     5     8     5    -7 
    4     8    -5     4    -1     1    -4     5    -8    -4 
   -1     5     5    -7     5    -5     7    -5    -5     1 
    2     6    -7     2    -3    -3     2    -7     6     2 
   -5    -1    -8     7     8     8     7    -8    -1    -5 
   -2    -2    -2    -2    -2    -2    -2    -2    -2    -2 
   -6     2    -9     6    11   -11    -6     9    -2     6 
    0     8    -9     0    -1     1     0     9    -8     0 
  -12     4    -9    12    -5    -5    12    -9     4   -12 
   10   -10     4    -2     8    -8     2    -4    10   -10 
    8     4     8     8     4    -4    -8    -8    -4    -8 
   14    -6    -1     2     3    -3    -2     1     6   -14 
   13     3     4    -5    12   -12     5    -4    -3   -13 
    8   -12   -10     8     6     6     8   -10   -12     8 
   14     6    -7   -10    -3    -3   -10    -7     6    14 
   -4     4    14    -4   -14    14     4   -14    -4     4 
  -11    -1    16     7     8    -8    -7   -16     1    11 
   -3   -11    -6     9    -2    -2     9    -6   -11    -3 
  -12   -16     6   -12     2     2   -12     6   -16   -12 
