4 0
100
    1    -1    -1    -1 
   10     0     0     0 
    5     4     4     3 
    1     1     1     1 
    1 0    -3 2    -3 4    -3 2 
   10    16    16     8 
  -37 -9   -31 6   -31 6   -31 6 
    1 0     1 0     1 0     1 0 
  -56 28   -56 -56   -56 -56   -56 -56 
    1 -1     1 2     1 2     1 2 
    5    -1     1    -3 

    1    -1     1     1 
    1     1    -1    -1 
   -1    -1    -1    -1 

    0     0     0     0 
   -1    -1     1     1 
   -1     0     0     1 
    4     4    -4    -4 
    1    -4     4    -1 
   -8    -2    -2    -8 
    7    -2    -2     7 
   -6     4    -4     6 
    6     0     0    -6 
   -1     2     2    -1 
    2   -10   -10     2 
    2     6     6     2 
    5    -4     4    -5 
    5     4    -4    -5 
    1     1     1     1 
   -7     0     0     7 
    2     4    -4    -2 
   14   -12    12   -14 
   -4     4    -4     4 
   -9     2     2    -9 
   -9   -14   -14    -9 
    7     4    -4    -7 
   -2     0     0     2 
  -18     2     2   -18 
   -3     2     2    -3 
   -2   -10   -10    -2 
   13   -10   -10    13 
   16     4    -4   -16 
  -11     4    -4    11 
   15   -14   -14    15 
    0     2     2     0 
   18   -12    12   -18 
   12    16   -16   -12 
   10     2     2    10 
   -5   -14   -14    -5 
   -5     0     0     5 
   -5    12   -12     5 
    8     4    -4    -8 
   17    12   -12   -17 
  -10   -14   -14   -10 
  -12     4    -4    12 
   -3   -12    12     3 
    2   -14   -14     2 
  -13   -14   -14   -13 
   -2     4    -4     2 
   22   -12    12   -22 
   -8    24   -24     8 
  -17   -20    20    17 
   12    10    10    12 
   -3   -22   -22    -3 
   26   -10   -10    26 
   -4   -10   -10    -4 
   31   -28    28   -31 
    4   -24    24    -4 
   20     2     2    20 
  -10    18    18   -10 
  -21    -6    -6   -21 
   -6    -6    -6    -6 
  -19    12   -12    19 
  -16     8    -8    16 
   17   -16    16   -17 
   23   -12    12   -23 
   10     6     6    10 
   10   -10   -10    10 
  -24   -12    12    24 
   -6    28   -28     6 
   -6     2     2    -6 
   -6    18    18    -6 
   -6    12   -12     6 
   36     4    -4   -36 
    9    -6    -6     9 
   -6    10    10    -6 
   20    28   -28   -20 
    5    20   -20    -5 
   31   -22   -22    31 
  -14   -38   -38   -14 
  -29   -10   -10   -29 
    1    38    38     1 
    0   -32    32     0 
    0   -36    36     0 
   31     6     6    31 
  -29    38    38   -29 
  -27   -20    20    27 
   12   -36    36   -12 
   24    18    18    24 
   39   -30   -30    39 
   34   -22   -22    34 
    4    10    10     4 
  -36     8    -8    36 
   36   -20    20   -36 
  -20   -20    20    20 
  -20   -20    20    20 
    8   -36    36    -8 
   32    -4     4   -32 
    2    30    30     2 
    2   -18   -18     2 
    8   -16    16    -8 
    2    20   -20    -2 
   33    34    34    33 
   32    44   -44   -32 
