2 2
25
    1     1 
    8     4 
    4     2 
    1     1 
    1 0     1 0 
    8     4 
   13 89    13 89 
    1 0     1 0 
  190 76   190 76 
    1 -1     1 -1 
    4     2 

   -1    -1 
    1     1 
    1    -1 
   -1    -1 
   -1     1 

    0     0 
   -1    -1 
    0     2 
   -4     2 
   -1     1 
   -6    -2 
    2    -6 
    1     1 
    1    -1 
   10     2 
    6    -4 
    2    -2 
   -4    -2 
    4   -10 
    2    10 
   -4   -12 
    0    -8 
   -4     4 
    8     2 
    2    -8 
   -6    -6 
   -4     4 
  -12   -12 
   14     6 
  -10     2 
