2 2
200
    1    -1 
    0     0 
    6     5 
    1     1 
    5 0    -3 2 
   32    16 
   93 -32    93 -32 
    1 0     1 0 
  220 154   220 154 
    1 2     1 2 
   -2     2 
    0    -1 
    0     0 

   -1    -1 
   -1    -1 
    1    -1 
   -1    -1 

    0     0 
    0     0 
   -2    -1 
    0     0 
    1     1 
   -2    -6 
   -4    -6 
   -2    -8 
   -4     8 
   -2     1 
   -6     0 
  -10     0 
   -4   -10 
  -12    10 
   10    10 
  -12     3 
  -10    -3 
   -4    -1 
   12    -1 
  -10     4 
   -6    -4 
    4     6 
    0     6 
   -4     9 
    6    -9 
  -12     7 
   -8     7 
  -14    -6 
  -14    -6 
    0    15 
   18   -15 
    4    -6 
  -12    -6 
   -4    -9 
  -10     9 
   -4    14 
    4   -14 
   -8     4 
   -2     4 
   -4    10 
    4    -9 
  -10     9 
  -22   -20 
   26    20 
   20    20 
   14   -20 
    0    -6 
  -16    -6 
    2   -24 
    6   -24 
  -10     8 
   10    -8 
  -12     9 
    0    -9 
  -20    18 
  -22   -18 
   28    18 
  -18    18 
    0    -4 
  -10     4 
   -4   -16 
  -28    16 
  -34    -1 
   30    -1 
  -26     7 
   32     7 
    2     2 
   22    -2 
   16    12 
   16    12 
  -14    21 
   18   -21 
   -6   -29 
  -16   -29 
   18   -18 
    2    18 
   22     2 
    0    -2 
   12    12 
  -28   -12 
  -26    29 
  -22    29 
    0   -21 
   20    21 
    0    -3 
   22     3 
  -10   -28 
   -4    28 
  -12    -3 
  -28     3 
   18   -24 
   -6   -24 
  -12     4 
   -2     4 
   22   -27 
   22    27 
   24    -8 
   20     8 
   32    37 
   22    -8 
  -32     8 
    8    36 
  -24    36 
  -24     0 
  -10     0 
   28    44 
   32   -44 
   34   -17 
   -2   -17 
  -28   -12 
  -14    12 
  -34    36 
   36    36 
   18   -26 
   42    26 
  -38    18 
   -8   -18 
  -44    17 
   40    17 
   -6   -39 
  -18    39 
   28   -13 
   40   -13 
  -30    42 
  -14    42 
   -2   -34 
   -4    34 
  -16   -48 
   44    48 
   36    -1 
  -20    -1 
  -22    34 
  -44   -34 
  -20   -36 
  -22   -36 
  -22    44 
  -30   -44 
   32   -32 
  -12    32 
  -42   -24 
   46   -24 
  -12    38 
  -24   -38 
  -28   -36 
  -28   -36 
  -26   -58 
   54    24 
  -42    24 
   -6    25 
  -32    25 
   54    27 
   -2   -27 
   32    -4 
   44    -4 
   28    -4 
   12    -4 
   32   -18 
   22    18 
  -22    32 
  -48   -32 
  -44    27 
  -10   -27 
  -22    42 
   -2    42 
    2   -37 
  -12   -15 
   32    15 
   46   -45 
   50    45 
   -8   -38 
   34    38 
   20    -6 
  -44    -6 
  -14     8 
   32    -8 
   14    33 
  -40   -33 
  -44   -10 
  -16    10 
   24    -6 
  -44    -6 
  -18   -42 
   50   -42 
  -44   -40 
   24   -40 
   22   -22 
  -10    22 
  -20   -41 
   16   -41 
  -20     6 
   12     6 
  -14   -35 
    8   -35 
  -54   -36 
  -50   -36 
    6   -21 
  -18    21 
   58    22 
   -2   -22 
  -42   -42 
