5 0
200
   -1     1     1    -1    -1 
    0    20    48     0     0 
    5     5     4     3     2 
    1     1     1     1     1 
   -3 2     1 0     1 0    -3 2     3 4 
  216    20    48    24    24 
   49 142   -95 -59   -95 -59    49 142    49 142 
    2 0     1 0     1 0     2 0     2 0 
  308 22    22 -154    22 -154   308 22   308 22 
    1 -2     1 1     1 1     1 -2     1 -2 
  -37    10    24    -3     2 

   -1    -1    -1    -1    -1 
    1    -1    -1     1     1 
   -1    -1     1    -1    -1 
    1     1    -1     1     1 

    0     0     0     0     0 
   -1    -1     0     1     2 
    0     0     0     0     0 
    0     0     0     0     0 
   -1    -1     1    -1    -1 
    3     6    -2     3     6 
   -6     6     6    -6     0 
   -2    -8     2     2     4 
   -7     8     4    -7     2 
   -2     1     6     2    -8 
   -6     0   -12     6     6 
   -3     0     4     3    -6 
    2   -10    -4     2     8 
    7    10     6    -7    -8 
   -8    10    -2     8     4 
   -3    -3    12     3    -6 
    9     3     4     9   -12 
    8    -1   -12     8    -4 
   -1    -1     4    -1    -4 
    4     4    16    -4   -14 
    2    -4    -2     2     8 
   -6    -6    -6     6   -12 
    0    -6   -10     0   -12 
    6    -9    14     6     6 
   15     9   -10   -15     6 
   10     7     2   -10   -14 
    7     7    10    -7    -2 
   -3     6     8    -3     6 
    9     6     8     9   -18 
    6   -15    18     6    -6 
   -6    15     2     6    18 
    3     6   -18    -3    12 
   12     6   -10   -12    12 
   12     9     6    12   -18 
   -6    -9    -6     6   -18 
   -4    14    20    -4     8 
   -5   -14   -14     5    -8 
   16     4   -20   -16    10 
  -14     4   -12    14     4 
  -17    10     2    17    -2 
   15     9    20   -15    -6 
  -21    -9    12   -21   -24 
   22   -20    24   -22    10 
   -4    20    10    -4    -4 
   11    20   -16    11     2 
  -20   -20    -2    20   -20 
  -18     6     0   -18    12 
  -12     6     8   -12    12 
   15    24   -16   -15    -6 
   18    24     8   -18    -6 
   -4     8   -30    -4    -4 
   -8    -8    -4     8   -26 
   18    -9   -20    18    12 
  -18     9    28    18   -24 
  -18   -18    14   -18   -30 
   27    18     6   -27     6 
    6   -18     2     6     0 
    3   -18    30     3   -18 
   -4    -4    28    -4   -22 
    4     4     6    -4     4 
   20   -16     0    20   -16 
   -8    16   -10     8   -20 
   32    -1    14    32    14 
   26    -1   -22    26   -10 
   -8     7   -36     8     4 
   25     7    12   -25    34 
  -22     2   -18   -22     8 
  -14    -2     0    14   -14 
   24   -12    10   -24    12 
  -18   -12   -18    18    12 
  -18   -21    22   -18   -30 
   -6    21   -34     6    36 
   16   -29    16   -16     4 
  -20   -29   -16    20    22 
  -15    18    30   -15   -18 
   -6   -18   -30     6    36 
  -31     2    -2   -31   -22 
   31    -2   -40   -31    10 
  -36   -12    16    36     0 
   30    12   -12    30    12 
  -25    29   -34   -25   -34 
   11    29    14    11    38 
   -6    21    36     6    24 
    0   -21    28     0    12 
    6     3    18     6     6 
  -15    -3    14    15    -6 
   -1   -28    10    -1   -10 
   37    28   -20   -37   -26 
    6     3    28     6    12 
   30    -3     8   -30     0 
   12    24   -20    12    30 
  -33    24    20   -33    30 
    4     4    -4    -4   -14 
   16     4     8   -16   -32 
   30    27   -38   -30    24 
  -15   -27   -30   -15     6 
    1    -8   -22    -1    28 
   26     8   -24    26    44 
   37    37    38   -37    10 
  -26    -8    26    26   -20 
  -19     8    16   -19     2 
  -24   -36   -12   -24    36 
    6   -36    24     6    36 
   18     0    -6    18     0 
    9     0   -22     9    18 
   32    44    32    32    20 
   28   -44    26   -28    -8 
   34   -17    18   -34    16 
  -20   -17   -22    20     4 
  -15    12    20    15   -18 
    9   -12    12     9   -12 
  -18   -36   -18   -18     6 
    0   -36     2     0   -24 
  -44   -26   -16    44    10 
   -4    26    10    -4   -28 
   33   -18    18   -33    -6 
  -12    18     6   -12    -6 
  -10    17     4   -10   -28 
  -40    17     4   -40    32 
  -42    39   -30   -42    18 
   18   -39    -2   -18   -12 
  -16   -13     4   -16    -4 
   41   -13    -4    41    -4 
  -15   -42   -40   -15   -18 
    0   -42     4     0    30 
  -25   -34    -6   -25    38 
  -26    34     8    26   -14 
  -12    48    20   -12    36 
   30   -48    24   -30   -12 
    8    -1   -28     8   -28 
  -19    -1   -12   -19     8 
  -20    34    10    20   -20 
  -28   -34    -8   -28    38 
  -48    36    18   -48    12 
   -6    36   -14    -6     6 
   14    44    10    14    20 
   -8   -44    -8     8    10 
   13   -32    22   -13     4 
   20    32    44    20   -52 
  -30    24   -44    30   -18 
   45    24     0   -45   -30 
  -52    38    16   -52   -52 
   28   -38    -2   -28    16 
  -24    36   -42    24    12 
   15    36   -46   -15    24 
  -10   -58     6   -10    14 
  -48   -24     4    48   -42 
  -39   -24    24    39    18 
   22    25    32   -22     4 
  -41    25   -16    41   -26 
   39   -27    50    39   -30 
  -42    27   -30    42    24 
   -7    -4   -44    -7     8 
   -4    -4     4    -4    -4 
   44    -4   -28    44   -28 
   26    -4   -52    26   -52 
    6    18    14     6    30 
  -39   -18    18    39    -6 
  -22    32    -2   -22   -22 
  -47   -32    60    47    10 
  -12   -27   -12    12   -30 
   15    27   -12    15   -12 
   27   -42    20   -27   -18 
  -24   -42    -8    24    -6 
  -28   -37    14   -28    26 
  -12    15   -40    12    36 
    0   -15    12     0   -60 
   21    45    30    21   -30 
   12   -45   -46   -12   -48 
   34   -38    -4   -34   -14 
    2    38    34     2    50 
   45     6   -30   -45    24 
  -57     6    26    57    36 
  -19     8   -10   -19    26 
   31    -8     8   -31    22 
  -27   -33   -30    27    -6 
  -12    33    34   -12   -18 
  -10   -10   -32   -10   -28 
    1    10    34    -1    -8 
    0     6    42     0   -36 
   60     6    18   -60    60 
   18    42    16   -18    -6 
  -21    42   -12    21    30 
  -46   -40    -4   -46    20 
  -28   -40    44   -28   -28 
   -4   -22    50    -4     8 
  -32    22    20    32   -26 
   49   -41    18   -49   -14 
  -29   -41   -54    29    46 
   39    -6    18   -39    24 
    9    -6   -18    -9   -12 
   -2   -35   -60     2    52 
   25   -35     0   -25    22 
  -33    36   -12   -33   -30 
  -12    36    32   -12   -42 
  -42    21   -34    42   -24 
  -27   -21   -26   -27    18 
   22    22     4   -22    22 
  -52   -22   -42   -52    20 
    3    42    56    -3   -30 
