6 2
200
   -1     1    -1    -1    -1     1 
    0    18     0     0     0   -72 
   13     9    17     8    15    12 
    1     1     1     1     1     1 
   -3 2     1 0    -3 2    -3 2    -3 2     1 0 
    4    18    20   256     4   -72 
   81 191    81 191   -63 49    81 191    81 191    -3 47 
   -1 1    -1 1     1 0    -1 1    -1 1     1 0 
  120 -372   120 -372  -288 84   120 -372   120 -372    84 144 
    3 -1     3 -1     3 1     3 -1     3 -1     3 -1 
    1     3    -1    27    -5    -6 

    1    -1     1     1     1     1 
    1     1     1     1    -1    -1 
    1     1    -1    -1     1     1 
    1     1    -1    -1    -1     1 

    0     0     0     0     0     0 
   -1    -1    -1    -1     1     1 
   -1    -1     1     1    -1    -1 
   -1     3    -5     4    -3     0 
   -4     0    -2     4    -6    -2 
    6     2    -4     2     4    -2 
    3     5     3    -6     3     0 
    2     2     8    -4     0    -4 
    5     7     5    -4     3     8 
   -2    -2    -4     2     4    -2 
   -6    -6     0    -6     8    -2 
   -2    10    -8    10     0    10 
  -12     4     4     4    -4    12 
   13     7     9   -12    -1     8 
   -5    -9    -5   -14     3     2 
   -9    -1    11    -4    -3     4 
    6   -14     0   -12    -8     6 
   -4     8     0   -12    16    -4 
    4    12    -4    -4   -12     4 
   13     1     1    10    -7   -10 
    4    -4   -12    -6     4    14 
   -5    -9    -9    12   -15     4 
   -2   -14   -10    -4    -6     6 
    5   -13    13    10   -11    12 
    6    -6     0    -6    -8     6 
  -13    11    -9    18    -1    10 
    4   -16    -8    10     8   -10 
   -6    10    -8     4     0    -6 
  -10     2    -8     4    16    -2 
   10   -10     2     2   -14     4 
   15    -3   -13     2   -13   -16 
  -11    13     1   -20    -1     4 
   -3   -19    -3   -12    11    -4 
   -9    -7     3    18   -13    -8 
    6    10   -10     2   -10    12 
   -9    -7     7     4    -7    12 
    2    14    16     4    -8    -4 
   -5     9    15    12     9   -16 
    8    16     4   -20    -4    12 
    9    17    21    -6   -19     6 
   -3   -11   -11     4    19   -12 
   -3    -3   -15    12    15     8 
  -12    12    -2    10     6    -6 
  -22    14    12    -6    20   -22 
   17    11     5    -4    -5    -8 
   -3   -13    21    12    11    12 
  -18     2   -22    -4     6    22 
  -22   -10    12    12   -20    -6 
   22   -22   -18    -6    14   -16 
    6    10    -6    -6    -6   -24 
   -2    10    12    -6   -12    -2 
  -20     8     4    10    20   -10 
   10   -30   -18   -12     2     6 
    6    30     6   -12    -6     2 
   13   -21    29     2    21    12 
   -2    14    20     2    12   -18 
  -33    -7    -9    -6   -17     0 
   26     6     6    -6     6     0 
  -26    14    14   -28     2    12 
  -28    24     4    28    12   -20 
  -22    34   -28   -28     4    28 
   19    33    15    12   -15     0 
  -26     6    26    26    -6    10 
  -23    13   -31   -22     1   -10 
   18    -2    -4    -4    -4     4 
   -2    -2     2    20    14    20 
   -1    -1     1     1     1    -1 
   -2     6   -30    18   -30    26 
   18   -10    12    36    28    26 
    7    27   -21    12    21    36 
   30    18    -6    18    -6    -4 
  -21   -19    -9    18   -33    16 
   26    38    20   -28     4   -36 
   18   -30    16   -20    24   -20 
    3   -15    19    10   -21    24 
  -11     3    -3    -6    -3    12 
  -15   -15    -3    -6     5   -10 
   -9    -1   -29    10    11   -10 
  -36     4   -20     4    20    36 
  -27    33    29    -4   -21    -8 
   16    16     8   -22    -8   -30 
  -34   -26   -20    10    20    -6 
  -39    21     9   -36    39    -8 
  -24     4    20   -28    12   -18 
    9    39     1   -38   -15    12 
  -17    21   -29    10    27   -24 
   10   -34   -36   -30   -28    -2 
   10    26   -22   -22    -6    38 
   36    -4   -28   -28    12   -16 
   12     8    -6    12   -18    26 
   36    12     2    20   -26    -2 
   -5    27    43    28    -3     0 
   40    16     4   -20    28   -16 
  -12    44    16   -20    16    20 
   -2    42   -18   -30    14   -16 
   36    24   -28   -22   -28    18 
   34   -26   -38   -20   -26   -20 
    9   -17   -39    36   -17    -4 
  -14   -26    16   -14    -8   -22 
  -17   -39    31   -20     9    12 
    0    16   -18   -12   -22   -20 
   33   -19    -3    36     3   -28 
   -4   -12   -36    12   -28   -24 
   -6    30   -32    10   -24    30 
  -21    33    -9    18    -1    -8 
  -29    37   -41     4    -7    -4 
    1    27    -3   -12     3   -28 
  -10   -18    14     2    -2     6 
   -4   -16   -38   -14    34    42 
  -12   -28   -40   -28     8    34 
   -7    33    21    36   -37   -28 
   34   -26    12    18   -12    42 
  -38   -22    30    18   -18    10 
  -19    25    45    -6     5   -22 
   32    -4   -34   -22    22   -30 
   11    -7    11   -22    -5    32 
    0   -44    44   -22   -36   -38 
  -26   -14   -14   -20    46   -20 
  -46    38   -46   -28   -34    -4 
   15    21    35   -22    27   -24 
    8     0   -24   -30   -40   -22 
  -39   -41     5    -4    19    16 
  -28    -8    16   -44    16   -44 
   24    20     0    12    16    30 
   15   -33   -17    28   -15    24 
  -32   -20    10    10   -14    -6 
   10    -6     8   -22     0   -14 
    4   -24   -48    36     0    14 
   34     6    40   -44   -48   -10 
   13   -13   -23   -20   -49     0 
   24    16    10   -44    14     4 
   16   -40     8   -28     8   -12 
    5   -33    37   -20    11    20 
   -2   -18    -8   -38   -48    18 
   10    14   -26   -14   -26   -36 
   11    23    -5    34    11     2 
  -26    -2   -18   -30    14    22 
   43     9   -25    -4    33     0 
  -33     1    47   -52   -23    32 
  -31    15    49    34    49   -36 
  -50     2   -30    -6   -30    30 
   -7    47   -23   -44   -33   -40 
   20    28    16     4    32   -12 
   36    -4    48    12     0   -12 
   -6   -46    50    20    30    38 
   20    40    32     2   -16    14 
   -2    22   -10   -22   -26    54 
   35     9    -9    18    15    16 
   -4    -8   -28   -28    -4    20 
  -16    56     4    52    44    36 
   45    -1    29    50    45   -20 
   12   -40    -8   -14   -24    14 
  -36    20   -56    52     8   -52 
   18   -10    36   -36     4    36 
   14   -22   -22   -52   -58    28 
   28   -16   -30   -12   -26    12 
  -57    57   -33    -6    -1   -32 
  -30    14    18    42   -30   -28 
  -17     7    27    42   -21    14 
   -7    -7    49    10     1    22 
   42    46   -48    12     8    54 
   22   -42    42    12   -42     2 
    3   -15    -1   -46     7    48 
   -8   -36   -12    42   -44    14 
    4    28   -30   -30    26   -14 
   39     3   -49    -4   -15    32 
  -26   -26     2    20   -50    34 
   26    30   -30    -6    18   -36 
  -40    44    -6   -30     2    22 
    8    16   -40   -22   -24     6 
  -42     2   -36    -6    20    38 
  -44   -36    12   -36   -44    -8 
   -3    37   -15   -12    15   -32 
  -20    48   -54   -54   -46   -10 
  -21   -45   -45   -54    51   -46 
   22    30   -26   -38    54    38 
  -22   -26   -54    -6    10    36 
   13    11   -31    20   -17   -12 
  -46    26   -22    20    38    12 
   30   -42   -12    12    20   -18 
    0   -24    60   -12   -60    60 
  -13   -27    -9    42   -33   -48 
  -19   -33    41   -22     9   -44 
   36    52   -28    -4    44    28 
  -29    17    59   -52    37   -28 
   -7    53    53   -22    37    38 
  -34   -58    14   -46    30    62 
   40    52    42    18   -46   -42 
  -46   -62     6   -30   -26    -2 
    9   -55   -27    36    11   -24 
   40    36     6   -12    50   -18 
  -44   -44    -4    44   -28   -12 
  -26    46    50    -4    -2   -12 
  -60    60   -18    60   -22    30 
   28   -12   -12   -12   -36    36 
  -28    12    42    42   -30    38 
   18    50    12    42    36    30 
  -15     5    41   -46    33    50 
   25   -43    33    18   -23   -14 
   24    16   -58     2    -2    42 
