10 46
25
   -1     1     1     1    -1     1     1    -1    -1    -1 
    0   240     0    64     0     0     0     0     0     0 
   12    10     8     8     6    18    16    16    14    12 
    1     1     1     1     1     1     1     1     1     1 
    5 0     1 0    -3 2     1 0     5 0    -3 2    -3 2     5 0     3 4    -9 4 
   32   240    96    64   128    32    80    64   256    16 
   57 71    57 71    57 71    57 71    57 71    57 71    57 71    57 71    57 71    57 71 
    1 0     1 0     1 0     1 0     1 0     1 0     1 0     1 0     1 0     1 0 
  312 156   312 156   312 156   312 156   312 156   312 156   312 156   312 156   312 156   312 156 
    3 -1     3 -1     3 -1     3 -1     3 -1     3 -1     3 -1     3 -1     3 -1     3 -1 
   -1    11     9     1     1     1     3    -7   -23    -1 

   -1     1     1     1    -1     1     1    -1    -1    -1 
    1     1     1     1     1    -1    -1    -1    -1    -1 
    1     1     1     1     1    -1    -1    -1    -1    -1 
   -1    -1    -1    -1    -1    -1    -1    -1    -1    -1 

    0     0     0     0     0     0     0     0     0     0 
   -1    -1    -1    -1    -1     1     1     1     1     1 
   -1    -1    -1    -1    -1     1     1     1     1     1 
    0     2     4     4     6    -6    -4    -4    -2     0 
    0     2     4     4     6    -6    -4    -4    -2     0 
    2     6    -6    -6    -2    -2    -6    -6     6     2 
    2     6    -6    -6    -2    -2    -6    -6     6     2 
    2    -2    -8     6     6    -6    -6     8     2    -2 
    2    -2    -8     6     6    -6    -6     8     2    -2 
  -10    -6    -6   -10    -6    -6   -10    -6    -6   -10 
    0     2     6     8   -10   -10     8     6     2     0 
    0     2     6     8   -10   -10     8     6     2     0 
   -4     8    -4    12    -8     8   -12     4    -8     4 
   -4     8    -4    12    -8     8   -12     4    -8     4 
  -10   -10   -14   -10   -10   -10   -10   -14   -10   -10 
   -4    10   -12     0     6    -6     0    12   -10     4 
   -4    10   -12     0     6    -6     0    12   -10     4 
   -2    14    -8     2    -2     2    -2     8   -14     2 
   -2    14    -8     2    -2     2    -2     8   -14     2 
   -2    -6   -14    14   -14   -14    14   -14    -6    -2 
   -2    -6   -14    14   -14   -14    14   -14    -6    -2 
   12     6     4     8    -6     6    -8    -4    -6   -12 
   12     6     4     8    -6     6    -8    -4    -6   -12 
   12    10   -10     4     6     6     4   -10    10    12 
   12    10   -10     4     6     6     4   -10    10    12 
