2 15
25
    1     1 
  192    32 
    4     2 
    1     1 
    1 0     1 0 
  192    32 
    0 110     0 110 
    1 0     1 0 
 -221 0  -221 0 
    0 1     0 1 
  192    32 

   -1    -1 
   -1    -1 
   -1    -1 

   -1     1 
    0     2 
    0     2 
    6    -6 
    6    -6 
    1     1 
    1     1 
    8     4 
    8     4 
    6    -6 
    0    -6 
    0    -6 
    4     0 
    4     0 
  -10   -10 
    0     4 
    0     4 
   -8     0 
   -8     0 
    0    10 
    0    10 
   -4    12 
   -4    12 
   -2   -18 
   -2   -18 
