5 0
200
    1     1    -1    -1    -1 
   96     0     0     0     0 
    6     4     3     2     2 
    1     1     1     1     1 
    1 0     7 0    -3 2    -3 4     3 2 
   96    32     4    48    16 
   87 -67   -31 -102   -31 -102   -31 -102   153 -169 
    1 0     1 0     1 0     1 0     1 1 
  220 20  -440 -40  -440 -40  -440 -40  -400 -260 
    1 1     1 -2     1 -2     1 -2     3 -1 
   48     2     2     4     1 

    1     1     1    -1    -1 
    1     1     1    -1    -1 
    1    -1    -1     1     1 
   -1     1    -1     1     1 

    0     0     0     0     0 
   -2     0     1     2     2 
   -1    -1    -1     1     1 
    4     4    -4     0     0 
   -2    -4    -3    -2     6 
   -4    -4    -3     2    -6 
   -2    -6     5     2    -2 
    0    -2     1    -2    -2 
    4    -4     5     4     4 
   -1     1     1    -1    -1 
    1    -1     1    -1    -1 
    8     0   -12     2    -6 
    4    -4     1    -4    -4 
   12     0     8    -4    -4 
    4    -8     1    -2   -10 
    4    -6     6   -10     6 
    6     0     4    -6     2 
    2   -12     6    -6   -14 
    8    -4    10    12    -4 
    6    -2   -11   -10   -14 
   10   -14     6   -14     6 
   12   -10   -12     2   -14 
    2    12     6    -6     2 
    2   -14    -2   -10     6 
   -2     6   -16     2    -6 
   -8    -8    -7    10   -14 
    2    10   -16     2     6 
   12     6    16    -6    18 
   -2     0    -5    -6   -14 
   -6     2     1    -2   -14 
   18   -10   -12   -14     6 
    4    20    -4    16     0 
   12    -4    15    12    12 
   14    -6    12    -2   -18 
    6    -2    -6   -18    -6 
    6    16    -3     2    10 
   10     4     2     2   -14 
    8   -14    -4    10     2 
   -8     6     0   -10    22 
    4   -20    10   -14    -6 
   16     6    14   -10    -2 
   12   -12     1     0    16 
   14    -2    18    -2   -22 
    6   -14     4     6    -2 
  -14   -12   -12   -22    26 
  -16    12    12   -12    20 
  -18     8    -2    18    18 
   20   -20   -16    20     4 
   -6   -14   -14   -14    -6 
   18   -30   -13     6    -6 
   -2     2    29    22   -10 
   14     2    -7   -18    14 
   -4     0   -22    12    -4 
    0   -20     2    -8    -8 
  -14   -22    27    -6   -18 
  -22   -14    15    18   -22 
   -8   -20    -6    22     6 
    2   -10     6     6     6 
    8    -4    -4   -24    -8 
   32     4    29     4    20 
    2     4   -18     2    10 
  -14     4    15    -6    18 
   26   -26    17    34     6 
    6   -14   -16   -26   -10 
    8   -20     6   -20   -20 
   -6     8     4    22     6 
   20     0    14   -26    14 
   28     8   -10    22    14 
  -12    12    -3   -12     4 
   -2     8     6    18    -6 
   -6   -30   -15    -6   -30 
    4   -24   -14   -26   -10 
   -8    14   -32    38    30 
    8   -26    -2   -18     6 
   12    36    30    -6   -22 
    6    26     9    14   -10 
   10    18    27    26   -38 
  -18   -10    23   -10    22 
   18    16     9   -34    30 
   20    -6   -36    30    30 
   18     2     6   -34   -14 
  -10     6   -16     6     2 
   14     4    30     6   -26 
  -28     6   -24    10    18 
  -30   -34    -6    -2    30 
  -38    26     9   -10    22 
   -2    30    36    10    38 
    8    24    -9    34   -38 
  -12   -28   -27    32    16 
   12   -20   -12   -20    12 
   10    20    30    -6    18 
    0    30   -22   -26   -18 
    2    24    26    30   -26 
  -12   -36   -10    28   -20 
   18    10   -28   -14   -30 
   28   -20    26   -38   -38 
  -16   -34    21   -26   -34 
  -36    22     6    18     2 
  -18   -34   -37    18     2 
  -16   -14   -22    -6   -22 
   -4    32    16   -28   -28 
  -14   -20     8   -38    18 
   20    24     9    24   -40 
   10    14   -42   -10   -34 
  -24     0    -6   -30    18 
  -20   -28   -22    20   -12 
  -14    32    28    30    30 
  -38    42    -7    46   -46 
   28   -32    26    -2    14 
  -12    16     6    28   -20 
  -18     0   -24    10   -38 
   22   -42   -44    -2    18 
   -8     4    14    46   -18 
  -42    38   -12   -14   -14 
    8   -28   -22    46    30 
  -34   -18    25    34    26 
  -16   -20    38   -10    38 
  -10   -32   -24     2    -6 
   26    36    34    -6     2 
  -22    42   -31   -26   -10 
  -18    26     5   -50    30 
   -4    -4   -12    16   -32 
   -8    22     5   -34   -18 
   12   -40    37   -28   -28 
  -26   -12     0    30    30 
  -30    26    34    46   -30 
    8   -24   -41    26    -6 
   32     6    28    14    46 
   16    20   -19    -8   -40 
   28   -28   -10    28    44 
  -36    22   -34    42   -22 
   12    -4   -10   -16   -16 
  -40     4    47   -40   -24 
  -14   -26    37    -2   -42 
  -20    12   -16   -14    18 
  -14   -10    40    30    30 
   34    14    16   -18    -2 
   36     2   -21   -42    38 
    4   -30    -8    46    22 
   26    46   -38    54    22 
  -44   -36   -30    42   -14 
  -12   -32   -18    32    16 
    4    -4   -17    28    44 
   24    -6    -3    10    18 
   12    -4    12    52   -12 
   10    38   -10    38   -18 
   42   -34   -42   -18     6 
    8    24     6    10    26 
   20   -24    22   -56    40 
  -28   -56     1     4     4 
   18    50   -46   -54   -46 
   12   -48     3   -58   -10 
  -36    -4   -14   -48    16 
  -20    58   -40     6    -2 
  -36   -50     1   -22    42 
   36    22    12     2     2 
  -34   -22    18    54   -18 
    6    30    19   -46    50 
   42    58   -34     6    26 
  -10   -18   -43     2    18 
  -52    52   -48     0   -48 
   -4   -12     4   -36    44 
  -36   -12   -35    -6     2 
   30   -46   -14    -2    30 
  -50   -26    28    -2    14 
   -2     0    12    -6   -30 
  -44   -20     6    12   -20 
  -42    -2    18   -58   -30 
   54    -6    54   -26   -50 
   24   -32    10   -38    34 
  -24    56   -48   -54    50 
   12     0    45    12    -4 
   46    24   -28   -38    10 
   14    -6   -16    26    -2 
   -6     6    40   -54    46 
   54    50   -54   -42   -42 
  -28    48    39    38   -26 
   42    44   -60    34   -46 
  -36   -28   -20    64    16 
   48   -18    13   -42    14 
   30   -32    23    42    26 
  -42    30   -33    -6     6 
   22    -6   -48   -38    30 
  -56    28   -49    16   -48 
   16   -44     0     4    20 
    2     6    49   -34    38 
  -10   -62   -18    22    22 
   34   -14    42   -26   -30 
   26    42   -28    22    18 
   48    12   -56   -64    16 
   24   -14    33   -38    50 
   28    20    30    32   -16 
   36    20   -52   -24   -40 
    8    -4    -6   -32    48 
  -20   -24    34     8   -56 
   42    -6   -51   -26   -54 
   -6   -26    28    42    14 
   30    -2    32   -50    30 
    0    52    -5   -10    38 
   54     6     7   -22   -38 
