2 0
25
   -1    -1 
    0     0 
   17     7 
    1     1 
   -3 2    -3 2 
   40   288 
  177 -157   177 -157 
   -1 1    -1 1 
 -504 144  -504 144 
    3 -1     3 -1 
   32    -7 

   -1     1 
   -1     1 
    1    -1 
    1    -1 

    0     0 
    0     0 
   -1     1 
   -5     5 
   -3     3 
   -2    -2 
   -6    -6 
   -1     1 
    8    -8 
    1     1 
    5     5 
   -9    -9 
   -1     1 
    0     0 
   -5    -5 
   -3     3 
   -2     2 
    7    -7 
   12   -12 
    8     8 
    4     4 
   14   -14 
   -2     2 
    5     5 
   -3    -3 
