2 0
25
   -1    -1 
    0     0 
    6     2 
    2     2 
   -3 2     5 0 
   64    16 
   57 62  -199 -46 
    1 0     2 0 
 -192 176  -192 176 
    1 2     1 -2 
    4    -4 

   -1    -1 
   -1    -1 

    0     0 
   -2     2 
    2    -2 
    0     0 
   -6     6 
    2     2 
    2     2 
    6    -6 
    0     0 
    2     2 
    2     2 
   -6    -6 
    8    -8 
    0     0 
   -2    -2 
   -6     6 
    6    -6 
   -4     4 
    8    -8 
    6     6 
  -14   -14 
   -8     8 
   -4     4 
   18    18 
   -6    -6 
