2 0
25
    1     1 
   24    24 
   12    12 
    1     1 
    1 0     1 0 
   24    24 
  -39 113   -39 113 
    1 0     1 0 
  108 378   108 378 
    3 -1     3 -1 
    3     3 

   -1    -1 
    1    -1 
   -1    -1 
   -1     1 

    0     0 
    0     0 
    0     0 
    0     0 
   -3     3 
    3    -3 
    1    -1 
   -4    -4 
   -1    -1 
    2     2 
   -3     3 
    6    -6 
    2     2 
    8     8 
   -4    -4 
   -3     3 
   15   -15 
  -13   -13 
    8     8 
   14    14 
    2     2 
    0     0 
   -3     3 
  -18    18 
   -3     3 
