4 3
25
    1     1     1     1 
   30    72    54   168 
   15     9     9     7 
    1     1     1     1 
    1 0     1 0     1 0     1 0 
   30    72    54   168 
  -93 -49   -93 -49   -93 -49   -93 -49 
    1 0     1 0     1 0     1 0 
 -378 -54  -378 -54  -378 -54  -378 -54 
    3 -1     3 -1     3 -1     3 -1 
   -1     5     3    15 

   -1    -1    -1    -1 
    1     1     1    -1 
   -1    -1    -1    -1 
   -1    -1    -1     1 

    0     0     0     0 
    0     0     0     0 
    0     0     0     0 
   -3     3     3     5 
   -6     2     6     2 
    1     1     1    -1 
    0    -1     6     7 
    2     0     8     0 
    2     4    -4     4 
   -4     9     8    -1 
   -3    10     9    -6 
  -12    10    -6     6 
   -1     1    -1     9 
    5     4    -1     8 
    2    -9     8     9 
    0     0   -12   -12 
    9     4    -3     0 
  -10     0    14   -12 
   -4     5     2    -5 
   11    10     5   -14 
   -4     3     2    -3 
   15    -4    -3   -12 
  -12    11   -12     5 
    0     7     6    -9 
  -12    10   -12     6 
