1 0
200
   -1 
    0 
    4 
    1 
   -3 2 
  120 
   50 132 
   -1 0 
  -99 -264 
    2 0 
   10 
    0 
    0 

   -1 
   -1 
   -1 
   -1 

   -1 
   -2 
    1 
    1 
    1 
    6 
   -8 
    0 
   -2 
   -8 
    6 
   10 
   12 
   -6 
    6 
   -8 
    0 
   12 
  -10 
   -6 
  -10 
  -16 
   12 
    2 
   10 
   10 
  -14 
  -12 
    8 
   12 
   14 
  -12 
    6 
    4 
    1 
  -20 
  -20 
  -10 
  -12 
    2 
   -2 
    8 
   18 
    2 
    8 
   12 
  -12 
  -28 
  -18 
   14 
   -4 
  -10 
  -12 
  -12 
    0 
  -14 
   30 
  -30 
  -18 
   12 
   20 
   10 
    2 
   26 
   28 
  -10 
   -2 
   22 
    8 
   20 
  -26 
  -18 
   -4 
  -26 
  -34 
   30 
   10 
  -14 
  -12 
    0 
  -14 
   -6 
    4 
  -28 
  -26 
  -14 
   26 
  -22 
   36 
   20 
  -16 
  -30 
   24 
   -4 
    0 
  -26 
  -20 
   36 
   14 
  -12 
  -18 
    8 
   12 
   24 
    6 
   28 
   -2 
   -8 
    2 
   -6 
  -30 
   -6 
   40 
  -42 
    8 
   42 
  -42 
   28 
   -4 
  -46 
   22 
   44 
  -30 
   18 
   40 
    6 
   -2 
   28 
   44 
   -4 
   34 
    4 
   26 
  -18 
  -14 
    2 
  -12 
  -44 
   -8 
    6 
   18 
   56 
  -46 
  -48 
  -38 
   -8 
   32 
  -38 
   16 
   50 
   42 
  -52 
  -38 
    8 
   30 
   28 
  -42 
   46 
   -2 
  -22 
   24 
    6 
    6 
   26 
   48 
   12 
   -4 
    6 
   12 
   22 
  -22 
   44 
  -36 
   26 
   22 
    6 
    0 
  -44 
  -26 
  -36 
  -24 
    0 
    6 
  -56 
   -8 
   42 
  -20 
  -34 
  -14 
    4 
    6 
   56 
  -52 
   26 
   -4 
  -18 
    6 
  -44 
   16 
  -26 
