1 0
200
    1 
 -792 
    3 
    1 
    1 0 
 -792 
  -84 94 
    1 0 
 -189 -84 
    0 1 
 -792 
    0 
    0 

   -1 
   -1 
   -1 
    1 

    0 
    1 
    1 
    0 
    0 
    6 
    0 
   -4 
   -4 
    2 
    0 
  -12 
  -10 
    8 
    1 
    0 
  -12 
   -4 
    2 
    8 
   14 
   12 
  -12 
    0 
    6 
    8 
   -4 
   18 
  -12 
    6 
   -1 
    0 
   12 
    6 
   -6 
   -4 
   -4 
  -10 
   14 
  -10 
    0 
    6 
   14 
   14 
   14 
  -22 
   12 
    0 
   18 
    6 
  -10 
   26 
  -12 
  -24 
   12 
   12 
   30 
    6 
   20 
   20 
  -16 
  -28 
   26 
   26 
   -4 
    8 
  -22 
   26 
   18 
   -6 
   24 
   24 
   20 
    2 
  -30 
   30 
   14 
   -4 
  -12 
    0 
   -4 
   14 
   12 
    0 
  -30 
    6 
   26 
   26 
  -12 
  -12 
   -6 
    0 
  -40 
    2 
   12 
   36 
    8 
   -4 
  -22 
   32 
   -4 
   36 
   36 
  -18 
   -6 
    2 
   32 
    2 
  -16 
   12 
  -12 
  -36 
   24 
  -16 
    8 
   -6 
    6 
   44 
    8 
   30 
  -18 
   20 
   -4 
  -36 
    6 
   14 
   14 
  -30 
   12 
   20 
  -16 
  -16 
  -16 
  -42 
  -18 
   -4 
  -40 
   20 
  -28 
   18 
   30 
   32 
   20 
  -12 
   36 
   14 
   12 
   18 
   44 
  -40 
    0 
  -42 
   20 
  -34 
    2 
  -16 
  -18 
    6 
  -16 
   38 
  -30 
  -36 
   -6 
  -18 
   62 
  -12 
  -36 
   42 
   18 
  -22 
   26 
  -30 
   -6 
   14 
   14 
  -30 
  -30 
   -4 
  -10 
   12 
   12 
   36 
    6 
  -52 
   44 
   14 
  -22 
  -28 
   14 
   54 
   48 
   38 
  -46 
   66 
  -18 
   -6 
   42 
   50 
   26 
   66 
