2 0
100
    1     1 
   48    48 
   12    12 
    1     1 
    1 0     1 0 
   48    48 
  -21 23   -21 23 
    1 0     1 0 
  -18 90   -18 90 
    3 -1     3 -1 
    1     2 

   -1    -1 
   -1     1 
   -1    -1 
    1    -1 

    0     0 
    0     0 
    0     0 
    0     0 
    4     6 
    2     6 
   -1     1 
    4    -4 
   -8     2 
   -2    -4 
   -2     6 
    6     0 
    4    -4 
  -12     8 
   -2    -4 
   12     0 
    4     0 
    4    -4 
   16    14 
  -10   -16 
   -6    14 
    4     6 
   12    -6 
   14     6 
   -6    18 
   18   -10 
   10   -10 
  -12   -12 
   -4    12 
   14    18 
   10    -6 
    4    12 
   12     0 
  -10   -18 
   14   -12 
  -12    -4 
    8    14 
  -16     2 
    4    -4 
   10   -10 
  -12    12 
   12   -12 
  -14   -22 
   14    20 
   -8    26 
   20    -4 
    8     0 
   -4   -18 
   -2    24 
  -10    -6 
   -2     8 
    2   -10 
   24   -12 
  -24   -12 
   -2   -18 
  -10   -12 
    6    -6 
  -22     6 
   32    14 
   20   -28 
  -12    -4 
   12    -4 
  -10    20 
  -14   -10 
   -4   -28 
   28    32 
    6    20 
   10    26 
   20    18 
   32   -12 
   -6    18 
   14     6 
   28    -4 
  -16     2 
  -38    -6 
   30    -6 
  -14   -10 
   10     2 
  -16    36 
  -12   -30 
  -14     2 
  -14     2 
  -40    24 
   24     0 
  -18     6 
  -18   -12 
   10     2 
  -14    14 
  -32    36 
  -32    36 
  -44   -12 
  -12   -12 
   24   -10 
    4    20 
  -10   -30 
    2    -6 
  -16   -22 
   20   -16 
   -6   -34 
   20     8 
