2 0
100
    1     1 
   16   -24 
   16     8 
    1     1 
    1 0     1 0 
   16   -24 
   81 11    21 -25 
    0 1     1 0 
  -48 -132    12 -96 
    3 -1     3 -1 
    3    -7 

    1    -1 
    1    -1 
    1     1 
   -1    -1 

    0     0 
   -1     1 
   -1    -1 
   -4     4 
    0    -4 
    2    -6 
   -6     2 
   -4     4 
   -4     4 
    2    -6 
  -10    10 
  -10    -6 
    1     1 
    4    -4 
    2    10 
   -4     4 
    0     4 
    4    -4 
   -4    12 
    2    -6 
   10   -14 
   16    12 
  -12    -4 
   14     2 
    2    10 
   -6    10 
   10    -6 
  -16    20 
   -4    12 
  -10    -6 
  -14   -14 
   16    12 
    0    -4 
   18    -6 
   -2    10 
   20     4 
    4   -12 
   20     4 
   -4    20 
   10    -6 
   24    -4 
    0    -4 
  -14     2 
    2    18 
    4   -20 
   -4     4 
    4    12 
  -12    28 
   18    10 
  -18    18 
   26   -14 
    2   -30 
  -12   -12 
    8    -4 
   10    18 
   14    18 
   -2    18 
  -10    10 
  -20    -4 
    4   -20 
   20   -12 
  -28     4 
   10    -6 
   26    26 
   -4    28 
   -4    36 
    2    10 
    2    -6 
   32   -12 
   24    28 
   14    18 
  -18    26 
   -4   -20 
   20    28 
    6   -30 
  -10     2 
  -22   -22 
   34   -14 
  -16   -12 
  -32    12 
   18    26 
  -30     2 
   12   -28 
   16     4 
    6    34 
  -14    10 
   34     2 
  -38   -38 
    4   -20 
   20   -36 
   12    12 
   36     4 
    4   -28 
   36    28 
  -38    -6 
  -18   -38 
  -36    12 
   44   -20 
   18    34 
  -36   -12 
