1 2
100
    1 
   -6 
    3 
    3 
    1 0 
   -6 
  -54 13 
    1 0 
  -27 -54 
    0 1 
   -6 

    1 
   -1 

    0 
    0 
    0 
    0 
    0 
    0 
    0 
   -7 
    8 
    5 
    0 
    0 
    5 
    5 
    2 
    0 
    0 
   11 
  -16 
  -10 
   17 
    0 
    0 
    0 
    0 
  -19 
   14 
    0 
    0 
    0 
    0 
    0 
    0 
    0 
    0 
  -16 
  -16 
   17 
  -25 
   23 
    0 
    0 
   23 
   23 
   29 
   29 
    0 
    0 
    0 
    0 
   14 
   14 
    0 
    0 
    0 
    0 
    0 
    0 
   32 
  -25 
  -19 
   35 
  -13 
   35 
   32 
   -1 
    5 
   29 
    0 
    0 
    0 
    0 
  -37 
   29 
    0 
    0 
  -31 
   -7 
    0 
    0 
    2 
  -37 
    0 
    0 
    0 
    0 
   41 
   41 
    0 
    0 
    0 
    0 
  -43 
   11 
    0 
    0 
   35 
    8 
   23 
   41 
