5 2
100
    1     1    -1    -1     1 
   24    12     0     0    24 
    6     6     5     3     3 
    1     1     1     1     1 
    1 0     1 0    -3 2    -3 2     1 0 
   24    12    32     8    24 
   47 9    47 9    25 22    25 22    47 9 
    1 0     1 0     1 0     1 0     1 0 
   28 56    28 56   112 -28   112 -28    28 56 
    1 1     1 1     1 -2     1 -2     1 1 
   12     6     1     1    12 

    1     1     1     1     1 
   -1    -1    -1     1    -1 
    1     1    -1     1     1 

    0     0     0     0     0 
   -2    -2    -1     1     1 
    0     0     0     0     0 
   -4     2    -3    -1     5 
    4    -2     0    -2     4 
    4    -2     3     1     1 
    8     2     0    -4    -4 
    6    -6    -2     6     6 
    0    -6    -2     0    -6 
    6     6    -1    -3     3 
    8   -10     6    -4   -10 
    4    10    -6    -2    -2 
    8     2     1    11    -7 
   -4     2     1     5     5 
   -1    -1     1    -1    -1 
   -4   -10     6    -4    14 
   10    10     9    -5     7 
   -4     2     4     8     8 
    8     2   -14    -4    14 
   -6    -6    11     3    -3 
   -6    -6    11    -9    -3 
    6    -6    18     0     6 
    0     6    -9    -9    -3 
   10    10   -15     1     7 
   14   -10    -6     8    14 
   16    -2    17    -5    -5 
   -8    -2   -10   -14    10 
  -12    -6     9    -3    -3 
  -12     6    12     6     0 
  -14    -2     0    -8     4 
    2     2    -9    -1    -1 
    6     6   -12    12    12 
    0    -6     6     0   -18 
  -18     6     3    -3    15 
    6    -6   -18   -12     6 
    8     2    -5   -13    -7 
    2     2    -5     5   -19 
  -20    22   -11     1    25 
  -20    22    16   -20    16 
   -2    10   -10   -14    10 
   -4    14   -15    17   -19 
   16   -14   -24   -26    16 
  -14    10   -13   -23   -17 
  -14    10   -22    22    10 
    8     2   -14     8   -22 
   20     2   -14     8     2 
  -12     6    -9     3    -3 
   18    -6   -12   -30   -12 
    6   -18    -3   -27    21 
   -6    18     0     6   -12 
   -4     2   -28    -4     8 
   -4     2   -10    20   -10 
    6   -18    12   -12    12 
   12    18    15   -21    -3 
  -18   -18     6   -30    18 
   18    18     0   -18     0 
  -10     2   -18   -16   -22 
   10    -2    27   -29    -5 
  -10   -22   -32    -4   -16 
  -16   -22    13    -7    -1 
  -32    22     7    19    13 
   -2    22    25    19   -17 
  -24     6    26    30    -6 
  -24     6   -10    24    -6 
   12   -18    10    18   -30 
   12   -18    -8   -12    24 
  -18    30    14    24     6 
   -6    30   -22   -30    -6 
    0    18   -12   -36   -12 
   12   -18    18    18    18 
  -18   -30    -6    18     6 
   -6    30   -27    21    27 
   -8    34    25    -5    25 
    4    34   -20    -8     4 
  -10   -10   -18    32     2 
   -2    10    15     1    19 
  -28    26     5    35   -25 
   20    26    23   -19   -19 
   20    14     0    32     8 
   -2   -14     0   -20    28 
   -8    -2   -25   -23   -11 
   -8    -2    11   -23    25 
  -12     6    36    12    24 
  -12    -6   -15   -21     9 
  -38    10    15   -11    -5 
    2   -10   -24     8   -40 
   10    10     8    -2     4 
  -38    10    26    22   -38 
    4   -26    12     4     4 
   26    26   -36   -40    20 
  -24     6    12     0     0 
   12    -6   -12   -36    12 
   28    34     4    -2   -20 
    4    34   -32    16    40 
  -12     6    30    36   -30 
  -24    -6    18     6    30 
    4    22   -38    22   -14 
   34    22   -20    22   -44 
  -10   -46    17   -19    17 
   28    22    19     1    -5 
