6 4
200
    1    -1     1     1    -1     1 
    0     0    12   -28     0   -64 
   16    12     6    14    12     8 
    1     1     1     1     1     1 
   -3 2    -1 6     1 0     1 0    -1 6     1 0 
   16    64    12   -28    16   -64 
  -15 23   -15 23    69 23   -15 23   -15 23   -15 23 
    1 0     1 0    -1 1     1 0     1 0     1 0 
    0 84     0 84   -84 -84     0 84     0 84     0 84 
    3 -1     3 -1     3 -1     3 -1     3 -1     3 -1 
   -1     1     1    -2    -1    -5 

    1    -1     1     1    -1     1 
    1     1     1    -1    -1    -1 
    1     1     1    -1    -1    -1 
   -1    -1    -1    -1    -1    -1 

    0     0     0     0     0     0 
   -1    -1    -1     1     1     1 
   -1    -1    -1     1     1     1 
   -4     0     6    -2     0     4 
   -4     0     6    -2     0     4 
   -6     6     0    -4    -2     2 
   -6     6     0    -4    -2     2 
   -4     4     4     4    -4     4 
   -4     4     4     4    -4     4 
   -6    -6   -10     6    -6    -6 
    2   -10    12     0    -2    -6 
    2   -10    12     0    -2    -6 
    4   -12     4     4     4     4 
    4   -12     4     4     4     4 
    1     1     1     1     1     1 
  -12    -4     0     8   -12    -4 
  -12    -4     0     8   -12    -4 
   -4   -12    -8     8   -12    -4 
   -4   -12    -8     8   -12    -4 
   -6     2   -10    -2   -14    10 
   -6     2   -10    -2   -14    10 
   12    -4    12     4   -12     4 
   12    -4    12     4   -12     4 
  -14     6    12     0    -2    -6 
  -14     6    12     0    -2    -6 
   18    10   -10    -2    10   -14 
   18    10   -10    -2    10   -14 
   -4   -16     6   -18     0   -12 
   -4   -16     6   -18     0   -12 
  -14   -14    -6    10    18   -14 
  -14   -14    -6    10    18   -14 
   -4    12   -12    -4     4    20 
   -4    12   -12    -4     4    20 
   -6   -14     6    -2     2    10 
   -6   -14     6    -2     2    10 
  -12     4     4    -4    12    -4 
  -12     4     4    -4    12    -4 
   -4     4    16    16    20   -20 
   -4     4    16    16    20   -20 
  -22   -22   -22    10    10    10 
    4     0    -6    18    16    12 
    4     0    -6    18    16    12 
    2    18   -10   -10    18     2 
    2    18   -10   -10    18     2 
   -4    12     4     4   -20   -20 
   -4    12     4     4   -20   -20 
   12   -12   -24     0   -20   -12 
   12   -12   -24     0   -20   -12 
   -6    18     6    14     2   -22 
   -6    18     6    14     2   -22 
    2   -22   -10    14    10     2 
    2   -22   -10    14    10     2 
   20   -20     0    24    20    12 
   20   -20     0    24    20    12 
   26    14   -12   -24     6   -30 
   26    14   -12   -24     6   -30 
  -22   -30   -18   -10    18    26 
  -22   -30   -18   -10    18    26 
   20    12   -20    -4     4    -4 
   20    12   -20    -4     4    -4 
   -4     4   -20    -4    -4   -28 
   -4     4   -20    -4    -4   -28 
   26    -6    26    10   -22    10 
   26    -6    26    10   -22    10 
    4    20   -20    28     4     4 
    4    20   -20    28     4     4 
  -14   -30   -22    -6     2    18 
  -14   -30   -22    -6     2    18 
   28     8    18    -6   -24   -12 
   28     8    18    -6   -24   -12 
   10   -10     0    12    30   -30 
   10   -10     0    12    30   -30 
  -12     4   -20    -4   -12    20 
  -12     4   -20    -4   -12    20 
  -30    10     6   -18    -6    18 
  -30    10     6   -18    -6    18 
  -22   -14    14    38    18   -22 
  -22   -14    14    38    18   -22 
   12    36    24     0   -20    36 
   12    36    24     0   -20    36 
  -14    34    26    26   -14     2 
  -14    34    26    26   -14     2 
  -36    40   -30   -38    -8     4 
  -36    40   -30   -38    -8     4 
  -30    34   -30   -14    34    34 
  -30    34   -30   -14    34    34 
   10    10   -22    10    10    10 
   10    10   -22    10    10    10 
  -36     4     0     8   -36   -28 
  -36     4     0     8   -36   -28 
  -20   -24    18    42    24   -12 
  -20   -24    18    42    24   -12 
   -4    -4     4    20    -4    44 
   -4    -4     4    20    -4    44 
   18   -18     0    12     6    -6 
   18   -18     0    12     6    -6 
   20   -12     4    28   -20   -20 
   20   -12     4    28   -20   -20 
  -46   -30   -10   -42   -30    18 
   -4   -28    -8   -24    20    12 
   -4   -28    -8   -24    20    12 
   -4   -12     0    -8    -4   -44 
   -4   -12     0    -8    -4   -44 
   10    18     6    30   -30    -6 
   10    18     6    30   -30    -6 
    4    -4    40    24   -20   -12 
    4    -4    40    24   -20   -12 
   34    18   -22   -38    18    34 
   34    18   -22   -38    18    34 
  -28   -36    24   -32   -28    28 
  -28   -36    24   -32   -28    28 
   -6     6    48    12   -18    18 
   -6     6    48    12   -18    18 
   -6   -22     2   -46    10    26 
   -6   -22     2   -46    10    26 
   -6    18   -18    38   -30   -22 
   -6    18   -18    38   -30   -22 
   20   -12   -20    20    12    44 
   20   -12   -20    20    12    44 
   18    26   -18   -10    10     2 
   18    26   -18   -10    10     2 
  -20    20     4   -44    -4     4 
  -20    20     4   -44    -4     4 
  -12    24     6    -2    -8    28 
  -12    24     6    -2    -8    28 
   34   -46   -34   -34   -14     2 
   34   -46   -34   -34   -14     2 
   12    40    42   -30    24   -12 
   12    40    42   -30    24   -12 
  -20   -36     4    28   -44     4 
  -20   -36     4    28   -44     4 
  -36   -28   -32     0    20    12 
  -36   -28   -32     0    20    12 
   18     6   -36    32   -18   -22 
   18     6   -36    32   -18   -22 
    2   -14    26   -38    34   -14 
    2   -14    26   -38    34   -14 
   44   -20     4    12   -28    36 
   44   -20     4    12   -28    36 
   42    26   -54    10    -6    10 
   42    26   -54    10    -6    10 
  -44     4   -20   -28   -36    44 
  -44     4   -20   -28   -36    44 
   12   -16     6   -18     0    36 
   12   -16     6   -18     0    36 
  -54   -22   -22   -54    42   -54 
  -14    38    12   -48   -18    42 
  -14    38    12   -48   -18    42 
  -44    44     4   -44    20   -20 
  -44    44     4   -44    20   -20 
   -6   -42    24    36    -2    18 
   -6   -42    24    36    -2    18 
   28    -4     4   -44    -4   -20 
   28    -4     4   -44    -4   -20 
    4    52     4   -12   -44   -12 
    4    52     4   -12   -44   -12 
   26    30    12    48   -26    18 
   26    30    12    48   -26    18 
   42    10     2     2   -54   -22 
   42    10     2     2   -54   -22 
  -44    24    30   -10    56    -4 
  -44    24    30   -10    56    -4 
   26   -38    42   -22    58    26 
   26   -38    42   -22    58    26 
  -62     2     2   -62     2   -62 
  -12   -28   -12   -36    -4    12 
  -12   -28   -12   -36    -4    12 
  -30   -22     6    30    -6    18 
  -30   -22     6    30    -6    18 
  -14   -30    14    14   -30    50 
  -14   -30    14    14   -30    50 
   12    16    30    38    32   -28 
   12    16    30    38    32   -28 
  -22    42   -10     6    10   -54 
  -22    42   -10     6    10   -54 
    2    14   -24     4   -10   -38 
    2    14   -24     4   -10   -38 
  -28   -20    16   -48   -20    36 
  -28   -20    16   -48   -20    36 
   60    12   -60   -20   -44     4 
   60    12   -60   -20   -44     4 
  -46    14     0   -20    22    10 
  -46    14     0   -20    22    10 
   -4    60    28   -44    52   -44 
   -4    60    28   -44    52   -44 
   10   -22    38   -42    42   -54 
   10   -22    38   -42    42   -54 
  -14    26   -58    46   -22    34 
  -14    26   -58    46   -22    34 
   60     0     6   -18    48   -12 
   60     0     6   -18    48   -12 
   28    -4   -20   -52    28    44 
   28    -4   -20   -52    28    44 
  -28    56   -42    30     8    60 
  -28    56   -42    30     8    60 
   18    30   -24   -28     6   -22 
   18    30   -24   -28     6   -22 
   50   -62    62   -34   -62    50 
   50   -62    62   -34   -62    50 
   -6    62    12     0    22   -30 
