7 0
200
    1     1    -1    -1    -1     1     1 
   56   -64     0     0     0   -40    32 
   14     8     8    16    16    10     8 
    1     1     1     1     1     1     1 
    1 0     1 0    -3 2    -3 2    -3 2     1 0     1 0 
   56   -64    16    32    32   -40    32 
   -3 -31    -3 -31    -3 -31    -3 -31    -3 -31   -39 23    -3 -31 
    1 0     1 0     1 0     1 0     1 0     0 1     1 0 
  -72 -90   -72 -90   -72 -90   -72 -90   -72 -90   108 36   -72 -90 
    3 -1     3 -1     3 -1     3 -1     3 -1     3 -1     3 -1 
    4     1     1    -1    -1    -6     1 
    0     0     0     0     0     0     0 
    0     0     0     0     0     0     0 

   -1    -1     1    -1    -1    -1     1 
   -1    -1     1    -1     1     1    -1 
   -1    -1     1    -1     1    -1    -1 
    1     1     1    -1    -1    -1    -1 

    0     0     0     0     0     0     0 
    0     0     0     0     0     0     0 
    0     0     0     0     0     0     0 
   -1    -1    -1     1     1     1     1 
   -2     4     4    -4    -4     2     4 
    4    -2     0    -2     0     6     6 
    0     6    -4    -2     4     4     6 
    8    -4     0    -4     0    -6    -4 
    4     4    -4     4    -4     8    -4 
   -8    10    -2     2    -2    -2     2 
    2   -10    -8     6     8     2     6 
   -2    -2     4    -2    -4     2   -10 
  -12    12     4    -4     4     4   -12 
   10     4    -8    -4    -8    -2    -4 
    2     2    -6    10    -6   -12     2 
    0    12     0     4     0    12    -4 
    8    -4     0    12     0    -6    12 
   -8     4     4   -12     4     4    12 
    4     4   -12     4   -12    12    12 
    6    -6    14     2    14    -4    10 
    6    -6   -10    10   -10   -10    10 
   -4    -4    -4   -12     4     4     4 
   -4    -4    12   -12   -12    12   -12 
   -6   -18    12   -10   -12    18     6 
   14    14    -4   -18     4   -14     6 
  -12    18    -2   -14    -2     4    10 
   -8   -14    -2     2    -2     4    -6 
    6    12    -8   -20     8   -16     4 
    8    -4   -16    -4    16    10    -4 
   18     6   -12    -2    12   -18   -18 
    2   -10    12   -10   -12     6    14 
  -12   -12     0    12     0     0    20 
   12   -12     8    12    -8     4   -12 
   -8    -2   -12     6    12     0   -18 
   18   -18    -4    14     4    -2     6 
    0    12   -20    12   -20     4     4 
   12   -12    -8    -4    -8    16   -12 
   14    -4   -16     4   -16    14   -12 
  -12    12    -8   -20    -8   -14    -4 
   16    10    10    -6    10    -8     2 
   16     4    16    -4   -16    -4   -12 
  -20     4    16    20   -16   -10    20 
    4   -14   -22   -22   -22    14    -6 
   14     2   -14    18   -14   -14   -14 
   12   -12    20   -28    20    -4    12 
   -6    12    -8   -20    -8   -20   -12 
   18    12     4   -12    -4   -22    12 
   16   -20     4   -12    -4     8   -12 
  -22    14   -12    14    12    -6   -10 
  -26   -26   -24     6    24    18    22 
  -22     2   -18     2   -18   -18   -14 
   -4     2   -26   -22   -26    22   -22 
   20    20    20    12   -20    16    -4 
    0   -12    20   -20   -20     4    12 
  -26    22     4    14    -4   -10    14 
   -2    22   -12    22    12     6    -2 
   22    -2   -12   -10    12    18    22 
  -18     6    16   -10   -16   -16     6 
   12    12    -4    12    -4    20     4 
   26    20    -8   -28    -8   -20   -20 
   28     4    12     4    12    12    12 
    0    12     8   -28     8   -28    28 
  -18    -6    -6    10    -6     6    10 
    6    -6    10   -22    10   -26    10 
   22     4    32    20    32    20   -20 
   20    20     8    12     8   -28   -12 
    2     2   -18   -14   -18   -18   -14 
   10    34    22    10    22    16   -30 
   -4    20    -4    -4     4     4    12 
    0   -12    12    12   -12   -24    12 
   26    14   -24    30    24     0   -18 
  -30   -18   -24   -18    24    -6    30 
    8   -28    -8   -28    -8   -14   -12 
    2    20    16   -20    16    10    12 
  -28    14    -8   -18     8   -22     6 
  -30    30    32   -18   -32    10    30 
  -14   -38   -26    26   -26   -14    -6 
   -4   -22     6   -22     6   -36     2 
    0    12    36   -12   -36     0    20 
  -24    12   -12   -28    12   -12    20 
  -14   -14     2   -14     2    26    18 
  -26   -14   -14    18   -14    -2     2 
   24   -12   -20    28    20    -4    12 
   28     4   -36   -36    36    24    -4 
   36     6    20   -18   -20    -8     6 
   18     6    36   -26   -36    30   -18 
   22    10     6    10     6   -18    26 
   -8   -38   -26    10   -26    28     2 
  -18   -36     4   -12    -4   -22   -20 
  -12    12    36   -12   -36    12   -28 
  -12    12    -8   -20     8    38   -20 
   10    28    16    -4   -16    20    20 
   20    -4    24   -44    24    24    12 
   14    -4     8    12     8    20     4 
   14   -10   -24   -42    24     6   -10 
  -24     6   -16    38    16   -14    -2 
   34     4    16    -4    16   -14    28 
  -20   -20    -4   -36    -4    20   -28 
   34   -14    18     2    18     6    18 
   -8    28   -16    -4   -16   -22   -20 
  -16    20     4    20     4   -32    -4 
    2    -4   -44     4    44   -22   -36 
   -4    44     4    36    -4    -4   -12 
    0    30    28    22   -28    32    -2 
  -36   -42    32    38   -32    -2    -2 
   20    44    44   -20    44    -4     4 
   32   -28   -32    12   -32    40    20 
   30    18    10   -38    10    16     2 
   22   -14    -6    10    -6   -12   -30 
   12   -36    -8   -28     8    44   -36 
  -36    12     8   -36    -8    34    12 
   26    14    32    30   -32   -20   -34 
   18     6   -44    30    44   -10    14 
   22    10    18   -14    18    24    26 
  -10    26    10    10    10    22   -38 
   34    -2    12    30   -12   -18    22 
    6   -18     4    38    -4     2    38 
    8    -4    -4    28    -4    20     4 
  -36    12   -12    44   -12    12   -12 
   28    -2   -40   -18    40    10   -42 
  -14    -2    24    14   -24    18   -18 
  -28   -28   -20     4   -20    40    28 
   16   -44   -12   -28   -12    36   -36 
  -10    20     0   -12     0     0    12 
   12   -12    24    36   -24     6   -12 
   10    34    34   -30    34   -14   -30 
  -28     2   -14    34   -14    -8    10 
  -12    36     4   -20    -4    20   -20 
   16     4     4   -20    -4   -40    -4 
  -36   -12   -20    36   -20   -32    -4 
   20   -28   -28     4   -28   -28    28 
   22    28   -16   -36   -16    20    52 
   28   -44    20     4    20    44   -20 
  -28    14   -12    22    12     0    46 
    0     6    40    38   -40    14   -18 
  -42   -30     2    50     2   -34    50 
   20    50    10   -22    10   -26    -6 
  -22    -4   -16     4   -16     2   -44 
   44   -28    12     4    12   -24    12 
   22   -26   -16     6    16    22   -42 
    6    30   -28    30    28    22   -42 
    4   -20    12   -20    12    24     4 
  -10    20   -40    -4   -40    14    44 
   -4   -52     0   -12     0    36    12 
   36   -36    56    36   -56    52    28 
   30    -6    38    10    38   -10    26 
   46    22   -48   -42    48     6     6 
    6   -18   -12   -18    12   -42    38 
   44    20   -40    20   -40   -34    36 
  -18    36   -48    28   -48    30    28 
  -42   -18     0    14     0     0   -18 
   50   -34    24    14   -24   -30    46 
   -8    52    -4    52    -4    20    44 
   20    20   -20     4   -20   -32   -36 
   24   -36    -4    28    -4   -40    20 
  -12    12   -12    12   -12   -12   -28 
  -12   -42   -36   -18    36   -48     6 
   -6     6   -12   -26    12   -30   -18 
  -10   -22   -38   -22   -38    34    10 
    6   -54    10    42    10    -2    -6 
   12    36   -24    12    24     0     4 
    2   -28     8     4    -8    52    -4 
   50    14    52   -50   -52    14    22 
   -6   -42    16     6   -16   -46    54 
  -10     2     2    34     2    26     2 
   36   -12    52   -20   -52    20   -20 
  -40   -28   -12   -20    12   -24    -4 
  -16   -34   -48    30    48    42    54 
    6   -18   -24   -18    24    54    46 
    0   -30   -34    34   -34   -16    10 
   14   -46    -2   -14    -2   -50   -62 
  -40    44     8    52    -8     4   -36 
  -44   -20     0   -28     0   -12   -52 
   14   -22   -10    42   -10   -10    10 
  -38   -38   -42   -54   -42    -6    10 
  -26    -2   -60    62    60   -30    38 
   30   -18    12   -10   -12   -30    54 
   20    -4    52   -52    52     4   -60 
   40    52    -8    12    -8   -32   -12 
   28    28   -36    52    36   -60    20 
  -16    44   -20   -12    20    -4   -44 
   22    22     0     6     0   -18    22 
    6   -18   -60   -18    60    18   -10 
    8   -28    44     4    44    44    44 
  -44    52    20   -28    20    44    12 
   50    26   -58    -6   -58    26    10 
   20    26   -50   -14   -50    10   -62 
  -58    50    46     2    46   -26    18 
  -10   -46    14    50    14   -22   -46 
   -4    -4    -8   -12     8    56    -4 
   64   -20    64   -28   -64   -52    12 
  -26    28    56    28    56    32    36 
   -4    -4   -24    36   -24   -60   -20 
   16    52    -8   -12     8     2    20 
  -42   -12   -16   -44    16    52   -36 
   -6   -42    48    38   -48    -6    54 
   30   -42   -16     6    16    64   -42 
  -10     2    26    42    26   -40   -14 
  -18    18    66    50    66    -6    50 
  -18     6   -52     6    52    22    62 
