4 10
1000
    1     1     1     1 
  -60   -16   -16   -12 
    5     4     4     3 
    2     1     1     2 
    1 0     1 0     1 0     1 0 
  -60   -16   -16   -12 
  167 -33   167 -33   167 -33   167 -33 
    1 0     1 0     1 0     1 0 
  100 -200   100 -200   100 -200   100 -200 
    1 -1     1 -1     1 -1     1 -1 
  -30    -8    -8    -6 

    1     1     1     1 
   -1    -1    -1    -1 
    1     1     1     1 

    0     0     0     0 
    0     0     0     0 
   -1     0     0     1 
    3    -6    -2     3 
   -3    -2     2    -3 
   -3     2     0     3 
    3    -2     0    -3 
    1     6    -6     1 
    1    -2    -6     1 
    0     0     0     0 
   -9     6     2    -9 
    9    -6    -2     9 
    4    -8     0    -4 
    4    -4     0    -4 
    2    -6    -6     2 
  -12     6   -14   -12 
   12    -6    14    12 
  -11     4     0    11 
  -11   -16     0    11 
   -7    -6     0     7 
   -7     2     0     7 
  -15     4     0    15 
   15     0     0   -15 
    3     6   -14     3 
   -3    10    14    -3 
   14   -10     0   -14 
   14    -2     0   -14 
   -9     8     0     9 
    9    -4     0    -9 
   15    -2     0   -15 
  -15    -6     0    15 
    0     2    22     0 
    0     6   -22     0 
   -9   -10     0     9 
    9    18     0    -9 
   -5    -2   -14    -5 
   -5   -10   -14    -5 
   19   -24     0   -19 
   19     4     0   -19 
   14    10     6    14 
    3    -6   -26     3 
   -3   -10    26    -3 
   -7   -22     0     7 
   -7     2     0     7 
   25   -10   -22    25 
   25   -10   -22    25 
   12   -12     0   -12 
  -12    -8     0    12 
    6   -30     0    -6 
   -6    14     0     6 
    5    14    18     5 
    5    14    18     5 
    9   -22    -2     9 
   -9    30     2    -9 
    6    14     0    -6 
   -6   -22     0     6 
  -18    -6    22   -18 
   18    22   -22    18 
  -11   -16     0    11 
  -11    -4     0    11 
   19   -28     0   -19 
   19   -16     0   -19 
  -22    18     0    22 
  -22   -14     0    22 
   19    10   -18    19 
   19   -22   -18    19 
   -7     2     0     7 
   -7    18     0     7 
  -33    12     0    33 
   33     0     0   -33 
   -6   -22     0     6 
    6    14     0    -6 
   19    -6   -34    19 
   19   -14   -34    19 
   -3   -22   -38    -3 
    3     6    38     3 
  -25    -2    14   -25 
  -25    30    14   -25 
   21    30    26    21 
  -21    18   -26   -21 
   -1   -34     0     1 
   -1    38     0     1 
   39    -4     0   -39 
  -39   -24     0    39 
   -9    18    34    -9 
    9    -2   -34     9 
  -37   -10     0    37 
  -37    22     0    37 
   12    36     0   -12 
  -12     8     0    12 
  -12     6     2   -12 
   12     2    -2    12 
   16   -22     6    16 
   16   -30     6    16 
  -21    -6   -38   -21 
   21     6    38    21 
    1    36     0    -1 
    1   -32     0    -1 
  -46   -10   -26   -46 
    1   -16     0    -1 
    1   -36     0    -1 
   12   -24     0   -12 
  -12   -36     0    12 
    3    30    46     3 
   -3   -14   -46    -3 
  -20   -14   -18   -20 
  -20   -14   -18   -20 
   17    -6     0   -17 
   17   -38     0   -17 
  -15    16     0    15 
   15   -12     0   -15 
   -3    -6     0     3 
    3    14     0    -3 
   41   -42    42    41 
   41    22    42    41 
  -30   -30     0    30 
   30   -18     0   -30 
    4    14   -46     4 
    4    22   -46     4 
  -30   -50     2   -30 
   30   -30    -2    30 
    4    -4     0    -4 
    4    32     0    -4 
   33   -22   -26    33 
  -33   -10    26   -33 
  -10    22     0    10 
  -10    14     0    10 
   -9     8     0     9 
    9    12     0    -9 
   37    26   -42    37 
   37    42   -42    37 
  -20    26    54   -20 
  -20   -14    54   -20 
    3   -38   -22     3 
   -3     6    22    -3 
   -7     2    54    -7 
   -7   -14    54    -7 
   16    -4     0   -16 
   16   -32     0   -16 
   30    26   -26    30 
  -30    22    26   -30 
   28   -34     2    28 
   28    14     2    28 
   -3     8     0     3 
    3   -20     0    -3 
   50    38   -58    50 
   39     6     0   -39 
  -39    18     0    39 
   13   -22    14    13 
   13   -14    14    13 
   18   -30   -58    18 
  -18   -34    58   -18 
  -35    -8     0    35 
  -35    20     0    35 
  -44    40     0    44 
  -44    -4     0    44 
  -18   -30    34   -18 
   18    14   -34    18 
   35    30     0   -35 
   35     6     0   -35 
   12    48     0   -12 
  -12   -44     0    12 
  -39    -6     0    39 
   39    46     0   -39 
   14   -18    62    14 
   57    30   -62    57 
  -57   -38    62   -57 
  -27    26     0    27 
   27   -58     0   -27 
   -1   -34    -6    -1 
   -1    46    -6    -1 
    9   -10   -46     9 
   -9    26    46    -9 
   23   -10     0   -23 
   23    14     0   -23 
  -51    42    14   -51 
   51    38   -14    51 
   49    50    62    49 
   49     2    62    49 
  -45   -26    58   -45 
   45     2   -58    45 
   27   -18     0   -27 
  -27   -30     0    27 
   -5    -8     0     5 
   -5    -4     0     5 
  -43   -46    66   -43 
  -43    50    66   -43 
   35     6     0   -35 
   35    22     0   -35 
   -9    32     0     9 
    9    28     0    -9 
    1   -50   -38     1 
    1    -2   -38     1 
  -15   -32     0    15 
   15     4     0   -15 
   30    46     0   -30 
  -30    18     0    30 
    5   -14   -58     5 
    5    50   -58     5 
   57    42     0   -57 
  -57    30     0    57 
  -19   -34    66   -19 
  -19    -2    66   -19 
   24    30   -14    24 
  -24   -14    14   -24 
   24    -4     0   -24 
  -24    56     0    24 
    6    54    34     6 
   -6    58   -34    -6 
   52   -18    18    52 
   52   -34    18    52 
   62   -62     0   -62 
   62    42     0   -62 
   33   -12     0   -33 
  -33   -48     0    33 
   -1    70   -62    -1 
   -1     6   -62    -1 
    9   -38   -38     9 
   -9    22    38    -9 
  -34    10    54   -34 
   15    30    74    15 
  -15    18   -74   -15 
   45    36     0   -45 
  -45   -72     0    45 
   39     6     0   -39 
  -39    -6     0    39 
  -39   -38    62   -39 
   39   -50   -62    39 
   43    30    74    43 
   43    70    74    43 
   27    26   -58    27 
  -27    54    58   -27 
  -44   -44     0    44 
  -44   -32     0    44 
   59    34   -14    59 
   59   -14   -14    59 
  -69   -22   -34   -69 
   69   -10    34    69 
    9    48     0    -9 
   -9   -12     0     9 
    1    10    78     1 
    1    26    78     1 
  -21    54     0    21 
   21    18     0   -21 
  -60     6   -38   -60 
   60    66    38    60 
  -11    46    66   -11 
  -11    38    66   -11 
   27    66   -62    27 
  -27    30    62   -27 
  -49   -54    26   -49 
  -49    -6    26   -49 
  -27    10   -74   -27 
   27   -58    74    27 
  -35   -52     0    35 
  -35   -48     0    35 
   47   -10     0   -47 
   47    70     0   -47 
   -9   -40     0     9 
    9    12     0    -9 
  -21   -18     0    21 
   21    66     0   -21 
   55    50     6    55 
   55    26     6    55 
   66   -78    82    66 
  -66    30   -82   -66 
  -23    16     0    23 
  -23   -44     0    23 
   25    72     0   -25 
   25   -68     0   -25 
   -1   -18     0     1 
   -1    38     0     1 
  -34   -42     0    34 
  -34     6     0    34 
  -21   -52     0    21 
   21    16     0   -21 
  -10    38   -38   -10 
  -10   -26   -38   -10 
  -21    14   -22   -21 
   21    26    22    21 
  -65   -36     0    65 
  -65    24     0    65 
  -46   -30     0    46 
  -46    58     0    46 
  -42   -74    86   -42 
   42    58   -86    42 
   84   -24     0   -84 
  -84    12     0    84 
  -45   -82     0    45 
   45    18     0   -45 
  -15    66   -82   -15 
   15   -74    82    15 
   36   -42    34    36 
  -36   -54   -34   -36 
  -17    24     0    17 
  -17   -12     0    17 
  -31   -46     0    31 
  -31    34     0    31 
  -39    68     0    39 
   39    56     0   -39 
  -41    -2   -78   -41 
  -41    62   -78   -41 
   17    66     0   -17 
   17   -86     0   -17 
  -36     0     0    36 
   36   -36     0   -36 
  -15    10   -22   -15 
   15    38    22    15 
   16     4     0   -16 
   16   -24     0   -16 
   62   -10    66    62 
   62    70    66    62 
   21    38   -86    21 
  -21    -6    86   -21 
   41     2     0   -41 
   41    34     0   -41 
   51    54   -26    51 
  -51    -6    26   -51 
   28   -18    42    28 
   28    14    42    28 
   29   -38     0   -29 
   29   -70     0   -29 
  -90    54     0    90 
   90   -62     0   -90 
   38    82    78    38 
   38    18    78    38 
  -17   -26    74   -17 
  -17    -2    74   -17 
    4    76     0    -4 
    4    -8     0    -4 
   14    70    86    14 
  -57    40     0    57 
   57   -44     0   -57 
   55   -62    -2    55 
   55    34    -2    55 
   36    32     0   -36 
  -36    60     0    36 
    6     6     0    -6 
   -6   -78     0     6 
   29   -26    58    29 
   29   -26    58    29 
  -93     6     0    93 
   93    34     0   -93 
   12    90    86    12 
  -12    22   -86   -12 
  -23    72     0    23 
  -23    20     0    23 
   43   -22    22    43 
   43    26    22    43 
   38   -18     0   -38 
   38   -66     0   -38 
   75   -66     0   -75 
  -75    66     0    75 
  -33    10   -98   -33 
   33    62    98    33 
   18   -18     0   -18 
  -18   -46     0    18 
   -3   -46    98    -3 
    3    30   -98     3 
   24   -10   -94    24 
  -24    26    94   -24 
  -11   -28     0    11 
  -11   -16     0    11 
  -67    34     0    67 
  -67    58     0    67 
   35   -26   -78    35 
   35     6   -78    35 
   36   -18    58    36 
  -36   -54   -58   -36 
  -35   -78   -34   -35 
  -35    -6   -34   -35 
   63    50   -74    63 
  -63   -66    74   -63 
   35   -74     0   -35 
   35    70     0   -35 
   21    62    14    21 
  -21   -14   -14   -21 
  -94   -38     0    94 
  -94    42     0    94 
   75   -34     0   -75 
  -75   -70     0    75 
    9    66     0    -9 
   -9   102     0     9 
   40   -66   -86    40 
   40     6   -86    40 
  -92   -20     0    92 
  -92    32     0    92 
   95   -74    54    95 
   95   -74    54    95 
    9    78   -94     9 
   -9    18    94    -9 
   31   -68     0   -31 
   31   -48     0   -31 
  -25    46     0    25 
  -25   -50     0    25 
  -45    -6   -26   -45 
   45   -10    26    45 
  -83    30   -78   -83 
  -83   -34   -78   -83 
  -63    66     0    63 
   63   -18     0   -63 
  -15   -78     0    15 
   15   -42     0   -15 
   30     6   -58    30 
  -30    42    58   -30 
   52   -32     0   -52 
   52  -100     0   -52 
 -106   -74    74  -106 
  -15   -54  -106   -15 
   15   -90   106    15 
   77   -54     0   -77 
   77  -102     0   -77 
   39    92     0   -39 
  -39    72     0    39 
  -32   -30   102   -32 
  -32    66   102   -32 
  -43    50     0    43 
  -43    10     0    43 
  -63   -62     0    63 
   63   -66     0   -63 
   69    46   -14    69 
  -69    82    14   -69 
   -7   -46     0     7 
   -7    82     0     7 
  -84   -12     0    84 
   84    80     0   -84 
   87    26   106    87 
  -87   -10  -106   -87 
    1    22    18     1 
    1     6    18     1 
   65    70   -42    65 
   65    70   -42    65 
    9    78   -22     9 
   -9   -54    22    -9 
   43    34    94    43 
   43    42    94    43 
   57   -18    98    57 
  -57   -94   -98   -57 
  -55   -22   -66   -55 
  -55  -102   -66   -55 
  -68    48     0    68 
  -68   -76     0    68 
    0    32     0     0 
    0     4     0     0 
  -57    18    46   -57 
   57    30   -46    57 
  -13   -46    82   -13 
  -13    82    82   -13 
    9   -78     0    -9 
   -9   -90     0     9 
   79    84     0   -79 
   79    40     0   -79 
   26    98  -106    26 
   26    50  -106    26 
   52  -112     0   -52 
   52    52     0   -52 
   99   -84     0   -99 
  -99    80     0    99 
  -42    62    94   -42 
   42    18   -94    42 
  -58    86     0    58 
  -58    54     0    58 
   45   -58   -38    45 
  -45   -78    38   -45 
   -9   -34     0     9 
    9   -46     0    -9 
   64   -14  -114    64 
   64    74  -114    64 
   12   -66   106    12 
  -12    18  -106   -12 
   25     0     0   -25 
   25    20     0   -25 
  -82    50     0    82 
  -82    66     0    82 
   21    32     0   -21 
  -21   108     0    21 
  -51    34   -74   -51 
   51   -18    74    51 
  109    38    42   109 
  109    70    42   109 
  -57    80     0    57 
   57    84     0   -57 
   47    30   -22    47 
   47    62   -22    47 
  -45   -30   -82   -45 
   45   -26    82    45 
   -7   -46     0     7 
   -7    98     0     7 
    6    70  -106     6 
   -6   -22   106    -6 
  -97    70     0    97 
  -97   -98     0    97 
   93   -40     0   -93 
  -93    84     0    93 
   33    42   118    33 
  -33    78  -118   -33 
  -23    86   114   -23 
  -23   -50   114   -23 
  -55   -38   -34   -55 
  -55   -22   -34   -55 
   12    58    86    12 
  -12   102   -86   -12 
  -53   -72     0    53 
  -53    36     0    53 
 -113   -70   118  -113 
 -113   -70   118  -113 
   54   -74     0   -54 
  -54   -46     0    54 
  -21     6     0    21 
   21    42     0   -21 
  -77    92     0    77 
  -77   -80     0    77 
  -27    34    14   -27 
   27    -2   -14    27 
   62    94     0   -62 
   62  -106     0   -62 
  115   -10    18   115 
  115   -58    18   115 
   53    98     0   -53 
   53    58     0   -53 
  110   -86   122   110 
   49   -34   114    49 
   49   -10   114    49 
   81     2  -122    81 
  -81   -34   122   -81 
  -13    -2    46   -13 
  -13    30    46   -13 
  -75    90   -26   -75 
   75     6    26    75 
 -103   -22     0   103 
 -103   -14     0   103 
   27   -88     0   -27 
  -27  -108     0    27 
    3     6     0    -3 
   -3  -102     0     3 
  -12   -58   -62   -12 
   12    66    62    12 
   51    -6   122    51 
  -51   -90  -122   -51 
   -1     2   114    -1 
   -1   -14   114    -1 
  100   100     0  -100 
  100    32     0  -100 
   84    12     0   -84 
  -84   -48     0    84 
   18    38    74    18 
  -18   -54   -74   -18 
   64  -118   -82    64 
   64    10   -82    64 
  -72    28     0    72 
   72   -72     0   -72 
  123   -14     2   123 
 -123   -50    -2  -123 
  -23   -12     0    23 
  -23    48     0    23 
   36    54   106    36 
  -36    74  -106   -36 
   61   -24     0   -61 
   61    76     0   -61 
   78   -94    14    78 
  -78   -18   -14   -78 
  -44   -78   -42   -44 
  -44   -62   -42   -44 
 -103   -22     0   103 
 -103   -78     0   103 
   18    18     0   -18 
  -18    22     0    18 
   75    -2    98    75 
  -75    74   -98   -75 
   52    50    86    52 
   52    -6    86    52 
 -103    30   126  -103 
 -103   -82   126  -103 
 -117    74    46  -117 
  117   -90   -46   117 
   74   106     0   -74 
   74   -62     0   -74 
   98   -54     0   -98 
   98   -22     0   -98 
  -22    50   -62   -22 
  -22    18   -62   -22 
  -21   -50   122   -21 
   21    -6  -122    21 
  123    14     0  -123 
 -123   -30     0   123 
  -68    14  -126   -68 
  -68   -10  -126   -68 
   -3    -2    82    -3 
    3  -110   -82     3 
  -92    96     0    92 
  -92    68     0    92 
   45    30    74    45 
  -45     2   -74   -45 
  -19   -14     0    19 
  -19   -62     0    19 
    9  -108     0    -9 
   -9   104     0     9 
  -42    18   -34   -42 
   42    30    34    42 
   86    70     0   -86 
   86   -98     0   -86 
  -18   -18     0    18 
   18    34     0   -18 
  100   -70    54   100 
  100    18    54   100 
  -95    -4     0    95 
  -95    80     0    95 
   81   -10    86    81 
  -81  -102   -86   -81 
   29   -26   -42    29 
   29    38   -42    29 
   87    70    58    87 
  -87     2   -58   -87 
  114   -38     0  -114 
 -114    54     0   114 
    3   -50  -118     3 
   -3   -78   118    -3 
   52    56     0   -52 
   52   124     0   -52 
  -71   -20     0    71 
  -71     8     0    71 
  -22   106     0    22 
  -22    74     0    22 
  -45    48     0    45 
   45    -4     0   -45 
  -69   -36     0    69 
   69   -72     0   -69 
   95   134   102    95 
   95   102   102    95 
  133   -32     0  -133 
  133    28     0  -133 
  -60   -80     0    60 
   60    36     0   -60 
   69   102  -134    69 
  -69    42   134   -69 
   13   -58    98    13 
   13  -122    98    13 
    5    66     0    -5 
    5     2     0    -5 
 -123   -22     0   123 
  123    54     0  -123 
  111    50   118   111 
 -111   102  -118  -111 
  -78   -66   122   -78 
   78   -62  -122    78 
  -41    80     0    41 
  -41   100     0    41 
   83    -6    54    83 
   83    26    54    83 
    9    20     0    -9 
   -9    80     0     9 
   -9  -106     0     9 
    9   114     0    -9 
   23   -82   138    23 
   23  -114   138    23 
  -45    30     0    45 
   45   122     0   -45 
   15    78    14    15 
  -15  -126   -14   -15 
  117    18  -122   117 
 -117  -122   122  -117 
    3   -50     0    -3 
   -3   -78     0     3 
   65   -78  -126    65 
   65    50  -126    65 
  127    44     0  -127 
  127    56     0  -127 
  107   -10     0  -107 
  107    22     0  -107 
   -9    28     0     9 
    9   120     0    -9 
   30   114   -26    30 
  -30   -98    26   -30 
  100    46   138   100 
  100   -34   138   100 
  -34     2  -142   -34 
   84   -54   142    84 
  -84   -66  -142   -84 
   91    46   106    91 
   91   -26   106    91 
   54   -78  -142    54 
  -54    30   142   -54 
 -117   114    94  -117 
  117   126   -94   117 
   88   -48     0   -88 
   88   -12     0   -88 
   -7   -14     0     7 
   -7  -118     0     7 
   21    52     0   -21 
  -21   -72     0    21 
   -3   -54     0     3 
    3    38     0    -3 
   81   122   118    81 
  -81    62  -118   -81 
   79    22  -126    79 
   79   -50  -126    79 
   59   -26   114    59 
   59  -106   114    59 
  -32   -92     0    32 
  -32    64     0    32 
    2     6     0    -2 
    2     6     0    -2 
   57    -6     0   -57 
  -57    30     0    57 
  -22   -70    42   -22 
  -22   -38    42   -22 
  -63   -38     0    63 
   63   126     0   -63 
  133    24     0  -133 
  133   -76     0  -133 
  -53  -112     0    53 
  -53   -68     0    53 
   36     0     0   -36 
  -36   -60     0    36 
  -27    42     0    27 
   27   -66     0   -27 
   63   -42     0   -63 
  -63  -126     0    63 
 -116    94   146  -116 
 -116   -42   146  -116 
  -30   106  -118   -30 
   30   -26   118    30 
 -125   -36     0   125 
 -125     0     0   125 
  -43   -30   -94   -43 
  -43    66   -94   -43 
   27   -36     0   -27 
  -27    96     0    27 
   27   -96     0   -27 
  -27    60     0    27 
  110   -50   -78   110 
  110    14   -78   110 
  -15   102  -142   -15 
   15  -110   142    15 
  -71  -132     0    71 
  -71    56     0    71 
    5   -54   -54     5 
    5    74   -54     5 
   17  -134   -98    17 
   17    90   -98    17 
   -3   106    38    -3 
    3   -98   -38     3 
  -42   -10     0    42 
   42    66     0   -42 
   67   142  -126    67 
   67   -90  -126    67 
  124    76     0  -124 
  124    56     0  -124 
   29   122  -146    29 
   29    74  -146    29 
   65   130     0   -65 
   65   -38     0   -65 
  100    38    74   100 
  100  -114    74   100 
  -42   -70    62   -42 
   42   -26   -62    42 
   52     4     0   -52 
   52   -56     0   -52 
   24   -40     0   -24 
  -24   -44     0    24 
 -141   -38    86  -141 
  141  -106   -86   141 
   79   -10  -142    79 
   79   -42  -142    79 
   86   142     0   -86 
   86   -58     0   -86 
  -84  -100     0    84 
   84    16     0   -84 
  119  -118    22   119 
  119   -22    22   119 
 -126  -150     0   126 
  126   -34     0  -126 
  -17   100     0    17 
  -17    88     0    17 
  141   138  -154   141 
 -141    54   154  -141 
   41  -102     0   -41 
   41   -14     0   -41 
  -39   -84     0    39 
   39     0     0   -39 
   60    -6   -98    60 
  -60    30    98   -60 
  -29   -56     0    29 
  -29    44     0    29 
   28    24     0   -28 
   28   -20     0   -28 
   95    46     0   -95 
   95    -2     0   -95 
   -6     6  -154    -6 
    6   -54   154     6 
  -17    70    82   -17 
  -17   -10    82   -17 
    9    42     0    -9 
   -9    22     0     9 
  -73   -38    38   -73 
  -73  -102    38   -73 
  108    94    58   108 
 -108  -102   -58  -108 
  -53   -44     0    53 
  -53   -48     0    53 
  132  -132     0  -132 
 -132    96     0   132 
   73   -70   102    73 
   73    26   102    73 
    5    34     0    -5 
    5   -14     0    -5 
   50    30   158    50 
   54   -82     0   -54 
  -54   -30     0    54 
   15   118   -14    15 
  -15   -86    14   -15 
  -69  -136     0    69 
   69  -116     0   -69 
   -9   126  -146    -9 
    9    18   146     9 
  -37   -34     0    37 
  -37    38     0    37 
  -51    18     0    51 
   51    86     0   -51 
   77   114   -78    77 
   77   -46   -78    77 
 -116   146   -66  -116 
 -116  -150   -66  -116 
   16    32     0   -16 
   16   108     0   -16 
  -78   -54  -134   -78 
   78   -26   134    78 
  -44    74  -138   -44 
  -44   138  -138   -44 
   99   -18     0   -99 
  -99   -70     0    99 
  119   -78  -142   119 
  119   -14  -142   119 
 -132    50   158  -132 
  132   -58  -158   132 
 -150   114    82  -150 
  150    30   -82   150 
  149    78  -126   149 
  149    78  -126   149 
   13  -116     0   -13 
   13   152     0   -13 
   26   110     0   -26 
   26   134     0   -26 
   51    68     0   -51 
  -51    96     0    51 
   15   -38   154    15 
  -15   150  -154   -15 
  -71   -30  -162   -71 
  -71   146  -162   -71 
  -37   118     0    37 
  -37   -50     0    37 
  -65   -26   -94   -65 
  -65    -2   -94   -65 
 -105    62    74  -105 
  105  -126   -74   105 
   83   -34     0   -83 
   83    22     0   -83 
   57    26   -86    57 
  -57    54    86   -57 
  -92    70    42   -92 
  -92   -90    42   -92 
 -147     2     0   147 
  147   -66     0  -147 
  -90   -14     2   -90 
   90   -98    -2    90 
   49  -124     0   -49 
   49    -8     0   -49 
  108  -154   -46   108 
 -108    26    46  -108 
   59    14     0   -59 
   59    54     0   -59 
   57    84     0   -57 
  -57   -48     0    57 
   36   -76     0   -36 
  -36   -40     0    36 
  117    26     0  -117 
 -117  -138     0   117 
   26   -78    18    26 
   26    50    18    26 
   75   -18     0   -75 
  -75    98     0    75 
  -95  -108     0    95 
  -95   -48     0    95 
  -51  -142   166   -51 
   51    30  -166    51 
   13   -88     0   -13 
   13   -92     0   -13 
  -81    68     0    81 
   81    48     0   -81 
 -115   138   122  -115 
 -115    10   122  -115 
   75   -46   -82    75 
  -75    54    82   -75 
    6   -90     0    -6 
   -6   -70     0     6 
  111   -42  -142   111 
 -111   -22   142  -111 
  -75   -34   146   -75 
   75   130  -146    75 
   73    72     0   -73 
   73   116     0   -73 
  -57   -24     0    57 
   57   108     0   -57 
   26   -22     0   -26 
   26    34     0   -26 
   45    18    38    45 
  -45   -50   -38   -45 
  -70   102   -74   -70 
  -70  -106   -74   -70 
   83   -34     0   -83 
   83   142     0   -83 
 -132  -132     0   132 
  132    80     0  -132 
    6    66     0    -6 
   -6  -138     0     6 
  132   -22    62   132 
 -132   -50   -62  -132 
   73   -58   106    73 
   73   -82   106    73 
    4   -44     0    -4 
    4  -104     0    -4 
  -39   116     0    39 
   39    88     0   -39 
  -46   -46     0    46 
  -46   -22     0    46 
  -12     0     0    12 
   12  -140     0   -12 
 -106    58   138  -106 
 -106   -70   138  -106 
   33  -130   122    33 
  -33    10  -122   -33 
   86   -54  -154    86 
   86   106  -154    86 
   29    98     0   -29 
   29   114     0   -29 
  151    42    22   151 
  151    26    22   151 
  101  -134     0  -101 
  101   -86     0  -101 
  -54    50     0    54 
   54     6     0   -54 
  111   170   158   111 
 -111    62  -158  -111 
   33  -150     0   -33 
  -33   -26     0    33 
  -59  -110   -26   -59 
  -59    -6   -26   -59 
  117   -42  -118   117 
 -117    26   118  -117 
  -82   154   -54   -82 
  -82   -70   -54   -82 
   -3   130    94    -3 
    3    62   -94     3 
  109    48     0  -109 
  109    92     0  -109 
   93   140     0   -93 
  -93    56     0    93 
  141   -90   166   141 
 -141    42  -166  -141 
 -103    98     0   103 
 -103   -54     0   103 
  -60    92     0    60 
   60  -152     0   -60 
 -118   -38  -162  -118 
 -118    90  -162  -118 
  -87  -118     0    87 
   87    22     0   -87 
   37   140     0   -37 
   37  -128     0   -37 
   36   108     0   -36 
  -36    96     0    36 
  -75   146  -106   -75 
   75    94   106    75 
  -42     6     0    42 
   42    50     0   -42 
  155    50   158   155 
  155    82   158   155 
  -21   126    98   -21 
   21   -22   -98    21 
  133   106   166   133 
  133  -158   166   133 
  -92   -80     0    92 
  -92  -116     0    92 
  110   -26     0  -110 
  110   -34     0  -110 
  123   -26     0  -123 
 -123  -174     0   123 
 -153   -18     0   153 
  153     2     0  -153 
   75    66     2    75 
  -75  -162    -2   -75 
   73    48     0   -73 
   73    92     0   -73 
  -94  -118     0    94 
  -94   -62     0    94 
   39   -76     0   -39 
  -39    48     0    39 
   39  -120     0   -39 
  -39    84     0    39 
  -30   -66     0    30 
