2 0
100
    1    -1 
    0     0 
    3     3 
    1     1 
   -3 4     5 6 
   64   192 
   23 30   -42 -19 
   -1 0     1 0 
  -45 -60  -165 -15 
    2 0     3 -1 
    8     2 

    1     1 
    1    -1 
    1     1 
   -1    -1 

    0     0 
   -1    -1 
   -1     1 
   -6     2 
    0    -4 
   -6     2 
   -4     4 
    4     0 
   -6     2 
   -1    -1 
    1     1 
    6   -10 
   -4    -4 
  -12   -12 
  -10    -2 
    0    -4 
    4     0 
   -8    -8 
   12     4 
  -16     0 
    4     4 
   -4    12 
  -12     4 
    6   -10 
   14    -2 
  -18    -2 
   -4    -4 
  -12   -12 
  -16   -16 
   -8     0 
   -8     0 
  -18    14 
   10    -6 
    2   -22 
  -12    12 
  -12     0 
   -4     8 
   20     4 
  -12    20 
   14    -2 
   16    20 
  -22    -6 
   16   -16 
  -14    18 
  -20     8 
  -22   -14 
   20   -12 
   12    28 
   18    -6 
  -16   -24 
   10    10 
   10   -22 
    2    10 
    2    18 
  -16    -8 
  -14   -22 
   18    10 
    6   -10 
    4     4 
  -12    28 
    0    16 
  -12    20 
  -28   -28 
  -26     6 
  -22    10 
    4   -24 
  -14     2 
  -14   -14 
   -4   -12 
   12    -4 
   -6    18 
   26   -14 
   -4    32 
    8     4 
   26    -6 
  -18   -18 
   30    -2 
   26    -6 
  -20     0 
    0     4 
   -4    12 
    0   -16 
  -28     4 
   -4   -20 
   10    -6 
  -34    -2 
   16   -32 
   22   -10 
   36   -12 
   20   -12 
  -24    20 
    0   -12 
   -8     4 
  -14   -30 
   22     6 
   26   -14 
  -32    16 
  -40   -24 
    2   -30 
  -24    40 
