5 2
200
   -1     1    -1    -1    -1 
    0    12     0     0     0 
    5     3     3     3     3 
    1     1     1     1     1 
    3 2     1 0     3 2     3 2     3 2 
    8    12    16    16     8 
  -28 57   -57 28   -28 57   -28 57   -28 57 
   -1 0     1 0    -1 0    -1 0    -1 0 
   57 -114   -57 -57    57 -114    57 -114    57 -114 
    2 0     0 1     2 0     2 0     2 0 
   -2    12     2     2     4 
    0    -2    -2    -6    -3 
    0     0     0     0     0 

    1    -1    -1    -1    -1 
   -1     1    -1    -1    -1 
    1     1     1    -1    -1 
   -1     1     1    -1    -1 

   -2     0     0     0     0 
    0     0     0     0     0 
    1    -1     1     1     1 
   -4     0    -4     0     3 
    2     0     4     0    -3 
    6     2     2    -6     3 
   -4    -2    -2     6    -3 
   -1    -1    -1     1     1 
    1    -1    -1     1     1 
   -4    -8    -8    -4    -7 
    2     8     0    12   -12 
   -2    -8     0   -12    12 
  -12    -4     4    -4    -7 
    4    -4     4    -4    -7 
    2     6     6   -10    11 
   -8     6    -6     6    12 
    0    -6     6    -6   -12 
  -12     0    -8     8   -16 
  -12     0    -8     8   -16 
    8     4   -12   -16    11 
   16     4   -12   -16    11 
   -6     0     4     0   -12 
   -4     0    -4     0    12 
   10   -10    10     6    -6 
    2    10   -10    -6     6 
   -6    -2     6   -10   -10 
   14    -2     6   -10   -10 
   -4     2   -18    18     6 
   -4    -2    18   -18    -6 
   14     8     0    12    -6 
   10    -8     0   -12     6 
   18     0   -12     0     3 
   -4     0    12     0    -3 
  -10     6    14   -18     3 
   -4    -6   -14    18    -3 
    2    14   -10    14   -13 
    6    14   -10    14   -13 
  -10    18    10     2   -16 
   10    18    10     2   -16 
  -16     8     8    20    14 
  -20    12    12    12    -6 
  -12   -12   -12   -12     6 
    6     6   -18   -10    20 
    6     6   -18   -10    20 
  -24    -8     8   -16     8 
  -16    -8     8   -16     8 
    0    -4     4    12    -6 
   12     4    -4   -12     6 
  -10    18    -6    -6    -3 
   16   -18     6     6     3 
  -30   -14   -22    26     8 
  -10   -14   -22    26     8 
   18     8    -4    24     3 
  -20    -8     4   -24    -3 
    6    26    -2    -6   -12 
   10   -26     2     6    12 
   18   -12    -4     0   -30 
   10    12     4     0    30 
  -22     6   -10   -10    11 
  -22     6   -10   -10    11 
  -28    16   -24     8    -4 
    8    16   -24     8    -4 
  -28   -12     4   -16   -22 
  -28   -12     4   -16   -22 
   -8    24    -8   -16    -4 
  -20    24    -8   -16    -4 
   -2     6    22   -10     2 
  -14     6    22   -10     2 
  -12   -12     0    36    21 
   30    12     0   -36   -21 
   10     6   -26     6     6 
    4    -6    26    -6    -6 
  -28    -4   -12    20     2 
    0    -4   -12    20     2 
    6    24    16   -12    24 
   34   -24   -16    12   -24 
   18    26    18   -22    14 
  -10    26    18   -22    14 
   22   -24    20   -24   -12 
  -12    24   -20    24    12 
   14    -2   -10   -10   -22 
  -18    -2   -10   -10   -22 
  -38    -4    40    12    -9 
    4     4   -40   -12     9 
    6    -6    -2    -6    36 
  -38     6     2     6   -36 
  -22   -10    22   -10   -37 
   18   -10    22   -10   -37 
   12   -12   -24   -12   -15 
  -14    12    24    12    15 
   -6    28    40    12   -24 
    4   -28   -40   -12    24 
   20    28   -36    -4   -13 
  -20    28   -36    -4   -13 
  -18   -22    22    -6     0 
    6    22   -22     6     0 
   -8    -8   -24   -16   -34 
   16    -8   -24   -16   -34 
    4   -44   -44   -40   -34 
   -8     8    32   -16   -22 
   28     8    32   -16   -22 
    8   -46   -10    18   -12 
  -12    46    10   -18    12 
   10    -2    26   -18    -6 
  -26     2   -26    18     6 
   28   -12    -4    -4    32 
  -28   -12    -4    -4    32 
   26    26   -38    26   -13 
   -2    26   -38    26   -13 
  -30   -20     8    12     3 
  -12    20    -8   -12    -3 
  -14   -26   -18     6    42 
  -32    26    18    -6   -42 
  -30     2   -30   -22    20 
   10     2   -30   -22    20 
   -4    -6    10   -30   -15 
  -14     6   -10    30    15 
   28    20     4   -28   -28 
   -4    20     4   -28   -28 
   -2    18    30   -30   -18 
   14   -18   -30    30    18 
   38   -34    46    14   -49 
   -2   -34    46    14   -49 
   28    28   -28   -36    18 
   24   -28    28    36   -18 
   10    42   -14    26   -28 
   34    42   -14    26   -28 
   32   -12   -12    12    18 
   24    12    12   -12   -18 
   20    20   -20   -28    -1 
  -44    20   -20   -28    -1 
   38    30     6    14    35 
    2    30     6    14    35 
   30    -6   -38    -6     3 
  -12     6    38     6    -3 
  -36   -28    36    32     5 
  -20   -28    36    32     5 
  -48   -36   -44   -28   -52 
   24   -36   -44   -28   -52 
    0   -50    30     6     3 
  -54    50   -30    -6    -3 
    4     0   -16   -40    26 
  -16     0   -16   -40    26 
   16   -20    28    12    48 
    0    20   -28   -12   -48 
  -42   -58   -26   -58    50 
   42     6    26    54    24 
  -30    -6   -26   -54   -24 
   44    28    44    20   -19 
   12    28    44    20   -19 
  -50    14   -42   -18   -33 
  -12   -14    42    18    33 
   -4    20    20   -52    29 
   20    20    20   -52    29 
   52    12   -20    20    50 
  -28    12   -20    20    50 
  -18     6   -10    30    30 
  -32    -6    10   -30   -30 
  -32    32   -16    44   -13 
    0    32   -16    44   -13 
   38   -48    12   -48   -12 
   52    48   -12    48    12 
  -34   -20    36    48   -36 
  -34    20   -36   -48    36 
   20    60    44     8   -46 
  -48   -52   -28   -60   -24 
  -36    52    28    60    24 
   46   -16    40    12   -30 
   26    16   -40   -12    30 
   -6     6    22   -34    20 
    6     6    22   -34    20 
  -24     4    20   -60    24 
  -48    -4   -20    60   -24 
   28    64   -32    -4     2 
  -20    64   -32    -4     2 
   24   -22   -46    18    39 
   10    22    46   -18   -39 
  -34    38   -50   -58    20 
   18    38   -50   -58    20 
  -12   -42    18    54    30 
   32    42   -18   -54   -30 
  -22    44   -28    24   -60 
   -6   -44    28   -24    60 
    4   -12   -44    44    44 
   -4   -12   -44    44    44 
  -14    30   -50    62   -34 
  -26    30   -50    62   -34 
  -62    14    14    38   -34 
  -18    14    14    38   -34 
  -18    20    24   -12   -27 
  -12   -20   -24    12    27 
  -16     8   -24   -64    50 
  -12     8   -24   -64    50 
   -4   -16    12     0   -36 
   10    16   -12     0    36 
  -62    64   -24   -60    -6 
    6   -64    24    60     6 
   48   -32    48    68   -13 
   64   -32    48    68   -13 
  -56    18    26    42    30 
