1 0
100
   -1 
    0 
    4 
    1 
    3 1 
   48 
 -112 203 
    1 0 
 -540 700 
    3 1 
    4 

    1 
   -1 
   -1 

    0 
   -1 
    4 
    0 
    2 
   -2 
   -8 
   -2 
    1 
    0 
    2 
   -2 
   -2 
   12 
    6 
  -10 
    2 
   -6 
  -14 
   14 
    2 
   -8 
   14 
  -14 
    2 
    2 
  -10 
   14 
   14 
    2 
   -4 
  -12 
  -12 
   -4 
   16 
  -12 
   -2 
   14 
   -4 
    2 
  -18 
   10 
   26 
    2 
  -20 
   12 
  -12 
  -14 
   20 
  -10 
  -10 
  -10 
  -14 
  -22 
  -10 
   -2 
  -10 
  -10 
   18 
    6 
  -14 
   28 
   -2 
  -34 
  -22 
   10 
  -22 
  -22 
    2 
   10 
   14 
    4 
   10 
  -10 
  -10 
   22 
    2 
    6 
   -6 
  -26 
    6 
  -10 
  -34 
   34 
  -14 
    8 
   -6 
   10 
  -10 
  -30 
  -24 
   16 
  -12 
  -32 
    2 
   16 
  -36 
   26 
  -22 
  -18 
