3 0
100
    1     1    -1 
  120    72     0 
   10     6     6 
    1     1     1 
    1 0     1 0     5 0 
  120    72    24 
  -87 137   -87 137  -145 219 
    1 0     1 0     1 0 
 -312 324  -312 324  -948 660 
    2 1     2 1     2 3 
   20    12    -2 

   -1    -1    -1 
    1     1     1 
    1    -1    -1 
    1    -1     1 

    0     0     0 
    0     0     0 
   -2     2     2 
    1    -1     0 
    1     5     2 
   -3    -1    -4 
    1     5    -4 
   -1     1     1 
    2     2    -4 
   -6     2     2 
    1    -7     0 
   -1     1    -1 
   -7    -7    10 
   -7    -7    -4 
   13    -1    -6 
    6   -10    -2 
   -3    11    -2 
    2     2    -4 
   -2    14   -14 
   -2     2     8 
    9    11     4 
   10   -10    -8 
    3     5     4 
    5    -1    12 
    1     5    14 
    8     8     0 
    0     8     8 
    4    20    12 
    6    14    -6 
   10    14   -10 
    8   -16    16 
    7    -1     8 
   16    20   -10 
  -21     5    16 
   10   -10   -16 
  -12    -4   -16 
   -3   -13    10 
   14   -22   -18 
  -20    20   -18 
    2     2   -20 
  -25     5     0 
  -10     2     0 
   22    14     6 
   12    -4    -6 
    0   -16   -14 
   11    11     0 
  -13    23     0 
   -8     8     4 
   10    14   -12 
   -6   -10   -16 
    3    23   -14 
   15    11   -14 
   12   -28     8 
   12    -4   -18 
   20    20     0 
  -29    -7    -6 
  -22   -10    -8 
   10    26    30 
    6     2   -16 
   -4    -4    -8 
   20     8    16 
    4     8    16 
  -18    14   -28 
   10   -10     6 
   21    11   -26 
   -4     8    24 
   20   -28     8 
   11    23    10 
   26   -22     6 
    0     8    14 
   30   -10   -22 
    8    32    28 
   -7   -31   -24 
    6    26    14 
    4    20   -38 
   21    35   -16 
   -5    -7   -34 
  -14     2    14 
   18   -22    18 
   18   -22   -14 
   10   -10    16 
  -10     2    26 
  -10   -10    -8 
   -2     2     2 
  -16   -16   -38 
   32     8    24 
   37    -1     6 
   18   -22   -18 
   17    11    -8 
    8   -40   -32 
   -7   -13    30 
    2    26   -12 
   23    35   -16 
   30   -22    36 
   14   -34    10 
  -41    23   -20 
   30     2   -26 
  -35   -37   -14 
   44    32    26 
   -2    26    20 
