11 11
200
   -1    -1    -1    -1    -1    -1     1    -1     1    -1     1 
    0     0     0     0     0     0     0     0  -120     0   -72 
   12    12    10     6     6     6    12    10    10     8     6 
    1     1     1     1     1     1     1     1     1     1     1 
    5 0     5 0     8 1     5 0     5 0     8 1     3 1     5 0     1 0     5 0     1 0 
  288    72   672    72   144    96    24    24  -120    24   -72 
 -145 58  -145 58  -145 58  -145 58  -145 58  -145 58   -28 99  -145 58  -131 105  -145 58  -131 105 
    1 0     1 0     1 0     1 0     1 0     1 0     1 0     1 0     1 0     1 0     1 0 
 -552 0  -552 0  -552 0  -552 0  -552 0  -552 0  -184 368  -552 0  -368 184  -552 0  -368 184 
    3 2     3 2     3 2     3 2     3 2     3 2     3 1     3 2     2 1     3 2     2 1 
    7     1    29     1    -5    -1     2     3   -20    -1   -12 

    1     1     1     1     1     1    -1    -1    -1    -1    -1 
   -1    -1    -1    -1    -1    -1    -1     1    -1     1    -1 
   -1    -1    -1    -1    -1    -1    -1    -1    -1    -1    -1 

   -1    -1    -1    -1    -1    -1     1     1     1     1     1 
    0     0     0     0     0     0     0     0     0     0     0 
   -4    -4    -2     2     2     2    -4    -2    -2     0     2 
   -4     2    -2    -4     2     2    -4     0     2    -2    -2 
   -2    -2     2    -2    -2     2    -2     6     6    -2    -2 
   -2    -2     2    -2    -2     2    -2    -2    -2     6     6 
    0     0     6     6     0    -6    -4    -2    -4     8     8 
    0     6     6     0     0    -6    -4     8     8    -2    -4 
   -6     6   -10     6    -6     6    -6    -2     2    -2     2 
    0     0    -4     0     0     4    -8    -8     0     0     8 
    0     0    -4     0     0     4    -8     0     8    -8     0 
  -10   -10     6     2    -4    -2     2   -10     4     2    -4 
  -10     2     6   -10    -4    -2     2     2    -4   -10     4 
    8   -10     6     8    -4    -6    -4    -8     4     6     8 
    8     8     6   -10    -4    -6    -4     6     8    -8     4 
   14   -10   -10     2     8    -2     2    -2     0    -6     8 
   14     2   -10   -10     8    -2     2    -6     8    -2     0 
    8   -10    -6    -4    -4     6   -12    -4    12   -10    -8 
    8    -4    -6   -10    -4     6   -12   -10    -8    -4    12 
   -6     6     2     6     6   -14    10   -10     6   -10     6 
   -6     6     2     6     6   -14    10   -10     6   -10     6 
   12    12    -6     6     6   -10    -4    -6    -6     8   -10 
   12     6    -6    12     6   -10    -4     8   -10    -6    -6 
   10    -8     6    -8    10   -18   -14    12   -18    -4    -2 
   10    -8     6    -8    10   -18   -14    -4    -2    12   -18 
    4    10   -14    -8   -14    -2    -4    -4    -6     6    -2 
    4    -8   -14    10   -14    -2    -4     6    -2    -4    -6 
    6    12   -14     0    12     2    10   -16    16    20    -8 
    6     0   -14    12    12     2    10    20    -8   -16    16 
   -6     6   -22     6   -18   -22   -22   -10    -2   -10    -2 
  -16     8    12   -16    -4   -12    16    -8   -12   -16   -12 
  -16   -16    12     8    -4   -12    16   -16   -12    -8   -12 
   20    -4    12   -16    20    12    20    -8    12   -12     4 
   20   -16    12    -4    20    12    20   -12     4    -8    12 
  -16     8     0     8    20     0    -8    16    12   -16    -4 
  -16     8     0     8    20     0    -8   -16    -4    16    12 
  -18     6    -2    -6    12   -10   -22   -18    20     2    12 
  -18    -6    -2     6    12   -10   -22     2    12   -18    20 
    4     4    24    16   -20    16   -20    -8     4    20     4 
    4    16    24     4   -20    16   -20    20     4    -8     4 
  -18    12   -14     0   -12     2    18     0    -8    20   -16 
  -18     0   -14    12   -12     2    18    20   -16     0    -8 
  -14    10    14    -2    -2    14     2    -2    14   -22    -2 
  -14    -2    14    10    -2    14     2   -22    -2    -2    14 
    4   -20   -22   -26    -2   -10     4    10   -14    -8    -2 
    4   -26   -22   -20    -2   -10     4    -8    -2    10   -14 
   20    20     8    -4   -28    16   -12     4    -4    20   -28 
   20    -4     8    20   -28    16   -12    20   -28     4    -4 
    8   -16     8    -4    -4    24   -16   -20    20    24     4 
    8    -4     8   -16    -4    24   -16    24     4   -20    20 
   -2     4    -6    -8     4   -22     2    24    -8   -20    16 
   -2    -8    -6     4     4   -22     2   -20    16    24    -8 
   26     8   -18     8   -22   -10   -14    -4   -18    12    14 
   26     8   -18     8   -22   -10   -14    12    14    -4   -18 
   16    16    20    -8   -20   -20   -32   -16    20    -8     4 
   16    -8    20    16   -20   -20   -32    -8     4   -16    20 
  -10   -22    -2     2     2    -2    30     2    -6    26    10 
  -10     2    -2   -22     2    -2    30    26    10     2    -6 
  -16   -22    18    32     8    14    20    24    16     2   -20 
  -16    32    18   -22     8    14    20     2   -20    24    16 
  -30     6    30     6   -18   -18   -30     6   -18     6   -18 
  -28    20    32   -28   -28    -8    28   -20     4    -4   -28 
  -28   -28    32    20   -28    -8    28    -4   -28   -20     4 
  -22   -34    -6   -10    14    -6   -14     6    22    14   -10 
  -22   -10    -6   -34    14    -6   -14    14   -10     6    22 
  -20    28    16    16     4     8    -4   -24   -12    20    28 
  -20    16    16    28     4     8    -4    20    28   -24   -12 
   26   -28    22    20   -34    14    10     8    10   -24    10 
   26    20    22   -28   -34    14    10   -24    10     8    10 
   -2    22   -14   -14    34     2   -10     2    26    30   -14 
   -2   -14   -14    22    34     2   -10    30   -14     2    26 
   12     0   -38    18   -18    22    28     6    26    28   -26 
   12    18   -38     0   -18    22    28    28   -26     6    26 
  -26    34   -10    -2   -20    14    18   -38    -4   -26     4 
  -26    -2   -10    34   -20    14    18   -26     4   -38    -4 
    8    26   -18    20   -16   -30    20    28   -16   -14     4 
    8    20   -18    26   -16   -30    20   -14     4    28   -16 
   14     2   -18   -22   -10   -18    -2     2    30    26    -2 
   14   -22   -18     2   -10   -18    -2    26    -2     2    30 
   26   -10   -10   -34   -10   -26    10   -18   -10   -10   -26 
   26   -34   -10   -10   -10   -26    10   -10   -26   -18   -10 
   -2   -32    34     4    40     2    10    20    20    24   -20 
   -2     4    34   -32    40     2    10    24   -20    20    20 
   34   -14    26   -38   -26    26   -38     2   -26    -6   -26 
   34   -38    26   -14   -26    26   -38    -6   -26     2   -26 
   16   -20   -16   -32    40   -32    16   -32    32   -36   -24 
   16   -32   -16   -20    40   -32    16   -36   -24   -32    32 
   34   -32   -18    -8   -38     6   -22    -4   -34   -12    -2 
   34    -8   -18   -32   -38     6   -22   -12    -2    -4   -34 
   -8    16    16   -32    16    32   -24    16   -40     8   -32 
   -8   -32    16    16    16    32   -24     8   -32    16   -40 
  -32    -8   -32    -8    16    32   -16     8     8    16   -16 
  -32    -8   -32    -8    16    32   -16    16   -16     8     8 
  -28    32    -8    -4    20    16   -20    28    -4    24    12 
  -28    -4    -8    32    20    16   -20    24    12    28    -4 
    0   -18   -38   -36   -12    22    28    -4    36    14     0 
    0   -36   -38   -18   -12    22    28    14     0    -4    36 
    1     1     1     1     1     1     1     1     1     1     1 
   30    -6    34    -6    18    34     6    34     2    -6   -38 
   30    -6    34    -6    18    34     6    -6   -38    34     2 
  -12    36   -40    12    12    32     4   -20    -4    12    20 
  -12    12   -40    36    12    32     4    12    20   -20    -4 
  -32    34   -30    40    28   -18    28    40   -12    18    32 
  -32    40   -30    34    28   -18    28    18    32    40   -12 
   18   -18    -2    42   -30    -2     2   -38    18   -34     2 
   18    42    -2   -18   -30    -2     2   -34     2   -38    18 
  -22    38     6     2   -22     6   -38   -14    26   -42   -22 
  -22     2     6    38   -22     6   -38   -42   -22   -14    26 
    8    32   -16     8    -4    32    32     0    20     8   -28 
    8     8   -16    32    -4    32    32     8   -28     0    20 
   22   -14   -26   -26   -32    46   -22   -38    16    -2     8 
   22   -26   -26   -14   -32    46   -22    -2     8   -38    16 
   16    -2   -46     4    16   -18   -28   -20    32   -26    12 
   16     4   -46    -2    16   -18   -28   -26    12   -20    32 
  -44   -20     2    22   -14    14    44     2     6   -16    34 
  -44    22     2   -20   -14    14    44   -16    34     2     6 
   16   -26    -2    -8   -44   -46    20    40   -20     6   -48 
   16    -8    -2   -26   -44   -46    20     6   -48    40   -20 
   22    22    14   -14   -32   -26    26   -18     8   -38   -32 
   22   -14    14    22   -32   -26    26   -38   -32   -18     8 
  -14   -50   -26    34   -14   -26   -30    34   -46   -34   -46 
  -14    34   -26   -50   -14   -26   -30   -34   -46    34   -46 
   20   -28    32   -28    44    -8   -44   -20   -12    20    28 
   20   -28    32   -28    44    -8   -44    20    28   -20   -12 
   46    -8   -14     4    -8     2   -22    20     4     0    12 
   46     4   -14    -8    -8     2   -22     0    12    20     4 
   12   -30     6    12    18    -6    28   -16     2    14    -2 
   12    12     6   -30    18    -6    28    14    -2   -16     2 
  -26    28   -14   -32    -8   -30   -14   -24   -20    -4    20 
  -26   -32   -14    28    -8   -30   -14    -4    20   -24   -20 
  -52    -4    36    -4    44   -12   -28    52    36    20    36 
  -52    -4    36    -4    44   -12   -28    20    36    52    36 
  -12     0   -10   -18   -42    10    -4     2    42   -20    46 
  -12   -18   -10     0   -42    10    -4   -20    46     2    42 
  -18   -36     2   -48    12    50     2   -16    48     4   -24 
  -18   -48     2   -36    12    50     2     4   -24   -16    48 
   50   -46   -14    26   -34    50    10    34    46   -22    30 
   50    26   -14   -46   -34    50    10   -22    30    34    46 
    0    48    -2   -42    12   -46   -28   -42    -8   -32    52 
    0   -42    -2    48    12   -46   -28   -32    52   -42    -8 
   28     4   -40   -20   -20    16   -20   -20    44    12     4 
   28   -20   -40     4   -20    16   -20    12     4   -20    44 
   40     4   -36    40   -32    36   -16    24   -24    20   -32 
   40    40   -36     4   -32    36   -16    20   -32    24   -24 
  -34     2   -30     2     2    34    38    10   -46    50    26 
  -34     2   -30     2     2    34    38    50    26    10   -46 
  -54   -30   -54   -30    42    42   -54     2    10     2    10 
  -10   -10   -42   -10   -10   -42   -26    22   -26   -58    54 
  -10   -10   -42   -10   -10   -42   -26   -58    54    22   -26 
   20    32   -52    20    44    44   -20    20   -52   -40    44 
   20    20   -52    32    44    44   -20   -40    44    20   -52 
  -50   -14    46   -14   -14    -2   -42   -14    10   -14    42 
  -50   -14    46   -14   -14    -2   -42   -14    42   -14    10 
   36    36    48     0   -12    24    20    40    52    -4    28 
   36     0    48    36   -12    24    20    -4    28    40    52 
   32    32   -38     2    32   -26   -12    58     4   -40     8 
   32     2   -38    32    32   -26   -12   -40     8    58     4 
  -44    -2   -46     4   -26   -50     4    16    22    34   -22 
  -44     4   -46    -2   -26   -50     4    34   -22    16    22 
  -38   -38    18   -14   -14   -30   -38    34   -46   -38    34 
  -38   -14    18   -38   -14   -30   -38   -38    34    34   -46 
   -8    -8    44   -56   -32   -28   -16   -16     0   -24     8 
   -8   -56    44    -8   -32   -28   -16   -24     8   -16     0 
    0    12   -28   -24    24    44    40   -40     0    44    24 
    0   -24   -28    12    24    44    40    44    24   -40     0 
   38   -22   -22    14    50    26   -34    54   -30   -38   -22 
   38    14   -22   -22    50    26   -34   -38   -22    54   -30 
   26     8    22     8   -22    -2    50    44   -34    -4   -50 
   26     8    22     8   -22    -2    50    -4   -50    44   -34 
   -2   -26   -50    46    10    -2   -26   -42   -54   -50   -22 
   -2    46   -50   -26    10    -2   -26   -50   -22   -42   -54 
   18   -24    38   -48    54   -34   -46   -20    26    52   -38 
   18   -48    38   -24    54   -34   -46    52   -38   -20    26 
   32   -16    20     8    -4   -20     0    32     4    40     4 
   32     8    20   -16    -4   -20     0    40     4    32     4 
  -44    40     4    28     4   -44    12    -4   -12   -16     4 
  -44    28     4    40     4   -44    12   -16     4    -4   -12 
   20   -28    34    14     2    14    28   -22   -26    -8     2 
   20    14    34   -28     2    14    28    -8     2   -22   -26 
   46    46   -50    10    28    22    -6   -34     4   -22   -36 
   46    10   -50    46    28    22    -6   -22   -36   -34     4 
  -32    -8    28    64   -56    36    40   -56   -24   -24    32 
  -32    64    28    -8   -56    36    40   -24    32   -56   -24 
    6    -6    30   -30    18    30   -18   -22    50     2   -14 
    6   -30    30    -6    18    30   -18     2   -14   -22    50 
  -18    30    46     6     6    14    46    -2   -18    22   -18 
  -18     6    46    30     6    14    46    22   -18    -2   -18 
   48    18   -26   -60    36   -22    36   -28    52    34    24 
   48   -60   -26    18    36   -22    36    34    24   -28    52 
   26   -10   -14    14   -10    34    -6    -2   -26    38   -26 
   26    14   -14   -10   -10    34    -6    38   -26    -2   -26 
  -62   -14   -46   -38    46   -14   -14   -46    38   -22    38 
  -62   -38   -46   -14    46   -14   -14   -22    38   -46    38 
  -32   -38    38    52   -20    42   -28    20   -20   -38    32 
  -32    52    38   -38   -20    42   -28   -38    32    20   -20 
   34    22     2    22    10    50    18    46   -14    -2     2 
   34    22     2    22    10    50    18    -2     2    46   -14 
  -10   -52   -38   -40   -16    26    34   -32     4    60   -36 
  -10   -40   -38   -52   -16    26    34    60   -36   -32     4 
    0    24   -60   -60   -12    12    16   -12    60    16    28 
