2 2
200
   -1    -1 
    0     0 
    5     2 
    1     1 
    8 3     4 3 
  216   108 
  -45 32   -45 32 
    1 0     1 0 
 -200 70  -200 70 
    3 2     3 2 
   -5    -1 
    0     0 
    0     0 

    1     1 
    1     1 
    1     1 

   -1     2 
   -1    -1 
    2    -4 
   -3     0 
    5    -4 
   -5     4 
    2    -4 
    5    -4 
   -1    -1 
   -4     8 
   -6     0 
    1    -8 
    4     4 
  -12    -6 
   -9    -6 
    4    -2 
   -6     6 
    2   -10 
   -8    -2 
   10   -14 
   14     2 
   -1     8 
   14     8 
  -11    -2 
    5   -10 
   -4    -4 
   -1    -1 
  -11    -2 
   -4     2 
  -17    -2 
  -20     4 
  -13   -16 
    1     4 
  -14   -20 
   -4     8 
   -2    16 
  -10     8 
   -3    12 
    4    -2 
  -20   -14 
    6   -18 
  -22    26 
  -20    22 
  -13    14 
   -8    -8 
   18    24 
    8    -4 
   -4   -16 
   18     0 
   -4    -4 
    4    22 
   20    14 
  -26    -2 
    2    14 
   25    -8 
  -21     0 
   -4   -28 
  -18   -24 
  -19    14 
    1    22 
   31    -2 
    2    26 
    6    18 
   12   -18 
  -32    22 
   28    16 
  -10    -4 
   -6    -6 
  -20    10 
   32   -10 
    9   -30 
  -19    -4 
  -16     8 
   30    24 
   14     8 
   16   -20 
   10   -32 
   24    12 
    5     8 
  -18    18 
   22   -14 
   13    10 
  -22   -22 
   -2   -26 
   -3    30 
  -21     0 
   37    16 
  -27   -18 
   -8    -2 
   16   -32 
   16     4 
    3   -12 
   20   -16 
   35   -28 
  -23    -8 
   38    26 
  -23    22 
   34    -2 
   18    18 
   10   -14 
  -27    30 
    2     2 
   23   -40 
  -40   -40 
   16    34 
    2   -22 
   37    10 
  -34    26 
  -23   -32 
    4   -20 
   21     0 
   26   -16 
  -31   -40 
   36    48 
    6   -48 
  -16   -16 
   34    34 
  -28   -34 
    3    42 
   32    38 
   48     6 
  -12     6 
   16    16 
  -30    12 
   10    -2 
  -42     6 
   39    12 
    3    24 
  -18   -12 
   21   -48 
  -36     0 
    7   -32 
  -29   -32 
   46    16 
   10   -44 
  -12   -36 
    0    30 
   41    14 
   36   -18 
   -4    26 
   25   -20 
  -27     0 
  -13   -40 
  -17     4 
   26    38 
   -8   -38 
  -33     6 
  -24   -36 
  -10    44 
  -52   -40 
  -36   -36 
   32   -16 
    7   -20 
  -57     6 
  -50   -14 
   48   -30 
   28   -26 
  -40    32 
    4    -8 
   38   -22 
    8   -46 
  -42    12 
  -42     0 
  -21   -24 
   -2   -56 
  -42    24 
  -58    -4 
  -11    58 
   38   -22 
  -22    26 
   29    62 
  -23   -38 
   -2   -62 
  -26   -56 
   16    16 
    6    24 
  -28    -4 
   61   -20 
   -4   -16 
   14    62 
   -8    58 
   57    24 
  -45   -36 
   -8     4 
  -38   -44 
  -10    56 
  -50   -44 
  -19    14 
  -44   -14 
   38    38 
    5   -10 
   44    26 
   63    42 
  -35     4 
   16     4 
   19   -50 
  -10    62 
   48    48 
  -17     4 
   61    40 
