4 31
200
   -1     1     1     1 
    0     0   -24     0 
    9     9     8     5 
    1     1     1     1 
    5 0     3 1     1 0     3 1 
  480   216   -24    24 
 -295 118   101 -72   -93 187   101 -72 
    2 0     1 0     0 -1     1 0 
 -561 0   374 -187  -187 -187   374 -187 
    3 2     3 1     2 0     3 1 
  -29    18    -8     2 

    1    -1    -1    -1 
   -1    -1    -1    -1 
   -1    -1    -1    -1 

   -1     1     1     1 
   -4    -4    -3     0 
   -3     1     0    -3 
   -3     1     0    -3 
    2    -6    -2    -4 
    2    -6    -2    -4 
    2    -6     8    -2 
    2    -6     8    -2 
   -6    -6    -6   -10 
    8    -8     8    -4 
    8    -8     8    -4 
  -12    -4     6     2 
  -12    -4     6     2 
    0     8     8     6 
    0     8     8     6 
   -2    -2    10   -14 
   -2    -2    10   -14 
    3    11     4    -9 
    3    11     4    -9 
  -13     7   -10   -13 
  -13     7   -10   -13 
    8     0     0     0 
    8     0     0     0 
   16   -16   -14    14 
   16   -16   -14    14 
   -7   -15    16     1 
   -7   -15    16     1 
  -11   -15    -6     9 
  -11   -15    -6     9 
    1     1     1     1 
   16    -8    -4    -8 
   16    -8    -4    -8 
   19     7     4    19 
   19     7     4    19 
    4   -12   -20    -2 
    4   -12   -20    -2 
  -23     1   -18    -3 
  -23     1   -18    -3 
  -16    -8    -4    10 
  -16    -8    -4    10 
   -8    24    14    10 
   -8    24    14    10 
   14    -2    14    10 
   14    -2    14    10 
    4     4    -8   -26 
    4     4    -8   -26 
    1    -3    20     5 
    1    -3    20     5 
   24    24     8   -12 
   24    24     8   -12 
    7    -1   -10   -17 
    7    -1   -10   -17 
    3   -17   -18    15 
    3   -17   -18    15 
   18   -14    20    -6 
   18   -14    20    -6 
    7   -13    26   -13 
    7   -13    26   -13 
   -4    20   -20    -4 
   -4    20   -20    -4 
    1     1     1     1 
   -4    20    16   -16 
   -4    20    16   -16 
   14    14   -22    -8 
   14    14   -22    -8 
    8    -8    20   -20 
    8    -8    20   -20 
   23    19    -2    23 
   23    19    -2    23 
   20    -4    14    32 
   20    -4    14    32 
  -22    18     8    16 
  -22    18     8    16 
   12   -12     6   -14 
   12   -12     6   -14 
   10   -38    -4    16 
   10   -38    -4    16 
  -28   -20    22   -32 
  -28   -20    22   -32 
   -4    -4   -22     4 
   -4    -4   -22     4 
   11    -5   -26   -37 
   11    -5   -26   -37 
  -11   -11   -30    21 
  -11   -11   -30    21 
   19     7    -8    -1 
   19     7    -8    -1 
  -20    -4   -22   -20 
  -20    -4   -22   -20 
  -11   -27   -16   -19 
  -11   -27   -16   -19 
    2    18    40   -26 
    2    18    40   -26 
  -30   -22    12   -30 
  -30   -22    12   -30 
  -30   -30     0     0 
  -30   -30     0     0 
  -42   -10    18   -10 
   -9   -21    18   -21 
   -9   -21    18   -21 
  -32     8    20    32 
  -32     8    20    32 
  -43    33     4   -11 
  -43    33     4   -11 
  -41    23   -46   -41 
  -41    23   -46   -41 
   34    18   -26    22 
   34    18   -26    22 
   32     8    16   -32 
   32     8    16   -32 
   42   -14   -18    -6 
   42   -14   -18    -6 
  -14    10    44    22 
  -14    10    44    22 
   23    23    16   -37 
   23    23    16   -37 
    4    12    -4   -28 
    4    12    -4   -28 
    3    19   -42    -5 
    3    19   -42    -5 
  -35    -7    -2    -7 
  -35    -7    -2    -7 
   26    10    28    -8 
   26    10    28    -8 
   24   -16    30     0 
   24   -16    30     0 
  -37   -37    16    19 
  -37   -37    16    19 
   26    42    -2    14 
   26    42    -2    14 
    2   -46   -16   -16 
    2   -46   -16   -16 
   26    -6    32   -40 
   26    -6    32   -40 
   -2   -18    22    -2 
   -2   -18    22    -2 
   30     6   -54    24 
   30     6   -54    24 
   49    45   -20     5 
   49    45   -20     5 
   16   -40    20    52 
   16   -40    20    52 
    0    32    40    24 
    0    32    40    24 
  -42   -26    30    34 
  -42   -26    30    34 
   23   -57   -22    23 
  -19   -39   -22    17 
  -19   -39   -22    17 
   11   -45    20   -29 
   11   -45    20   -29 
   34   -46    26    10 
   34   -46    26    10 
    3   -29   -36   -45 
    3   -29   -36   -45 
  -48    32   -44    30 
  -48    32   -44    30 
  -28    -4    20    56 
  -28    -4    20    56 
  -14    18    50   -26 
  -14    18    50   -26 
    0   -24   -12   -32 
    0   -24   -12   -32 
  -26    38   -16    10 
  -26    38   -16    10 
   -3   -23    10    57 
   -3   -23    10    57 
   50   -30    22   -50 
   50   -30    22   -50 
   -9    55    30   -33 
   -9    55    30   -33 
   22   -26   -46   -40 
   22   -26   -46   -40 
   -3   -11   -24   -15 
   -3   -11   -24   -15 
  -35   -15   -20    41 
  -35   -15   -20    41 
   26     2   -20    16 
   26     2   -20    16 
  -28   -28    22   -32 
  -28   -28    22   -32 
  -52    -4   -32   -52 
  -52    -4   -32   -52 
   22    38    22   -52 
   22    38    22   -52 
  -50    -2    10   -58 
  -50    -2    10   -58 
  -61   -29     4    19 
  -61   -29     4    19 
   10    42   -50   -38 
   10    42   -50   -38 
   34    50   -14    14 
   34    50   -14    14 
   47    39     4    43 
   47    39     4    43 
   45     1    30    33 
   45     1    30    33 
   30    54     6   -10 
   30    54     6   -10 
   67     7   -56   -29 
