1 0
100
   -1 
    0 
    4 
    1 
    3 1 
39240 
  -64 203 
    1 0 
 -396 748 
    3 1 
 3270 

    1 
   -1 
    1 
   -1 

    0 
   -1 
    0 
    1 
    4 
    0 
    0 
   -6 
   -2 
    4 
   -1 
   -4 
   10 
  -10 
    0 
  -10 
    6 
    2 
   -2 
    6 
    6 
    8 
   -8 
    2 
   -2 
    8 
   16 
   -4 
    4 
    1 
   -8 
  -16 
  -14 
   10 
    8 
    0 
  -10 
   16 
   -8 
   16 
   -2 
   18 
   -2 
  -22 
    8 
   -4 
  -14 
  -22 
   -8 
   -8 
  -18 
    6 
  -10 
  -10 
   16 
  -32 
   12 
   14 
    0 
  -26 
  -26 
   20 
  -22 
  -26 
  -34 
   -8 
   10 
  -14 
   -2 
   28 
   -2 
    4 
    4 
  -30 
   10 
   -2 
   34 
   -6 
    0 
  -10 
    6 
    4 
   20 
  -18 
   -2 
   20 
   -8 
  -34 
    2 
    8 
   -8 
  -16 
   -4 
   28 
  -38 
   16 
   -8 
  -22 
   28 
  -32 
