2 0
100
   -1    -1 
    0     0 
    9     9 
    1     1 
    1 3     1 3 
   12    36 
 -152 159  -152 159 
    1 0     1 0 
 -630 180  -630 180 
    1 3     1 3 
    1     3 

   -1    -1 
    1    -1 
    1    -1 
   -1    -1 

    0     0 
   -1     1 
   -1    -1 
   -4     2 
   -1     1 
   -2    -4 
    0     2 
    1    -1 
    1     1 
    0     8 
   -2   -10 
    3    -7 
   -2    -4 
   -2     8 
    0     2 
    5    -7 
    3   -13 
    1     5 
    4    -4 
   10     2 
   -4   -16 
   13    -1 
    8     8 
    8    -4 
   14     2 
   -5    -1 
    5   -19 
   -2    14 
  -10    -4 
  -12    14 
   -8    20 
   12     2 
   12   -16 
   -9   -19 
   -5    -7 
   -8   -16 
  -18     2 
   23    -7 
   -1    11 
    6     2 
    2   -16 
   -6    20 
  -12   -22 
   19    17 
  -11   -25 
  -24    20 
  -14    14 
    4    14 
    4    20 
   23   -13 
  -20   -22 
    5     5 
   -5    -1 
   14   -10 
   29    -1 
  -14    20 
   11   -31 
  -18     2 
   13    -7 
  -15     5 
  -10     2 
  -34   -22 
    3   -13 
   -9   -19 
   11    17 
   25   -13 
  -18   -34 
    9   -13 
   14   -22 
    3   -25 
   10    14 
    9    17 
   19    -1 
  -26    -4 
   10     8 
    4   -16 
   30    20 
  -17    29 
   -4   -22 
    1     5 
   10    -4 
    0     2 
  -23    -7 
   -6   -34 
   13    -1 
   22     2 
   20    26 
  -32    26 
   37    -1 
  -22    14 
  -40    -4 
  -32   -16 
  -36    20 
   -6    14 
  -25    41 
   26   -16 
  -10    44 
   -7   -19 
   -7    29 
  -20    20 
