2 0
100
   -1     1 
    0  -120 
    6    10 
    1     1 
    3 4     1 0 
  144  -120 
  -49 -230   -59 141 
    2 0     1 0 
  156 -624  -260 364 
    3 2     2 1 
    6   -20 

    1    -1 
    1     1 
    1     1 
    1     1 

   -1     1 
    0     0 
    2    -2 
   -2     2 
    0     0 
   -1    -1 
   -2     2 
    2    -2 
   10    -6 
   -2    10 
    2   -10 
    2    10 
   -2   -10 
   -4     4 
   -4     4 
   -2    14 
   -2    14 
   10    -2 
  -10     2 
  -14    10 
   14   -10 
   -8    16 
   -8    16 
  -10    -2 
   10     2 
  -16    -8 
  -16    -8 
  -14     2 
   14    -2 
   22     6 
    4   -12 
    4   -12 
  -16     0 
  -16     0 
   10   -18 
  -10    18 
    2     2 
    2     2 
  -14    -2 
   14     2 
    2     2 
    2     2 
    2   -14 
   -2    14 
  -20    -4 
  -20    -4 
    4    12 
    4    12 
  -26   -14 
   26    14 
   14    -2 
  -14     2 
  -10    -2 
   10     2 
  -26    10 
   26   -10 
  -10    22 
  -10    22 
   16    16 
   16    16 
    2   -30 
    2    22 
   -2   -22 
   22     6 
   22     6 
  -10     2 
   10    -2 
   -2    30 
   -2    30 
   22   -18 
  -22    18 
   20     4 
   20     4 
  -14    18 
  -14    18 
   26     6 
  -26    -6 
  -22    18 
   22   -18 
  -10    14 
   10   -14 
  -34    -2 
   34     2 
  -14    18 
  -14    18 
    8    16 
    8    16 
   38   -18 
  -38    18 
   22   -22 
  -22    22 
    2   -26 
   -2    26 
  -14     6 
   14    -6 
  -16    16 
  -16    16 
  -46   -46 
   10   -38 
  -10    38 
