5 2
100
   -1     1    -1     1     1 
    0   192     0    48    24 
    8     8     8     4     2 
    1     1     1     1     1 
    3 4     1 0     4 3     1 0     1 0 
  216   192   384    48    24 
  -85 172    23 150   -85 172    23 150    23 150 
    1 0     0 -1     1 0     0 -1     0 -1 
 -600 690  -345 45  -600 690  -345 45  -345 45 
    3 2     2 0     3 2     2 0     2 0 
   -5    64     1    16     8 

    1    -1     1    -1    -1 
    1     1     1    -1     1 
    1     1     1    -1     1 
    1     1     1     1     1 

    0     0     0     0     0 
   -3    -3    -3     1     3 
   -2    -2     4     4     4 
   -1    -1    -1     1    -1 
    6     6    -6     6     0 
   -2     4    -2    -2    -2 
    2    -7     2     0     2 
    0    -3     0     4     6 
   -1    -1    -1     1    -1 
    0    -3     0     8     0 
    6     0     0    -4     6 
   -4     2    -4    -6     8 
   -8    -8     4     2     4 
    6    -9    -6     0    12 
    0    -9    12     4    12 
   -2    13    10    -2    -2 
   -8    10    10     2    -2 
  -12    12    -6    -4   -12 
   -1    -1    -1    -1    -1 
  -10    -4     2    -6   -16 
    4   -17   -14     6    -8 
    8    11   -16     8    -4 
    4   -11     4     0   -14 
   -2     7    -2    18    10 
    8    -1   -10     6    -4 
   -6     0    -6    -4     0 
    4   -11    -8     8     4 
   20     8     8    -6   -10 
   -2   -11    -2    -2    -2 
   -6    18     6    -6     6 
   16    19     4    -8    -8 
    8    -4     2     8   -16 
    8     8     2    12     2 
  -16    -4    -4   -20     8 
  -20    10     4     8     4 
  -20    19    -8    -8    16 
    6    -9    18   -18   -18 
    2   -10    14    -2   -10 
   -4   -10    20   -20    -4 
   -4   -13    -4    20    -4 
   -2    10    10   -26    10 
   -2    13    -2     6   -26 
  -18   -18    -6    -6     6 
   10     1    -2    18   -14 
  -18    21   -18    20    -6 
   16    16    16    16   -26 
   22   -20    10   -24    22 
   -6   -12    12    16    18 
   -8   -17    -8   -16    -8 
    0   -15   -12     0     0 
   -8    -2   -20    -6   -14 
   22   -14   -26     6    10 
   22    -5    22    10    22 
    2   -22   -10    18     2 
   12    15     0     0     0 
    8    32     2     8    14 
   14     8    26   -18    32 
   26   -28   -10   -10   -28 
   28   -17   -20     4     4 
  -16    20    -4     4    -4 
   14    14    -4    -6   -22 
  -20   -17     4    20   -20 
  -28    -7    -4    28   -28 
  -24    18    24    14     0 
   26    -4    14   -22    14 
   -4   -22    20    20     8 
    6    18    12   -16     6 
    2   -16     2   -14     2 
   24    18    -6   -10   -12 
  -10   -16   -22   -18    14 
  -28    23    14    26    14 
   16    25    16    16    16 
   32     8   -22     8   -16 
  -18     0     6   -10     6 
   26   -13    -4     6    20 
   12   -21   -12    36    12 
   26   -28   -10     8   -34 
   34   -14    28   -34    -8 
  -24    30   -24   -38    12 
   30     0   -30    10     6 
   24    18   -12   -10     6 
  -22    23   -16    -2     2 
  -18    -9    12   -10   -30 
    2    -1   -34    18    26 
  -34    29   -16   -14   -16 
  -28   -25   -40    -8   -10 
   14    32   -34   -28   -22 
   -2    16    22    18   -26 
  -10   -34    26   -14    38 
    8   -25     8    16   -16 
  -24    21    24    24    12 
    2    29     2   -20     8 
    4   -32   -32    16    40 
  -22   -22    -4    16    14 
  -40    32    -4     4    -4 
  -26    19   -26     0    -8 
    8    35    32    -4   -28 
   36   -33    -6   -10    18 
  -14    43    -8   -10    -2 
  -30    -6   -30   -34    30 
