1 0
100
   -1 
    0 
    5 
    1 
    3 1 
14112 
   24 -167 
    1 0 
  238 -644 
    3 1 
 1176 

   -1 
    1 
   -1 
    1 

   -1 
    1 
   -1 
    1 
    3 
   -5 
   -2 
    2 
   -4 
    8 
  -10 
   -8 
    9 
    4 
   -8 
   14 
   -7 
   14 
    0 
   -6 
   -2 
   -6 
    1 
   10 
  -10 
   -5 
   11 
   -4 
    6 
   17 
  -16 
    7 
   16 
   14 
  -15 
   20 
   -2 
    1 
   19 
  -15 
  -20 
   -2 
   -2 
  -13 
  -20 
   -5 
    4 
    8 
  -19 
  -10 
  -19 
   -4 
   -4 
  -22 
   17 
   10 
  -23 
  -17 
  -13 
   -6 
  -18 
  -13 
    1 
   26 
  -31 
  -11 
    9 
   -3 
  -32 
  -15 
  -22 
   25 
    8 
   -9 
   26 
  -23 
   -7 
  -12 
   25 
    5 
  -10 
   -2 
  -25 
   24 
    7 
  -38 
  -22 
   15 
   17 
    1 
  -12 
   -3 
   -1 
    6 
  -22 
  -31 
    4 
   26 
   -1 
  -19 
