1 2
100
   -1 
    0 
    4 
    1 
    5 0 
   12 
  -36 214 
    1 0 
 -715 962 
    2 3 
    1 

    1 
   -1 
   -1 
    1 

   -1 
    1 
    0 
    4 
    1 
    1 
   -4 
   -4 
    2 
   -4 
    0 
  -10 
   -2 
   -4 
   -4 
   14 
   -2 
    8 
    4 
    6 
  -10 
    0 
   -8 
    6 
    2 
    0 
   -8 
  -14 
    2 
   10 
   -8 
    0 
   20 
    4 
  -20 
  -12 
   -2 
  -10 
  -20 
   -4 
   22 
   22 
   14 
   -2 
    0 
    0 
  -20 
   -1 
    8 
   12 
   -2 
    2 
    6 
  -18 
    4 
   16 
   -2 
   -2 
    4 
   -4 
  -14 
   -4 
    4 
  -22 
  -30 
    8 
  -32 
  -30 
   18 
   26 
   -2 
  -16 
    0 
  -26 
  -34 
    0 
  -28 
  -10 
  -14 
  -26 
   -6 
   18 
  -10 
   26 
  -22 
  -24 
   40 
   18 
   -2 
  -16 
   36 
  -12 
  -36 
   32 
  -36 
  -20 
    4 
    2 
  -22 
  -22 
