2 8
100
   -1    -1 
    0     0 
    4     2 
    1     1 
    3 4     3 4 
   12   108 
  -17 138   -17 138 
    1 0     1 0 
 -328 656  -328 656 
    3 2     3 2 
    4    -2 

   -1    -1 
   -1    -1 

    0     2 
    0     0 
   -2    -2 
   -2    -2 
   -4     6 
   -4     6 
    4    -2 
    4    -2 
   -6    -6 
    4    -8 
    4    -8 
   -6    10 
   -6    10 
   12     0 
   12     0 
   10    -2 
   10    -2 
   12   -10 
   12   -10 
   -2    -2 
   -2    -2 
   -2    -2 
   -2    -2 
   14    -6 
   14    -6 
   -4    -4 
   -4    -4 
  -12   -18 
  -12   -18 
  -22   -18 
  -20     8 
  -20     8 
   -4   -20 
   -4   -20 
   10    22 
   10    22 
   -4     6 
   -4     6 
  -20    20 
  -20    20 
    0    -2 
    0    -2 
   22    18 
   22    18 
    2    10 
    2    10 
   -4   -26 
   -4   -26 
    0   -24 
    0   -24 
    8    22 
    8    22 
   -2   -14 
   -2   -14 
   20    -8 
   20    -8 
   -6    -6 
   -6    -6 
   20    28 
   20    28 
  -30     2 
   28    32 
   28    32 
  -10   -14 
  -10   -14 
   28   -30 
   28   -30 
    2     6 
    2     6 
   14    10 
   14    10 
  -32    12 
  -32    12 
   14    22 
   14    22 
  -28    -4 
  -28    -4 
   -8    -2 
   -8    -2 
  -30   -26 
  -30   -26 
   -8     6 
   -8     6 
  -34     2 
  -34     2 
   26   -10 
   26   -10 
  -10    10 
  -10    10 
   30    14 
   30    14 
    4   -28 
    4   -28 
  -20    10 
  -20    10 
   -4    -4 
   -4    -4 
  -30   -46 
  -42   -38 
  -42   -38 
