2 0
200
    1    -1 
  -90     0 
    6     2 
    1     2 
    1 0     3 4 
  -90   120 
 -218 117  -281 47 
    0 -1     2 0 
  320 -336  -352 -304 
    1 1     2 3 
  -45   -10 

   -1     1 
    1     1 

   -2     2 
    0     0 
    2    -2 
   -2     2 
    2     2 
   -2    -2 
    2    -2 
    0     0 
   -2    -2 
    4    -4 
    8    -8 
   10    10 
   -2    -2 
    8    -8 
   -6     6 
    6     6 
   -6    -6 
  -12    12 
   12   -12 
   10    10 
   -6    -6 
   -6     6 
    2    -2 
   10    10 
    2     2 
    4    -4 
    0     0 
    6     6 
  -14   -14 
   10    10 
   12   -12 
    6    -6 
    2    -2 
    2    -2 
  -16    16 
   -2     2 
    2     2 
   10    10 
   16   -16 
    4    -4 
  -22   -22 
   -6    -6 
   -6    -6 
   22    22 
   12   -12 
    0     0 
   24   -24 
  -10    10 
   10   -10 
   16   -16 
    2     2 
  -22   -22 
  -10   -10 
  -18   -18 
    6    -6 
   -4     4 
   -6    -6 
  -14   -14 
  -32    32 
   24   -24 
  -10   -10 
   12   -12 
    0     0 
   26    26 
   -6    -6 
   -8     8 
  -14    14 
   -2    -2 
  -14   -14 
   34    34 
  -14   -14 
    2    -2 
   16   -16 
   10    10 
  -38   -38 
   16   -16 
   26   -26 
   -6    -6 
   14    14 
  -22   -22 
  -38   -38 
   26    26 
   -1    -1 
   34    34 
   18    18 
   20   -20 
  -14    14 
    2     2 
   10    10 
    2    -2 
    8    -8 
  -42    42 
  -16    16 
    4    -4 
   24   -24 
  -26    26 
   32   -32 
   26    26 
   -6    -6 
    2     2 
  -24    24 
   -2     2 
   24   -24 
    2    -2 
  -14   -14 
    2     2 
   22    22 
   26    26 
   28   -28 
  -22    22 
    2     2 
   -6    -6 
   10   -10 
  -32    32 
  -34    34 
   -8     8 
    2    -2 
   -2     2 
  -38   -38 
  -30   -30 
    6     6 
  -30   -30 
   30   -30 
    0     0 
    6     6 
   18    18 
   20   -20 
   -2     2 
   50    50 
  -46   -46 
  -30    30 
  -26    26 
   -6     6 
   24   -24 
   10    10 
   26    26 
   34    34 
  -26   -26 
   22   -22 
   30   -30 
   50   -50 
    6    -6 
  -38    38 
   16   -16 
   50    50 
   26    26 
   42    42 
    2     2 
   26    26 
   58   -58 
   -2     2 
  -38   -38 
   50    50 
   40   -40 
   14   -14 
   -8     8 
   -6     6 
  -40    40 
    0     0 
   58    58 
   54    54 
    4    -4 
  -20    20 
   10   -10 
  -22    22 
   26    26 
   38    38 
   -6    -6 
  -14   -14 
  -22   -22 
   22    22 
  -26   -26 
   10    10 
   -4     4 
  -30    30 
  -20    20 
  -26    26 
   26   -26 
  -36    36 
   42    42 
  -14   -14 
   10   -10 
  -34    34 
   18    18 
   14    14 
   -2    -2 
   30    30 
    6    -6 
  -10    10 
   50    50 
   46    46 
  -46   -46 
   42    42 
   14   -14 
    8    -8 
   14    14 
  -14   -14 
    2     2 
   34    34 
  -52    52 
