5 0
100
   -1    -1    -1     1    -1 
    0     0     0    24     0 
    6     4     4     2     2 
    1     1     1     1     1 
    3 1     3 1     3 1     1 0     3 1 
   96   216    24    24    24 
 -144 169  -144 169  -144 169  -200 177  -144 169 
    1 0     1 0     1 0     0 -1     1 0 
 -602 532  -602 532  -602 532   224 -378  -602 532 
    3 1     3 1     3 1     1 1     3 1 
    8    18     2    12     2 

    1     1     1    -1    -1 
   -1    -1    -1     1    -1 
    1     1     1    -1    -1 
   -1    -1    -1    -1    -1 

   -2     0     0     2     2 
   -1    -1    -1     1     1 
    0     0     0     0     0 
   -1    -1    -1     1     1 
    0    -2     6     3     4 
   -2    -4     4    -2    -4 
   -4     2     2     5    -2 
   -4    -8     8     4    -6 
   -4     2    -6    -6    -2 
   -8     4    -4    -5     0 
    6     8     0     0    -8 
    2    -2    -2    11     2 
    8     4    -4     4    -2 
   10    -2   -10     1   -12 
    4    -8    -8     2    -8 
   -2     4    12     0     0 
   -2     8     8     8     4 
  -12     2   -14    -8     0 
  -10    14   -10    -4    -8 
    0    10    -6     6     2 
    6    14   -10   -10    14 
   10     8     0   -15    -8 
    1     1     1     1     1 
   -6    -2    -2    14     6 
   -2     2     2     2    10 
    4   -16    -8     1    16 
    0     4    -4     4     8 
   14   -20    -4    16    -2 
  -18    10    10    17    10 
   14   -14     2    13    -6 
    2    -4   -12     3   -16 
   -8   -16   -16   -10     0 
  -10    16     0   -12    -6 
  -14    -4    -4   -16     2 
   12     4   -12    -3   -16 
   10    -8    16    23    -8 
    8     2   -22    17    20 
   10    -2   -10     7   -16 
  -10   -10   -18    -9    -4 
   20     2     2    11    -4 
   26    16     0    18   -16 
   26     2   -22   -10     0 
  -22    22     6    15   -10 
   16   -14    -6    -6    -2 
   -8   -16     8     8    -4 
  -20    -8     0    12    -4 
   20    22     6     9     8 
   20    16   -16     4     4 
   16     8    16   -14     0 
    8    28    -4    -8    16 
  -10   -22   -30     9     0 
   -8    -2   -10   -29     4 
    6   -22   -30    18   -14 
   20    10    10    14   -10 
   -8     8    16    16   -20 
   20   -20    20     7   -12 
   -8   -28    -4   -10    18 
    8   -28    12   -12   -30 
    4   -14     2   -11    22 
   16    -4    28    28   -22 
  -14    26    10     1    -6 
   -4   -28    20    32   -14 
  -20    16    16   -22    18 
   14   -10     6    -6    14 
  -30   -26   -26    17   -22 
   28   -26     6     9    28 
   20   -20    -4    10    24 
   26   -14     2    16   -10 
  -18   -14   -14     2   -26 
  -14   -20     4   -28    20 
   18   -16    32   -34     8 
    4    32    24   -18    -8 
  -24    28    12   -21    24 
  -10    26    10    13   -34 
   10    -4   -20   -26    -6 
   10    10    18    36    20 
   -4   -32   -16    28   -16 
   -2    16     8    -8    20 
    8   -22   -30   -27   -36 
  -32    22     6    -9   -10 
  -30    14    -2    19   -30 
  -38    26    10   -23    -2 
  -18   -10   -26    31   -26 
    0    14    -2    -2   -10 
  -18   -14   -38   -34   -38 
    8   -20    28   -19     0 
  -20   -40    16    34    32 
    6   -26     6   -33    38 
   22    22   -10   -17     6 
  -16    32   -16   -37    16 
   20   -40     8    14    24 
   12   -32   -32     2    16 
   32   -32    32    -8    -8 
   22   -14   -22     4   -32 
  -24    22    38     1   -24 
   -8    38   -18    -9    34 
  -22    -8    40   -34    14 
  -14    -2   -18    -9    34 
  -20    -4    20   -40   -14 
  -28    20   -36    -6     2 
