3 28
200
   -1    -1    -1 
    0     0     0 
    8     5     5 
    1     1     1 
    3 1     3 4     3 1 
   12    72    48 
  206 -147  -143 0   206 -147 
    1 0     0 1     1 0 
  764 -382  -573 573   764 -382 
    3 1     4 0     3 1 
    1    -4     4 
    1     1     1 
    0     0     0 

   -1    -1    -1 
   -1    -1    -1 

    1     1     1 
   -3     0     0 
    2    -2     2 
    2    -2     2 
    2     7    -1 
    2     7    -1 
   -2     0    -8 
   -2     0    -8 
   -6    -6    -6 
   -2   -10    10 
   -2   -10    10 
    2    12    -4 
    2    12    -4 
    0    -7     9 
    0    -7     9 
   -6     8    12 
   -6     8    12 
   -8    -5    -5 
   -8    -5    -5 
  -10   -14   -10 
  -10   -14   -10 
   16    -9   -17 
   16    -9   -17 
   -6   -17    -9 
   -6   -17    -9 
   -8     8    -8 
   -8     8    -8 
   14     6    14 
   14     6    14 
  -22   -21   -13 
    2    12     8 
    2    12     8 
  -10   -12    -4 
  -10   -12    -4 
   -2    -2    -2 
   -2    -2    -2 
  -22     2    14 
  -22     2    14 
   -8     9     1 
   -8     9     1 
   14     2   -10 
   14     2   -10 
   -2   -19   -11 
   -2   -19   -11 
   -4    -7    -7 
   -4    -7    -7 
  -16     4    20 
  -16     4    20 
   28     1     1 
   28     1     1 
   -2    14    -2 
   -2    14    -2 
   -2   -10   -26 
   -2   -10   -26 
  -16   -15    -7 
  -16   -15    -7 
   22   -17     7 
   22   -17     7 
   24     5    21 
   24     5    21 
    2   -18   -34 
   10    -2    -2 
   10    -2    -2 
  -14    10   -26 
  -14    10   -26 
   18   -28   -24 
   18   -28   -24 
  -26    22    10 
  -26    22    10 
   -2    23    31 
   -2    23    31 
   10    -2   -14 
   10    -2   -14 
   -6    -4    36 
   -6    -4    36 
  -14    22    22 
  -14    22    22 
  -14     2   -14 
  -14     2   -14 
    6   -11    -3 
    6   -11    -3 
  -22    19   -37 
  -22    19   -37 
  -14    -7   -23 
  -14    -7   -23 
   22   -40   -20 
   22   -40   -20 
    6   -13    27 
    6   -13    27 
   20    -9    23 
   20    -9    23 
   14    -2     2 
   14    -2     2 
    4   -21    -5 
    4   -21    -5 
   18    38   -42 
   18    38   -42 
   18   -10   -42 
   46    18   -14 
   46    18   -14 
   34   -32    40 
   34   -32    40 
  -14    32     4 
  -14    32     4 
  -46   -10    14 
  -46   -10    14 
    2    24   -28 
    2    24   -28 
    8    -7    -7 
    8    -7    -7 
   10    23   -17 
   10    23   -17 
  -32    20     4 
  -32    20     4 
    2    20    32 
    2    20    32 
   46   -14   -38 
   46   -14   -38 
  -46    46   -22 
  -46    46   -22 
  -14   -47   -23 
  -14   -47   -23 
   -8    35    -5 
   -8    35    -5 
  -46     9   -31 
  -46     9   -31 
  -32    23     7 
  -32    23     7 
   26    34     2 
   26    34     2 
   34   -18    34 
   34   -18    34 
   34     4    52 
   34     4    52 
   22    17     1 
   22    17     1 
  -30   -23   -39 
  -30   -23   -39 
   24    -3    -3 
   24    -3    -3 
   10    12   -20 
   10    12   -20 
   16   -12     4 
   16   -12     4 
   30    25   -15 
   30    25   -15 
    6   -57   -33 
   -6    42    42 
   -6    42    42 
   -6    -8    36 
   -6    -8    36 
  -38   -32    52 
  -38   -32    52 
   30    26    -6 
   30    26    -6 
  -10   -26     2 
  -10   -26     2 
   38   -46    14 
   38   -46    14 
   50    -2     2 
   50    -2     2 
  -36   -27    45 
  -36   -27    45 
  -44    25     1 
  -44    25     1 
   10    52   -32 
   10    52   -32 
   -2   -30    34 
   -2   -30    34 
  -30   -50    42 
  -30   -50    42 
  -14   -54    10 
  -14   -54    10 
  -46    14    14 
  -46    14    14 
   56   -20    -4 
   56   -20    -4 
    8    -1    47 
    8    -1    47 
   26   -28   -40 
   26   -28   -40 
   38    10    50 
   38    10    50 
   26   -49    -1 
   26   -49    -1 
   10   -11   -11 
   10   -11   -11 
   -6    22    54 
   -6    22    54 
   14    42   -10 
   14    42   -10 
  -34   -22   -34 
  -34   -22   -34 
  -24     5    21 
  -24     5    21 
  -30    -2   -66 
  -30    -2   -66 
  -22    37    29 
  -22    37    29 
   56     1    17 
