1 0
100
    1 
   24 
    4 
    1 
    1 0 
   24 
  105 34 
    1 0 
   36 312 
    1 2 
    4 

   -1 
    1 
    1 
    1 

    0 
    0 
   -1 
    4 
   -2 
    4 
    4 
    2 
    2 
   -8 
    0 
   10 
    8 
    2 
    8 
  -10 
   -2 
    4 
  -10 
   -6 
    4 
    2 
   -8 
   -2 
    0 
    0 
   -8 
   18 
   -1 
   16 
  -16 
   12 
   12 
   -4 
    8 
  -10 
   14 
    8 
   22 
   12 
  -14 
  -22 
  -14 
   -6 
   14 
   12 
   12 
    8 
   26 
  -18 
  -16 
  -22 
   -2 
   10 
    0 
  -32 
  -24 
  -26 
   14 
   24 
   16 
  -16 
  -12 
   14 
   30 
  -28 
    4 
   26 
  -22 
   -2 
    2 
  -16 
   22 
   26 
  -18 
   20 
    8 
    4 
  -38 
   34 
   12 
  -26 
    6 
  -38 
  -10 
  -26 
  -10 
   14 
   22 
  -24 
  -14 
  -18 
   16 
   22 
  -32 
   36 
   12 
   28 
  -28 
  -20 
