1 0
100
    1 
    0 
    5 
    1 
    4 3 
   48 
  -85 23 
    1 0 
 -240 -140 
    2 3 
    4 

    1 
   -1 
    1 

   -1 
    0 
    0 
   -3 
   -6 
    4 
   -5 
   -7 
    1 
  -11 
   -8 
    8 
   11 
    6 
   -9 
   -8 
  -13 
   -2 
  -12 
  -10 
   -4 
    4 
   -9 
   -1 
  -10 
   15 
   -8 
    2 
   -5 
    6 
  -19 
   12 
   10 
   -1 
   -7 
   -4 
   -3 
   13 
    6 
    1 
    7 
  -20 
  -10 
    6 
  -28 
   -7 
   -8 
  -23 
    0 
    4 
   20 
   16 
  -14 
  -28 
   15 
  -22 
    3 
   -1 
   29 
   26 
  -10 
    9 
  -12 
  -20 
   20 
   -3 
  -22 
    1 
   20 
   -2 
  -16 
   -8 
  -17 
   -1 
   -4 
  -15 
   12 
    2 
  -10 
  -14 
    8 
   -4 
   20 
   16 
  -12 
    0 
  -11 
   10 
    8 
   -5 
   29 
  -18 
  -32 
  -14 
  -16 
   20 
  -36 
    2 
   -8 
   14 
