1 4
100
   -1 
    0 
    6 
    1 
    5 0 
   24 
   71 82 
    1 0 
   48 552 
    3 2 
   -3 

   -1 
   -1 
    1 

    0 
    0 
    2 
    2 
    2 
    0 
    0 
   -4 
   -6 
   -6 
   -6 
   -4 
    2 
   -4 
    0 
   -8 
   -2 
   -4 
   -4 
    6 
  -10 
   16 
   14 
   10 
    2 
    0 
  -14 
   18 
   -2 
    2 
  -16 
   18 
   -4 
   -4 
   -4 
    0 
  -10 
  -14 
   -4 
  -20 
   24 
  -16 
   -1 
   -6 
   10 
   14 
   -8 
  -16 
   16 
    2 
  -12 
   -8 
    2 
  -14 
   -8 
   14 
   10 
   -2 
  -20 
   28 
  -10 
   -4 
    4 
    6 
   22 
   -8 
  -12 
   22 
   -2 
   14 
   -4 
   14 
   -8 
  -16 
   10 
  -20 
  -20 
  -30 
    0 
  -14 
   10 
   18 
   20 
  -30 
  -34 
   -2 
   16 
  -22 
  -22 
    4 
   -6 
   28 
  -20 
   32 
   12 
  -16 
    0 
   38 
    2 
  -40 
