1 12
200
   -1 
    0 
    4 
    1 
    8 1 
   12 
 -267 334 
    1 1 
 -334 1002 
    5 0 
    1 
    1 
    0 

   -1 
   -1 

    0 
    1 
    1 
    1 
   -2 
   -2 
    2 
    2 
   -1 
    1 
    1 
   -3 
   -3 
    4 
    4 
   -4 
   -4 
   -3 
   -3 
   -4 
   -4 
  -12 
  -12 
    7 
    7 
   10 
   10 
   14 
   14 
  -22 
   -3 
   -3 
  -19 
  -19 
   16 
   16 
  -10 
  -10 
  -11 
  -11 
   10 
   10 
  -10 
  -10 
  -24 
  -24 
   22 
   22 
   15 
   15 
   16 
   16 
   10 
   10 
   -8 
   -8 
    1 
    1 
  -24 
  -24 
  -30 
   21 
   21 
  -32 
  -32 
    8 
    8 
  -23 
  -23 
   11 
   11 
  -16 
  -16 
   19 
   19 
  -35 
  -35 
    0 
    0 
  -10 
  -10 
    4 
    4 
  -27 
  -27 
    4 
    4 
   34 
   34 
  -14 
  -14 
   14 
   14 
   36 
   36 
  -16 
  -16 
  -42 
   27 
   27 
   -1 
   -1 
   17 
   17 
    3 
    3 
  -13 
  -13 
   14 
   14 
   18 
   18 
   24 
   24 
   -5 
   -5 
  -36 
  -36 
   10 
   10 
  -22 
  -22 
   20 
   20 
   13 
   13 
   14 
   14 
  -28 
  -28 
   31 
   31 
  -18 
  -18 
  -16 
  -16 
  -16 
  -16 
   -4 
   -4 
   19 
   19 
    4 
    4 
    7 
    7 
  -42 
    8 
    8 
  -20 
  -20 
   -8 
   -8 
   40 
   40 
   20 
   20 
   35 
   35 
  -28 
  -28 
  -56 
  -56 
  -22 
  -22 
   18 
   18 
   13 
   13 
  -50 
  -50 
    3 
    3 
  -50 
  -50 
   -8 
   -8 
  -16 
  -16 
   27 
   27 
   55 
   55 
  -45 
  -45 
  -20 
  -20 
   46 
   46 
   -3 
   -3 
    4 
    4 
  -10 
  -10 
  -51 
  -51 
   10 
   10 
  -21 
