2 0
200
    1     1 
   96    96 
    4     2 
    1     1 
    1 0     1 0 
   96    96 
  -66 53   -66 53 
    0 -1     0 -1 
   80 -120    80 -120 
    1 1     1 1 
   48    48 

   -1     1 
   -1    -1 
   -1     1 

    0     2 
    0     0 
    0     4 
    1     1 
    2    -4 
    2     0 
    4     0 
   -4     4 
    1    -1 
    8     8 
    8     8 
    2    -8 
    2     0 
   -8    -6 
    0     6 
    6   -14 
   -2   -10 
    8    14 
    0   -14 
  -14     2 
   -6    10 
  -16     0 
    8     8 
    2     6 
   10   -18 
   16    12 
    8    16 
   -2    -2 
   14    -2 
   10   -10 
    8   -20 
   16     8 
    4    -8 
   12     4 
    0     8 
   -8   -16 
   18     4 
  -14     8 
   -8    14 
   16    -6 
   14   -22 
  -10   -10 
    2   -18 
  -14    14 
    8     0 
   -8     8 
  -12     8 
   12    -8 
   16     8 
    8   -20 
  -18    18 
   22   -10 
  -14    -2 
  -14   -18 
   16    16 
    0    -8 
  -14     8 
   18    -8 
   -8   -22 
  -24    -6 
    2    22 
    0    -6 
  -16    18 
  -22     6 
  -30    14 
  -12   -20 
  -20   -20 
  -14    10 
    2     2 
   22    10 
  -34   -34 
   24   -20 
  -32     0 
   10   -16 
   10   -24 
   28   -12 
    4    36 
   10   -20 
  -38    -8 
   10     2 
   -6   -22 
  -26    30 
  -10    30 
  -30     6 
   -6     6 
  -24    24 
    8     8 
    2    22 
  -30    30 
   16    24 
   -8    36 
  -32   -20 
   24     8 
   -4    32 
   20   -16 
  -32     6 
    0   -34 
    2    -2 
  -10    -6 
   38    34 
   16     2 
   40    -2 
   -4     0 
  -44   -40 
   18   -46 
   10   -30 
   26    10 
   10   -38 
    0     8 
   -8     4 
   34   -36 
  -30    28 
  -36    20 
    4     0 
   48     8 
   24   -32 
  -16   -14 
  -32    26 
  -18     2 
  -26   -10 
  -14    30 
  -46   -10 
  -20    -8 
  -12    12 
  -34    10 
  -18   -46 
   32   -28 
  -40   -32 
   42     4 
  -38    40 
   12    36 
   20    20 
   32   -40 
  -40     8 
   34    12 
    2    12 
   34    -2 
    2    -2 
  -48   -14 
  -32    34 
   20   -16 
   44   -28 
   40     0 
   16    44 
   54    10 
   46   -10 
   -6     6 
    2    56 
  -46    -4 
  -36    32 
   20   -36 
   18    40 
  -46     8 
   48    26 
   24   -26 
   -8    50 
  -16     6 
  -56    16 
   16    56 
  -38   -22 
    2    50 
  -48    -4 
   24    -8 
  -32   -56 
   24    -8 
   -6    24 
  -38   -20 
    2     2 
    2   -46 
   -2    38 
  -10    26 
  -14    -6 
  -14    34 
   24   -56 
  -40    64 
   36   -28 
   28    12 
  -16    52 
   24    40 
  -50   -34 
  -10     2 
  -48   -64 
   -8    60 
  -14   -24 
   18    48 
   50   -56 
  -14    32 
  -40    46 
   24   -26 
  -22   -26 
  -22     6 
   50   -38 
  -38    -6 
  -20   -16 
   36    32 
   18    38 
  -46   -58 
   18    28 
  -14    36 
    0   -40 
