4 11
100
    1     1     1    -1 
    0     0  1440     0 
   10    10    10     8 
    1     1     1     1 
    3 4     3 4     1 0    11 4 
   48    48  1440    48 
  -61 -92   -61 -92   139 -111   -61 -92 
    1 0     1 0     1 0     1 0 
    0 -582     0 -582   388 -194     0 -582 
    3 2     3 2     2 1     3 2 
   -2    -2   240    -2 

    1     1     1    -1 
   -1    -1    -1    -1 
   -1     1     1    -1 
   -1     1     1    -1 

   -1    -1    -1     1 
    1     1     1     1 
   -2    -2    -2     0 
   -2    -2    -2     0 
   -4    -4     2     2 
   -4    -4     2     2 
   -4     0     6     0 
   -4     0     6     0 
   -6   -10   -10    -6 
   -8    -4     8    -8 
   -8    -4     8    -8 
    4    -8    -2    -6 
    4    -8    -2    -6 
   -4    -4     8    -4 
   -4    -4     8    -4 
   10   -14    -2     6 
   10   -14    -2     6 
   -4     4    10   -16 
   -4     4    10   -16 
    2    -6     6    10 
    2    -6     6    10 
    0     8    -4     8 
    0     8    -4     8 
    1    -1    -1     1 
    1    -1    -1     1 
  -16    16    -8     8 
  -16    16    -8     8 
    6     6   -18    -2 
    6     6   -18    -2 
  -22    -6    -6    -6 
   -6     6     6     8 
   -6     6     6     8 
   -4     4    22   -16 
   -4     4    22   -16 
    8    -4    -4    -8 
    8    -4    -4    -8 
    4    -8    22   -14 
    4    -8    22   -14 
   -4   -12     0     4 
   -4   -12     0     4 
    0   -16     2   -14 
    0   -16     2   -14 
  -18    26     2   -14 
  -18    26     2   -14 
  -26    -2    10    -8 
  -26    -2    10    -8 
  -24    16   -14    -8 
  -24    16   -14    -8 
  -14    14    14     8 
  -14    14    14     8 
   -6    -6    -6    14 
   -6    -6    -6    14 
   22    18    30     2 
   22    18    30     2 
   -2   -14    -2    16 
   -2   -14    -2    16 
    8     0   -30     2 
    8     0   -30     2 
    4   -28     8    -4 
    4   -28     8    -4 
  -18   -30   -18     2 
   12    12   -12    12 
   12    12   -12    12 
   22   -26    22    10 
   22   -26    22    10 
  -32    -8   -26    24 
  -32    -8   -26    24 
   14     2   -10    -6 
   14     2   -10    -6 
   12    16    22     2 
   12    16    22     2 
  -10    14   -22    16 
  -10    14   -22    16 
  -32    28   -26    34 
  -32    28   -26    34 
   20   -12   -12    -4 
   20   -12   -12    -4 
   38   -34   -22   -18 
   38   -34   -22   -18 
   26    14    14   -22 
   26    14    14   -22 
  -18   -26    10   -10 
  -18   -26    10   -10 
  -34    22   -14    26 
  -34    22   -14    26 
   14    10    10    32 
   14    10    10    32 
   34    -2   -26    10 
   34    -2   -26    10 
   -4   -16    20    40 
   -4   -16    20    40 
   16    24    12    16 
   16    24    12    16 
   24    12   -18   -40 
   24    12   -18   -40 
  -20   -16   -22     0 
  -20   -16   -22     0 
  -46   -42   -30   -30 
    8   -24    -6    10 
    8   -24    -6    10 
