3 4
100
   -1     1     1 
    0    72   -48 
    8     6     4 
    1     1     1 
    4 5     1 0     1 0 
  192    72   -48 
  163 -42   -52 189   -52 189 
    0 1     0 -1     0 -1 
  483 -651  -273 -105  -273 -105 
    4 0     2 0     2 0 
    4    24   -16 

   -1    -1     1 
   -1     1     1 
   -1    -1    -1 
   -1    -1     1 

    0     0     0 
   -3    -1     1 
    1    -1    -1 
    0     0     0 
   -2     2    -4 
   -2     4     4 
    0    -6     4 
   -4     0    -4 
    6    -2     8 
    4     4     8 
   -8     2     4 
    1     1    -1 
   -2    10    -2 
    8   -12    10 
   -4     4     4 
    6   -10   -10 
  -10     4    -2 
    8    12    14 
   -4     4     8 
  -14    -4   -10 
   10    16     4 
    8     8     8 
    4    -8   -10 
   -6    -8   -10 
    2   -18    -2 
    0     8   -14 
   -8    14    -4 
  -10   -10    -2 
   10    -2     4 
   10    10   -14 
   -8    12   -16 
    8    -8     8 
    0   -16    -4 
   20     0    22 
    8     4    16 
    4   -16    10 
   22    -8    10 
  -14     4    14 
   20    -4    -4 
   -4     4   -16 
   -2    12     2 
  -10   -20    16 
    2    22   -26 
  -14   -22   -14 
    0    -4   -20 
    0    18   -10 
   12    -8     4 
  -16   -12    10 
  -12    -2    16 
  -16     6    14 
  -10    22    22 
  -26    -6    20 
   18    20    16 
    2    22     8 
   -8   -20   -26 
    4    20   -16 
   10     6    32 
   -2   -30     2 
   -4    16    -4 
   32     6     4 
   22    -2    -4 
   -8   -22     4 
    4     2    14 
   14    14    22 
   14     8   -10 
  -28     8    -8 
  -20    -4     4 
   -2    22    -8 
  -26    22     4 
   18     0     2 
   30    24    10 
  -12   -10    -8 
  -32    26   -10 
   14    30   -22 
  -26   -10    14 
  -12     4   -32 
  -20    20    28 
    2    12     2 
   38   -16   -14 
   26    14    32 
  -22     0     4 
   30   -14    26 
  -38   -34     8 
  -30    12    -2 
  -18    12    38 
    8    30   -10 
   24    -4    16 
   22   -22    16 
   26    38    10 
    8    -4   -40 
   -8   -16     8 
  -32   -32   -20 
  -32    16    16 
   40    28   -38 
   28    20    28 
   20    14    16 
  -16    16    -4 
   34    22    46 
   22    30   -22 
   34   -10     8 
