8 0
200
    1     1     1    -1     1     1    -1    -1 
   96    72    72     0    48   -48     0     0 
    8     6     6     6     4     4     3     3 
    1     1     1     1     1     1     1     1 
    1 0     1 0     1 0     1 3     1 0     1 0     1 3     1 3 
   96    72    72   120    48   -48    24    24 
  179 -21   179 -21   179 -21   115 -186   179 -21   179 -21   115 -186   115 -186 
    0 -1     0 -1     0 -1     1 0     0 -1     0 -1     1 0     1 0 
 -315 357  -315 357  -315 357   672 -399  -315 357  -315 357   672 -399   672 -399 
    2 0     2 0     2 0     1 3     2 0     2 0     1 3     1 3 
   32    24    24   -10    16   -16     2     2 
    0     0     0     0     0     0     0     0 
    0     0     0     0     0     0     0     0 

   -1    -1    -1    -1    -1     1    -1    -1 
   -1    -1    -1    -1    -1    -1     1    -1 
    1     1     1    -1    -1    -1     1    -1 
   -1    -1    -1    -1     1    -1    -1    -1 

    0     0     0     0     0     0     0     0 
   -3    -1    -1    -1     1     1     2     2 
    0     0     0     0     0     0     0     0 
   -1    -1    -1     1     1     1    -1     1 
    2    -2     6    -2     6     6    -2    -2 
    2    -2     2    -4     2     6    -3     5 
    0    -2     2     6     2     2     2     0 
    4     8     0     0     0     8     0    -6 
    6     2    -6    -2     6    -4     2    -8 
   -4    10    10    -4     2     2     4   -10 
    8     8    -4    -2     8     0    -6    -8 
    1     1     1     1    -1     1     1     1 
   -2    -2     6    10    -6    -6     2     4 
    8    -8     8   -12     4     8     2    12 
   -4     8    -8     4     8     4   -11     7 
   -6     4     4    10    -4    -2    -3    -5 
   10     0     4    -4    -8    -2    11    -1 
    8     8     0    12   -12     4    -2   -12 
   -4     4    -4     4    -4   -10   -14    -2 
   14   -16    -4     4     4   -12     4    -2 
  -10    -6    -2   -16    -2     2    13    -7 
    8    -4     4     8     4    -8   -11     5 
    4     0    -8    -8     4     0    -6    -8 
    6     0   -12     8   -12    12     0    -4 
   -2    -8     0    18    12    16     8     0 
    0   -14    18    -8     6    -8    -7     1 
    8     0    -4   -14    16    -4    11   -11 
  -10     6    -2   -10     2     2    14    14 
   10   -18    14    -2    -2    -4    -6    10 
   10    14    14    10    10    18    14     4 
   -8     8     8    12   -16    16    11     3 
    8    -8     0    -8     0     8     9     1 
    0     6   -10    16    -2    14   -10   -14 
  -20   -14    10     0    22     4   -13    -9 
    8     0   -16     4    -8   -18     0     4 
    4     0     8   -16     4     4     4   -22 
  -22    12     8     8    -4   -14   -14     2 
   14    22     2    -4   -14    10   -10    -4 
   20    -4    -4    -4    -4   -10    -8    14 
   -4    -4    12     4   -12     4    -1    -5 
    2    16   -12   -12    12   -12    -2    -6 
   10   -22    -2    20    22   -14    -6    26 
    2    18    10    22    14   -10    -7    -5 
  -14     6    22   -22     2    -6    -4     8 
    0   -16   -24     4     0    -4   -17   -17 
    0    14   -14   -18   -10   -16    -7    15 
   12    12     4    -8    -4     6    -6   -26 
  -16    16     0   -12    12   -20    -6    12 
   12    10    -2     2    -2   -14     0    26 
   16   -14    -2    -6     2    24     1    -9 
   10    -4   -20   -22    -8     4   -14   -28 
   26   -18    22     6    14   -14    -7     3 
  -18    14   -22   -20     2    26    17    25 
   -2    -2   -10   -22    22    22    -3    11 
    8    -2    22    20    10    -8    12   -16 
   -4    22   -10   -20    22    26    -8   -14 
   10   -26    22     6   -14    -4   -28   -12 
   -2   -10   -18   -30   -18   -30   -17    -9 
    4     4    28   -16    -4    -8     4    20 
  -32     6   -14    -6   -14   -22   -30     0 
   22    30    30    -2    -6    -8   -14   -20 
    8     2   -26    22    -2   -30    12   -32 
   -4   -10    34    -2   -10   -12   -21    25 
  -14   -26     6   -14   -18     6   -10   -14 
  -14   -10   -14    -8     2   -22    34    10 
  -28   -28    20     8   -20    22   -22   -10 
  -20    12   -12    -4   -12    12   -29     5 
   -2     2   -14    22    26     4    34     4 
  -26   -10    22    22    14   -16     2     4 
  -18    30   -30     0   -30    10    16     0 
  -30   -24     4   -24    -8   -10    22   -30 
   12    -2    18    10   -30    34    14   -26 
   32   -14   -10   -26   -14     8   -33     1 
   14    14    22    30   -26    14    26   -24 
  -26    22    -2   -10   -26    -6   -16    14 
  -12   -12    -4     4     4   -12    20    28 
  -20    32   -16    20    16    20   -21    17 
   -2    14    26   -12    34    18   -18   -36 
  -38    20   -16    16   -28   -34     3     7 
  -26    14   -26   -14    14     6    21     7 
   22   -14   -10     0   -10    30    11     3 
   30   -10    30   -14    30   -38    10   -26 
  -38    26    18   -34     6   -20    -8   -22 
   30     0    28   -12    16   -34   -30    -6 
   18    -6    -2   -12    38    14   -20    18 
   -8    18    14   -30   -14   -16     0   -36 
  -24    32    40     4   -32   -16   -17    -5 
   22     2    34   -22   -22    -8   -16     2 
   26    14    22    38     2    34    23    17 
    8     8   -24    -4     0     8   -29    11 
   -8    16     8   -16   -16   -14    -4   -22 
  -32     0     8   -32    -8   -40    37   -29 
  -32    -8    40    16    32    26   -40    10 
   40    -4    20    28   -32   -20   -40    16 
   28    40     8    20    16   -24    21   -13 
  -20    32    20   -14     8     8    14   -26 
   16    -2    14   -16   -26   -10    -4    32 
   34   -14   -38    22    14    -6     6   -38 
   22   -10   -42    30    30     2   -21     3 
   34   -30   -38   -10    -2   -12   -30   -10 
   28    44   -12    -4   -12   -12   -25   -37 
  -20    44   -36   -36    12   -38   -32    12 
  -16     4   -20    44    -8     4    26    26 
  -12    20   -28    12    20   -22   -32     0 
   14    28    20   -30    28   -14     6   -18 
   30   -20    -8   -12   -44   -18   -19    45 
   18    30     2    -4   -14   -30   -14   -22 
   30   -48   -12   -32   -24    42   -33     7 
   36    34   -10    18   -34     2   -30     0 
   -8   -32     8   -36   -32     4   -10    12 
  -26   -38    26    -6    26   -26   -25    15 
  -42    -2   -34    -6   -34    -6   -11   -39 
   28    40     4     6    16    -4   -40    48 
  -20   -28   -32   -26   -28    -4    19   -11 
   -8   -20   -12   -28    12    -4    40     8 
  -12    36    28     0    40    -4     0    -6 
    4   -36     4   -16    20   -20    48    26 
  -16   -38    46   -42    46   -14   -36    30 
   26    16   -48   -38     0     6    11    25 
   34    48    44    40     8    34    -9    -5 
  -30     6    46   -22   -22    14    39    29 
  -14    34   -14   -46    14   -26    -7    47 
   40     2    10   -20   -46    38    38    10 
   -4    42   -46   -24   -10     4    36    12 
   -6    38    38   -26   -50     8   -44   -32 
  -10    14   -10    14    34   -42   -21   -31 
    8    16    28   -38    16    24    40    28 
  -28    26   -46   -24   -14    -2   -12   -18 
  -14    24   -24   -22    36    16     8   -34 
   34   -14    42     6    -6    30    31    33 
   20    28   -20   -16   -20    12    31    -1 
  -28     0     8   -32   -16   -16    -5    19 
   -8     4   -12    40    36    32     0    40 
    0   -40     8    24    40     8    -4     0 
  -18   -18     6   -10    42    34    49    -1 
   34   -14     2   -54    10   -20    28    -6 
  -46    26    14    12    -2   -42    36   -36 
  -30   -22    34    14    10     2   -22   -16 
  -44   -48    20    10   -32   -48     7   -11 
   44   -24    52    14   -32     4   -44    32 
   28     2    10   -40    22   -28    16    -4 
    0     2   -38    28     2    14    52   -38 
   40   -24     0    44   -24   -16    19   -49 
  -24    -8    24   -12    24     4    -8   -24 
   18    40    20    32    28    12    38    50 
   34    40    32   -10   -28   -16    46   -46 
   34    46   -50    38   -22    22   -27    11 
  -54    48    -4    24   -16    42    13    21 
   -6    36    44     6   -44    46    47   -51 
  -20    50   -42    -6    42    36   -29   -51 
  -12   -44    20    20    -4   -24    31   -37 
  -50    18   -38    -6   -38    22   -28     6 
    6   -46     2    34   -46    34   -44    40 
  -44   -20    44   -16   -20   -50    18     2 
   12   -36     4     4    -4   -44    -1     1 
  -44    16    16    52     8    -4    12   -32 
    8   -16   -32     8    44   -12     4     2 
   -8   -40    16    48   -40    40    25    27 
   32     0    24   -40     0   -22   -30    26 
  -50    28   -52    38    52   -38   -47   -25 
   42     2   -22   -58   -22    18    52    26 
   24    40    56    56    32   -22   -34    38 
  -48    48    -8    -4   -56    32     3   -49 
   52    32   -40   -44   -20     4   -10    16 
    8   -16    16    40    56    24    -8    -8 
   46    18    -2    20    38   -42     6   -28 
   22    14   -50    14    22   -10     8     2 
  -30    -6    -6    34    42    50   -43   -11 
  -30    -6    18   -26   -54   -46    10   -14 
    6    18    38    32   -50    18    20    50 
   14    46   -42    58    30   -14    18    28 
  -46    46    14    -6    38   -34    55    51 
  -46    14    38     6   -58    46     6     6 
  -24    -4    60   -56    12    -8    14    28 
    0    20     4   -32    28    60    25   -59 
  -48   -48   -40   -52    44   -64     8   -16 
   36    24    48    -8   -48    28   -44   -32 
   56    44    16     6   -52   -32   -16   -24 
    8    16   -20   -54   -32    56    38    -6 
   26    28    20    46     4    10    22    10 
   62    14   -50    14   -26   -34    10   -22 
   16   -44    28   -28   -44    -4     8     8 
   60    44     4   -24   -32    28   -46     6 
   50    26    -6    50    30    12    64    14 
  -18   -30    26    58    26   -22    15    55 
    2     6   -42    34   -18    20    24    22 
   66   -10    22     2    62    52    52   -46 
    4     6    38    52   -46    60   -49    31 
  -20   -28     8   -62   -44    56   -33   -11 
   30   -26   -58    22    50     0    34   -26 
   42    38   -34   -26    38    10   -46   -14 
  -34    18    -2     4    22   -22    14   -50 
   14   -38    34    50    50   -10   -31    35 
    8    -4    36     8    48    40     8    32 
  -52    20   -12   -28    36   -24   -12    68 
   58    18    10    22   -10    34    56   -26 
  -14   -58    -2    18   -22    50    47   -63 
   62    26    26     6    26   -42   -14   -18 
   18   -62   -30    42    30    16    20   -24 
   60   -30    30     6    54     2    32   -12 
