1 2
100
    1 
    0 
    8 
    1 
    3 1 
   48 
    6 91 
    1 0 
  -74 370 
    3 1 
    4 

    1 
    1 
    1 
   -1 
    1 

   -1 
   -1 
    0 
   -1 
   -4 
   -4 
   -6 
    4 
   -6 
   -2 
   -8 
    1 
   -1 
  -12 
   -2 
    6 
  -14 
  -12 
   -8 
  -10 
  -14 
  -14 
  -12 
    4 
    8 
   12 
  -18 
    4 
   16 
   22 
    8 
    8 
   16 
   12 
    8 
   -8 
   -2 
    2 
   18 
   -8 
   14 
   10 
    6 
  -10 
  -18 
    4 
  -20 
   12 
  -16 
  -16 
   14 
   10 
   20 
   -8 
    8 
    8 
  -12 
   -8 
   -8 
   -6 
  -14 
  -12 
  -12 
   14 
    6 
  -22 
  -12 
   18 
    2 
  -26 
   -2 
  -24 
   24 
  -34 
   26 
   -4 
    8 
   14 
   -2 
   28 
  -16 
    8 
  -28 
    6 
  -34 
  -16 
   18 
  -16 
    8 
  -12 
   14 
   -4 
   -2 
    4 
   10 
   24 
  -34 
   18 
  -32 
  -36 
