1 2
100
    1 
    0 
    6 
    1 
    3 1 
 3120 
  108 -67 
    1 0 
  390 -160 
    3 1 
 -260 

   -1 
   -1 
   -1 

   -2 
    1 
   -2 
   -4 
    2 
   -2 
   -4 
   -6 
    1 
   -4 
   -2 
   -6 
   -6 
   -2 
    6 
    2 
    2 
    0 
   -8 
   -6 
  -10 
    4 
   10 
  -14 
  -14 
   -8 
  -14 
  -14 
  -10 
   -6 
   16 
    6 
    6 
   -2 
  -10 
    4 
  -14 
  -10 
  -10 
    8 
    2 
  -14 
   22 
  -14 
    0 
   16 
   -6 
    8 
    6 
  -18 
   -6 
   10 
   18 
  -26 
   24 
   12 
  -14 
  -22 
   24 
  -22 
    2 
  -22 
  -26 
  -30 
   18 
  -32 
  -34 
  -14 
   18 
    2 
   18 
   12 
   -4 
   -6 
   -6 
  -10 
   -2 
   10 
   -2 
   14 
    2 
    2 
  -10 
    6 
    2 
   -6 
  -26 
  -22 
   10 
   10 
    8 
   -2 
  -20 
   22 
   -6 
  -14 
   22 
   18 
   -6 
    2 
