2 0
100
   -1     1 
    0   324 
   11     9 
    1     1 
    4 3     1 0 
   36   324 
  203 156    45 -145 
    1 1     1 0 
  936 -78   234 -390 
    5 0     2 1 
   -1    54 

   -1    -1 
   -1    -1 
    1    -1 
    1    -1 
    1    -1 

    0     0 
    1     1 
   -3    -1 
   -1     5 
   -1     1 
   -1     1 
   -1     1 
    6     2 
    7    -1 
   -8     8 
    8     8 
   -3    11 
   -7    -1 
   -5    -1 
   11    -1 
   -2   -10 
  -12    -4 
   -2   -10 
   -8    -4 
   -6   -10 
    4    -4 
   -6    14 
    2   -10 
    0    -4 
   12     8 
    2    14 
    8    -4 
   11     5 
   -9    -7 
   -2   -10 
   -4     8 
   -2     2 
    9     5 
   -7     5 
    1   -13 
    5    23 
   12    -4 
    4    20 
  -10   -10 
  -16    20 
   -2     2 
    6   -22 
  -14     2 
   22   -10 
  -12   -16 
   16    20 
  -27    17 
   -5   -25 
  -23    11 
   21    23 
   13   -13 
   11     5 
  -10    26 
  -26   -22 
   -7    11 
   -9    29 
  -14     2 
   32   -16 
   20    -4 
   -4   -28 
   21   -19 
   -2   -22 
   12    20 
   -1    -1 
  -13    11 
  -24   -28 
  -28   -16 
   13   -19 
   15   -25 
   23    -7 
  -15    -1 
  -10    26 
  -16   -28 
   -2   -10 
  -32     8 
    6   -10 
  -20   -16 
   -2   -22 
  -30   -34 
    4    32 
  -32    -4 
   -9    17 
   35   -19 
  -31    -7 
  -13    11 
   18    26 
  -26    14 
  -36    20 
  -20   -28 
  -32     8 
    8     8 
  -16   -16 
  -12    20 
  -20    -4 
  -30    14 
   40   -16 
   16   -40 
  -30   -22 
    1   -25 
   15    17 
