4 2
200
    1    -1     1    -1 
    0     0    72     0 
    6     4     2     6 
    1     1     1     1 
    8 1     4 3     1 0     5 0 
   48    96    72    48 
   16 69    49 117   189 -143    49 117 
    1 0     0 1     0 -1     0 1 
  -91 377   663 -195   -91 377   663 -195 
    3 2     4 0     2 0     4 0 
   -4     4    24     6 
    0     0     0     0 
    0     0     0     0 

    1     1     1    -1 
   -1     1    -1    -1 
   -1    -1    -1    -1 
   -1    -1    -1    -1 

   -1    -1    -1     1 
   -1     1     3    -1 
   -2     2     2    -4 
   -2     2     2    -4 
    1    -1     1     1 
    1     1     1     1 
   -4    -8     0    -4 
   -6     6    -6     2 
   -2    -2     6     2 
   -8    -4     4    -4 
    0     4     4     8 
    2     2    10     2 
   -6    -6    10     2 
   -6    -6     6     2 
    6     6     6    -4 
    2    -2   -14     2 
   -2     2    -2    14 
    0   -12     4    -4 
   -4     8    -8    -4 
  -10   -10   -10   -10 
  -10     2    14     2 
  -14   -14   -10     2 
   -4     4    -4     8 
  -10    14   -14     8 
   -2    14    -2   -10 
   14     6    18     2 
    6   -18     6   -16 
   -2   -18    -2     2 
    6   -18    10   -16 
    2   -14     6     8 
   -2    -2     2    14 
  -12   -12    -4     8 
   16   -16     0    -4 
  -14     2   -18   -10 
    8     4   -20   -16 
  -10    10    22   -10 
  -14    10    18     2 
  -14   -14    18    14 
   14     2   -10     2 
  -14    14     2    14 
  -18   -18   -22    20 
   -2    -2   -22    20 
  -10     2   -18   -22 
   -6    18     6    -4 
  -20   -20    -4    20 
   -2   -10    14    -4 
    8    -8    16    20 
  -18     6    -2   -28 
   10   -10   -14    14 
   22     2    -2   -10 
  -10    10   -10    14 
    1     1     1     1 
   10    14   -14    26 
   -2    -2   -26   -10 
   -8   -20    12   -16 
   18    30     6    -4 
   22    -2   -22    -4 
  -18   -18   -22     8 
   28    20   -12   -28 
   -2    14    -6    14 
   10   -22    18   -10 
    0    20   -28    -4 
  -26   -14     2     8 
  -22     2    30     8 
   14    10     6    26 
   24   -12    20   -28 
   -8   -20    -4   -28 
  -30    30    18    14 
  -34     2   -18     2 
  -14    26   -26    -4 
    2    10    10   -10 
  -32   -32   -32     8 
   20     4   -20     8 
    2   -22    22    -4 
   34   -14   -26    -4 
    2    38    18     2 
    2   -34   -30     2 
  -14    22     2   -22 
  -22     2    14   -16 
   -6     6    10   -10 
  -34    14   -26    14 
    2   -26    26     2 
    6     6    14   -10 
    6    18    -2     2 
  -30    38   -38   -10 
    6    30    26   -22 
  -26    22    14   -28 
  -10   -10    26     8 
    6     6   -10   -22 
   42     6   -26     8 
   -8    -4     4     8 
   18   -34    -6   -10 
    2   -18    18     2 
    2   -34    30    -4 
   14   -22    -6    20 
   -8    -8   -16   -16 
  -22    26    26     8 
  -14    26    26   -10 
    2    -6    42   -34 
   38    22    18    32 
   22    22    34   -10 
  -36    12   -20   -28 
   -6   -14     2   -28 
    4   -36    44    32 
   -6   -38   -22   -22 
   34   -46    14   -28 
   -6    30   -14    38 
    2    10    22     8 
   30   -42    14   -28 
  -18    30   -22     2 
   30    -6   -26     2 
   22   -34    22     2 
   34   -26    30   -16 
    0   -28   -12    -4 
  -46    -2     2    38 
  -24    20    20     8 
    0    36   -28    -4 
   22   -38   -22   -40 
  -38   -38   -18   -40 
   10   -34    -6   -22 
  -30   -30   -14     2 
  -14   -14   -14   -10 
   50   -10     6     8 
  -28   -40   -24    -4 
   22    22    46   -22 
   22    38    10     8 
   38   -26   -10    44 
  -44   -44    20   -40 
  -34   -10    -6    32 
   -2    14    30     2 
  -20    40   -40   -28 
   -4    16   -16    20 
  -48   -24     8   -40 
   40     0   -16    -4 
  -10    10    22   -46 
  -26    50    22    38 
  -46   -14   -30   -46 
   10   -46    42   -34 
   50    14   -50    32 
    8     4   -44    44 
  -34    10   -34     2 
    2    54    50     2 
   22    -2    42   -46 
   48    24   -24   -40 
    6    30    14   -10 
  -54    -2    26   -34 
   14     6   -30   -40 
   26   -22   -54    26 
  -42    -6    30    14 
  -18   -42   -50   -52 
   34    26    22    14 
  -38   -14    26    38 
   -6   -22   -10   -16 
   26    34    -2     2 
   30    54    46   -16 
  -26   -58    -6   -22 
   30     6    30     8 
  -24    48    24    32 
  -48    24    48    32 
    2   -22   -58   -52 
  -34    58   -10     2 
  -32     4    44   -40 
  -14    -2   -22   -34 
   30     6    10    50 
  -42    30    22   -52 
   26   -22   -38    14 
  -62   -14    58   -46 
   38   -34   -18   -34 
   30    54   -54    20 
   62     2    22   -34 
  -14    34   -14    26 
  -26     6   -30    -4 
   -2   -10   -18    14 
  -14   -22   -18    14 
    4   -52    12   -40 
  -26    34    18     8 
    8    44   -36    20 
   58    34   -14    -4 
  -14    58    46   -34 
   42   -46     6     8 
   34    26   -42    44 
   10     6    62   -52 
  -40    -4    44    56 
   22    22    14   -34 
  -26    50   -10   -22 
  -26   -26   -38    56 
   26   -38    34    38 
    8    28   -52    -4 
   -8   -28    20    20 
    2   -10   -22   -22 
   -2    46    38    50 
  -34    46    34   -28 
  -22   -38   -14   -34 
   40    40    16   -52 
  -52    44    28    20 
   66    54    34    14 
   10   -22    -2     8 
   14   -38    -2     2 
   26    46    10    14 
  -38    50     2   -40 
