1 0
200
    1 
   12 
    6 
    1 
    1 0 
   12 
  -34 212 
    0 -1 
 -143 -247 
    1 1 
    6 

   -1 
   -1 
   -1 

   -2 
   -1 
    5 
    2 
    1 
    1 
   -7 
   -7 
   -1 
    8 
   -1 
    2 
   -7 
    8 
    2 
   14 
    8 
   -4 
    2 
    5 
   -4 
   -1 
   -4 
    8 
    2 
   14 
  -13 
    2 
   11 
   -7 
  -16 
   11 
  -16 
   -4 
   14 
    5 
    2 
  -13 
    8 
    2 
  -25 
   11 
   14 
   14 
   -1 
  -25 
    5 
    5 
   -4 
    2 
   14 
   14 
  -22 
   -1 
    2 
  -28 
  -25 
  -28 
   -4 
   -4 
  -16 
   -7 
   32 
  -10 
   -4 
  -13 
    8 
   -4 
   26 
   -1 
   26 
   17 
   17 
  -13 
   23 
   20 
    2 
   29 
   14 
    8 
    2 
  -10 
  -10 
  -34 
   26 
   20 
  -10 
  -10 
   38 
   20 
    8 
  -31 
  -25 
  -13 
   14 
   14 
   20 
  -31 
   26 
  -13 
   -4 
   17 
   44 
   -4 
  -28 
   32 
    5 
   23 
   14 
   -7 
  -10 
    2 
   35 
  -46 
   11 
   20 
   41 
  -34 
  -13 
   32 
  -28 
   32 
    8 
    1 
  -10 
   -1 
  -10 
  -25 
   44 
    8 
  -46 
   32 
   41 
   17 
  -16 
   11 
   38 
   14 
  -22 
  -28 
   38 
   32 
   -4 
   32 
   14 
    2 
   47 
   35 
  -28 
   14 
   41 
   14 
   17 
   17 
  -16 
   26 
   53 
  -31 
   56 
   44 
  -37 
  -28 
  -19 
   56 
  -16 
    8 
  -16 
    2 
  -61 
   29 
   14 
  -31 
  -46 
   26 
   62 
   38 
    8 
  -55 
   14 
  -28 
  -10 
  -37 
   11 
  -52 
   26 
  -16 
  -34 
  -10 
  -46 
  -46 
   41 
  -28 
   14 
   47 
  -16 
   32 
  -49 
   11 
   26 
  -13 
