1 0
100
   -1 
    0 
    2 
    1 
    5 4 
 1872 
 -135 91 
    0 1 
 -221 676 
    5 0 
  -78 

    1 
   -1 
   -1 
    1 

    2 
    1 
   -2 
    0 
   -1 
    1 
    0 
    1 
   -2 
    2 
   -2 
    2 
   -1 
    2 
    8 
   -2 
  -10 
   12 
   -2 
    2 
  -10 
    8 
  -10 
   -2 
    2 
    4 
   18 
    2 
  -10 
   -2 
   -2 
    6 
    2 
  -10 
  -18 
    8 
  -10 
  -18 
  -14 
  -18 
  -18 
   -6 
   18 
  -18 
  -26 
  -16 
    2 
   -2 
   26 
   -4 
   -6 
   18 
  -10 
   14 
  -20 
   14 
  -22 
   26 
   10 
  -20 
   18 
    8 
    2 
  -14 
   14 
  -30 
   10 
   18 
   -2 
   -2 
   26 
  -28 
  -28 
  -14 
  -26 
   10 
   -8 
   -6 
  -14 
  -22 
   -2 
  -10 
  -22 
  -22 
   -2 
   18 
   36 
  -18 
  -10 
   24 
  -24 
    8 
    4 
   36 
   20 
  -14 
    4 
   14 
  -18 
   -2 
