2 0
100
   -1     1 
    0   144 
    6     1 
    1     1 
    5 0     1 0 
   72   144 
  183 -90  -228 135 
    1 0     0 -1 
  728 -84   322 -364 
    3 2     1 1 
    9    72 

    1    -1 
    1    -1 
   -1    -1 
   -1     1 

   -2     3 
   -1     1 
   -1     1 
    1     1 
   -2     1 
    4     6 
    6     7 
    0    -8 
  -10   -10 
    0     6 
   -8     6 
    6    -3 
   -8    -8 
  -10     8 
   10    13 
    0    -2 
   14    -7 
   -2     1 
   -8   -14 
   -6    -3 
   10    12 
   12   -12 
    4    -7 
  -18   -10 
   14    15 
    8    -4 
   -8     6 
    0    -8 
   10     7 
   -6     3 
    0     4 
   12    -1 
   -8    14 
    0    -6 
  -16    -7 
    0     3 
   -8    -4 
  -16   -14 
   12     4 
   -6     4 
  -22   -10 
   -4     0 
   -2    14 
  -10   -26 
    8   -15 
  -20   -20 
   22    -4 
   -4    -4 
   12    13 
   16    -2 
    2   -29 
  -16     6 
   18    15 
   22   -20 
   -8    -6 
    0   -16 
   10   -25 
   16     0 
   -2     3 
   -6   -12 
    6   -13 
   22    -8 
  -20    12 
  -18   -10 
   -6    -5 
   34    13 
   12     8 
   -6   -26 
    2    29 
   14   -18 
   12    22 
  -24    -2 
  -32    28 
  -34    29 
  -32   -36 
   14   -11 
  -26    19 
   -2   -35 
  -26     5 
   30    -6 
   30    34 
    0    40 
  -14    -5 
  -22   -39 
  -22    26 
    8    33 
  -16    18 
   38    -5 
   18    10 
  -32    22 
    4     7 
  -12   -11 
   -8     4 
    8    16 
    8    26 
   16    22 
   22   -33 
    2     4 
    2    23 
   22   -27 
