5 0
100
   -1     1     1    -1     1 
    0   252   144     0   960 
    8     7     6     3     8 
    1     1     1     1     1 
    4 3     1 0     1 0     4 3     1 0 
   72   252   144    60   960 
   65 93   129 4   129 4    65 93   129 4 
    1 0     1 0     1 0     1 0     1 0 
 -150 660   120 270   120 270  -150 660   120 270 
    2 3     1 2     1 2     2 3     1 2 
   -7    42    24    -2   160 

    1    -1    -1    -1    -1 
    1     1     1     1    -1 
   -1    -1    -1    -1    -1 
    1     1    -1     1     1 
   -1    -1     1     1     1 

    0     0     0     0     0 
   -1    -1    -1    -1     1 
    1     1     1     1     1 
    0     1     2     5     0 
   -2     6     4     2     2 
    4     4    -6    -4     6 
   -2    -1     4    -5     0 
   -1    -1     1    -1    -1 
    1     1    -1    -1    -1 
   -6    -9     0     7    -8 
    0     9     0    -7     8 
   -2     8     2     4    -6 
    2     1     0    -3     2 
    4     9    -6     5     0 
   12    -1     8    -1     4 
   -6    10    -6   -10    10 
   -4    -2    14   -10    10 
   -2     0    -2   -12     8 
    0    -8    -2   -16     4 
    0   -10     0    -2    -2 
   -2    -7    12     5   -10 
   -8     1   -16    -3    -8 
   -8     4    12   -16     4 
  -12    -6   -16    10   -10 
  -14     8    10   -12    -2 
   -8    -6     6    -2     8 
   -6    12    10   -16     4 
  -10    -4    -2     8    -2 
   18    15   -14   -17    -2 
    8   -15    -2     5    10 
   -8    -8    -4   -12     8 
  -12    17    -4    -7     8 
    0    -8     0     0     0 
   10    16    12     0    20 
  -12     4    16    20     0 
   10    17     8     5   -20 
   -6    -5     6   -13     2 
    2    18     2   -18     2 
  -12   -13    10   -17   -12 
   -4    19   -16   -21     4 
    2    -7    22   -23    22 
   16    13     2   -15   -10 
   16    -4     6    20    10 
    6     3    16    15   -10 
   24   -24   -16    16    16 
   20    14    24     2    -8 
  -24     2   -24    22    -8 
  -12    -5     4    23   -12 
   24   -19   -14     9     4 
   20    16    22     8     8 
  -20    29    22    25   -10 
  -10   -20    -6    16     6 
   22    -4    18    24    14 
  -10     0   -10   -12    18 
   16   -27    -8   -11    24 
   -8     2   -28    22    -8 
  -30    22     8   -26    -6 
  -26    25    16    21   -14 
    4    21   -14     1    16 
   14   -26    20    14     4 
  -10   -16    34    20   -10 
  -26     4   -16    20    20 
  -12   -12    -4    -8    12 
   26   -26     8   -26    14 
  -26   -34    16   -26    14 
    4     4   -12   -28   -28 
  -28    14    12   -14    -4 
   22    -3     6    -3   -18 
   -8    20    28    -8    22 
   26    14    -2   -34     6 
  -30    14   -14     2    22 
   24   -31   -14   -27   -12 
  -14    12     8    -8    -8 
  -22   -17     2    23   -22 
    4    20   -32     0    10 
  -28     2     4   -22   -12 
   -4   -28   -28    -4    36 
  -30    19   -28    -1    -6 
   36    16     8     0    10 
   -4     7    10     7    22 
  -26   -10    -2    -2    18 
   22    -6    -6    -6   -26 
   20     1   -10    21   -34 
  -18   -20   -16     4    14 
  -16    14   -14   -18     2 
  -14   -24    36     0    20 
   -8   -17    20   -13    32 
   24    10   -24     2   -18 
   36    10   -12    22   -18 
   24   -13    -4   -29    16 
  -40    28    -2     4   -36 
  -10   -12    12   -32   -32 
   32   -21    16    27    32 
   40   -40    12   -12   -12 
   32   -18    12    -6   -16 
  -22   -14     2    34    24 
    4   -16   -22    12   -28 
   -8    17    -2    13   -22 
   10     4    34   -32    -2 
  -18    -4     2     8    -2 
