8 2
100
   -1    -1    -1    -1     1     1     1     1 
    0     0     0     0    48    48    36    24 
   12    10     8     8     8     8     6     4 
    1     1     1     1     1     1     1     1 
    5 0     5 0     5 0     5 0     1 0     1 0     1 0     1 0 
   24    48    24    24    48    48    36    24 
   71 -182  -313 111    71 -182    71 -182    69 -151    69 -151    69 -151    69 -151 
    1 0     2 0     1 0     1 0     1 0     1 0     1 0     1 0 
  576 -768  -480 -192   576 -768   576 -768   288 -384   288 -384   288 -384   288 -384 
    3 2     2 3     3 2     3 2     2 1     2 1     2 1     2 1 
   -1    -3     1     2     8     8     6     4 

   -1    -1    -1    -1    -1    -1    -1    -1 
    1     1    -1     1    -1     1    -1    -1 
   -1    -1     1    -1    -1     1    -1    -1 

    0     0     0     0     0     0     0     0 
    0     0     0     0     0     0     0     0 
   -4    -2     0     0     0     0     2     4 
    0    -4    -4     0     0     4     4     0 
   -2    -2    -6    -2    -2    -6    -2    -2 
    1     1    -1     1     1    -1     1     1 
   -4     0    -8     0     0     8     0     4 
    4    -2    -4    -4     4     4     2    -4 
   -6    -2     2     2     2     2    -2    -6 
    0     4     8     8    -8    -8    -4     0 
    0    -2     8    -4     4    -8     2     0 
   10    -6    10    -6    -6    10    -6    10 
    6    10     6    -2    -2     6    10     6 
    8     0    -4    -4     4     4     0    -8 
   -4    -8     8     8    -8    -8     8     4 
   -6    10    10    10    10    10    10    -6 
    2    10    -6     2     2    -6    10     2 
   -8   -12    12    -4     4   -12    12     8 
  -12    14    -4     4    -4     4   -14    12 
   14    10    -2    -2    -2    -2    10    14 
   10    14    10     2     2    10    14    10 
   -4     2     0     0     0     0    -2     4 
   -8     6    -8     4    -4     8    -6     8 
   18   -18    10    10    10    10   -18    18 
   -2    14     6    -2    -2     6    14    -2 
    0    -8     4    -8     8    -4     8     0 
    0     8    -8    -8     8     8    -8     0 
  -10    10     2   -10   -10     2    10   -10 
   14    -2   -14    14    14   -14    -2    14 
    2   -14    18     2     2    18   -14     2 
   12    22     0    -8     8     0   -22   -12 
    8    -2    -8   -12    12     8     2    -8 
   20    -4     0     8    -8     0     4   -20 
    8    16    12    -4     4   -12   -16    -8 
   -8   -12     0    -8     8     0    12     8 
    8     2    -8   -12    12     8    -2    -8 
  -18     2   -10     6     6   -10     2   -18 
  -18   -18    14    22    22    14   -18   -18 
    4   -20   -16   -16    16    16    20    -4 
  -12   -10   -12    -4     4    12    10    12 
   -2    10   -22    -2    -2   -22    10    -2 
  -10    22   -22    22    22   -22    22   -10 
    2   -14   -14   -14   -14   -14   -14     2 
  -14   -10     2    18    18     2   -10   -14 
   -4   -18    -8     0     0     8    18     4 
   16    -2   -24     4    -4    24     2   -16 
  -20    10    -4   -12    12     4   -10    20 
   -4   -26    -4   -12    12     4    26     4 
   -8     0    -8    -8     8     8     0     8 
  -24    18    16   -20    20   -16   -18    24 
  -10    14   -14   -10   -10   -14    14   -10 
  -10   -10    -6   -10   -10    -6   -10   -10 
   10   -10    18   -14   -14    18   -10    10 
   30   -18    22    -2    -2    22   -18    30 
  -16    16   -20   -16    16    20   -16    16 
   28    10    -8   -32    32     8   -10   -28 
    6   -22    10   -10   -10    10   -22     6 
   14     2    -6   -18   -18    -6     2    14 
   20   -26     4    20   -20    -4    26   -20 
   -4   -18   -28    20   -20    28    18     4 
   -2    10    14    -2    -2    14    10    -2 
  -20    -2   -28    28   -28    28     2    20 
    8    16     4    20   -20    -4   -16    -8 
   10    -6   -22    10    10   -22    -6    10 
   26     2    26    -6    -6    26     2    26 
  -20    22    28     4    -4   -28   -22    20 
    8   -12    20   -28    28   -20    12    -8 
  -30     6     2    10    10     2     6   -30 
   -6    14    26    18    18    26    14    -6 
  -10     2   -10    30    30   -10     2   -10 
   10   -14    10    26    26    10   -14    10 
  -32    32   -16     0     0    16   -32    32 
  -24    -4    20   -16    16   -20     4    24 
  -22    -6    34    10    10    34    -6   -22 
  -38    -6    10    10    10    10    -6   -38 
    4   -14    -4   -20    20     4    14    -4 
   -4   -12    -8   -16    16     8    12     4 
  -30   -22    -6   -14   -14    -6   -22   -30 
   38    30   -34    -2    -2   -34    30    38 
    2    30   -22   -38   -38   -22    30     2 
   22    -6   -34   -10   -10   -34    -6    22 
   22   -10     2   -10   -10     2   -10    22 
  -26   -14    -6   -10   -10    -6   -14   -26 
   -6   -14    -6    26    26    -6   -14    -6 
   26    -6    26    -6    -6    26    -6    26 
  -24   -40    20   -32    32   -20    40    24 
  -40   -16   -40     0     0    40    16    40 
   18    22   -22    42    42   -22    22    18 
   14    34    38    -2    -2    38    34    14 
  -16   -32     4   -16    16    -4    32    16 
  -20     2     0   -32    32     0    -2    20 
  -40   -18    -8    12   -12     8    18    40 
  -32   -28    16   -32    32   -16    28    32 
  -24     8   -20     4    -4    20    -8    24 
   12   -14    20   -44    44   -20    14   -12 
  -16    36   -12    12   -12    12   -36    16 
   -4   -40    16     8    -8   -16    40     4 
  -14    14   -14   -30   -30   -14    14   -14 
  -18   -38     2   -34   -34     2   -38   -18 
   30    -2    -6    -2    -2    -6    -2    30 
