1 0
100
   -1 
    0 
    2 
    1 
    3 1 
   12 
  192 -83 
    1 0 
  658 -140 
    3 1 
    1 

   -1 
    1 
   -1 
    1 

    2 
    1 
   -1 
    1 
   -6 
    0 
    0 
    0 
   -2 
    0 
   10 
    2 
   -6 
   -4 
    4 
   -6 
  -14 
   -8 
   -8 
   -4 
  -10 
    0 
    8 
  -12 
   12 
   -8 
  -16 
  -14 
   10 
   18 
   12 
  -16 
   16 
    8 
    8 
   16 
  -12 
   22 
  -12 
  -16 
  -22 
   22 
   -6 
   -2 
   10 
  -10 
   -4 
    8 
   10 
  -28 
  -14 
    4 
    2 
   -4 
   14 
   -8 
  -18 
    6 
  -24 
  -26 
   14 
   -4 
  -10 
   -2 
  -14 
   20 
  -12 
   22 
  -34 
  -34 
   -2 
  -10 
   28 
   14 
  -30 
   28 
   36 
  -24 
   -6 
  -14 
  -10 
   34 
    6 
    8 
  -26 
   26 
  -32 
   18 
   26 
  -16 
   32 
   12 
   16 
   20 
   -4 
    4 
   16 
  -14 
  -42 
  -34 
