7 0
200
   -1    -1    -1     1     1    -1     1 
    0     0     0    24    12     0    24 
    8     8     8     8     4     8     8 
    1     1     1     1     1     1     1 
    1 3     1 3     1 3     1 0     1 0     1 3     1 0 
   36    12    48    24    12    12    24 
 -188 129  -188 129  -188 129  -107 -39  -107 -39  -188 129  -107 -39 
    1 0     1 0     1 0     1 0     1 0     1 0     1 0 
 -576 -48  -576 -48  -576 -48  -176 -224  -176 -224  -576 -48  -176 -224 
    1 3     1 3     1 3     2 1     2 1     1 3     2 1 
   -3     1    -4     4     2     1     4 

    1     1     1     1     1    -1    -1 
   -1    -1    -1    -1    -1     1    -1 
   -1    -1    -1     1     1    -1    -1 

   -1    -1    -1    -1    -1     1     1 
    0     0     0     0     0     0     0 
    0     0     0     0     4     0     0 
    2     2     4     4    -2    -2    -2 
   -6     2    -2     2    -2    -6     2 
    2     2    -2     2     2     2     2 
    4     0     0    -2     2    -4     0 
   -2    -2    -8     4     6     2     2 
    8     4     2    -4     6     8     4 
   -4     8     4    10    -6     4    -8 
   -2    -2     4     4    10     2     2 
   -2    -2   -10    10    -6    -2    -2 
    2    -6     6    -2     2     2    -6 
    2    -6     0     8     6    -2     6 
   -4    -4     4    -4    12     4     4 
   -2    -2    -2     2     2    -2    -2 
   -6     2    -2   -10    10    -6     2 
    8    -8    -4    -4     4    -8     8 
    4    -4     4     8     8    -4     4 
    2    -6    -6    -6     6     2    -6 
  -16    -4     2     4    -2   -16    -4 
    0     0     8     0     4     0     0 
   -2   -10    -4    16   -10     2    10 
   -8   -12    -6   -12   -10    -8   -12 
    6   -10     2    -2    14     6   -10 
    4    -4    -8   -16    16    -4     4 
   -4    -8    -4     2    10     4     8 
   12    16   -10    20   -10    12    16 
   -4    16   -10   -20   -18    -4    16 
  -10     6    -6    22    10   -10     6 
  -20     8     4     2    18    20    -8 
    2   -22     4    -8   -22    -2    22 
   12   -20     4    -8     4   -12    20 
    2     2    -8    20    10    -2    -2 
  -16     0     0    12     4    16     0 
   14   -18    12   -12   -22   -14    18 
    1     1     1    -1    -1     1     1 
   14    14    -2    -2    -2    14    14 
  -20   -20    -4    16   -12    20    20 
   -6   -22    16     4   -14     6    22 
  -14     2     6    18    10   -14     2 
    0   -20    -2     8   -26     0   -20 
   -2    -2   -14    10    14    -2    -2 
  -18    -2     2    14   -14   -18    -2 
   -8   -16    24     0     8     8    16 
   20    28    -8     8    16   -20   -28 
    4   -16   -16   -10     2    -4    16 
  -20    12   -12    -4     0    20   -12 
    0     4    20    -2   -14     0    -4 
   12   -12   -24    24   -28   -12    12 
  -10    -2   -26   -10   -14   -10    -2 
   12    16    14   -20   -10    12    16 
  -18   -10     2   -26   -22   -18   -10 
   16    -4   -22   -20    22    16    -4 
  -20    20     8   -32    -4    20   -20 
    8    -4   -28    -2     2    -8     4 
  -12     8    -2    20   -26   -12     8 
  -12     8   -18   -12   -26   -12     8 
    6    14    24   -24    10    -6   -14 
   -4     0     0    18    14     4     0 
  -14   -14     2   -22   -14   -14   -14 
   32    20    16     2    10   -32   -20 
   28    -4    28    20    20   -28     4 
  -26   -18    10     6    26   -26   -18 
   22    -2    10    14     2    22    -2 
   12   -20    20   -32    -4   -12    20 
   20   -28    -4    20    -8   -20    28 
  -20   -32    10   -32    22   -20   -32 
  -30   -22    34     2    -2   -30   -22 
    2   -14    -2   -22    14     2   -14 
  -18    14   -34    34    34   -18    14 
   -8     4   -20    26   -18     8    -4 
  -28   -20   -16    32   -24    28    20 
  -14    -6     6   -18    10   -14    -6 
   26    26    22    14    10    26    26 
  -16    16   -36    12    -8    16   -16 
  -20    24    24   -18   -22    20   -24 
  -22    34    -2   -10     2   -22    34 
  -14    18   -18     6   -14   -14    18 
  -18    14    26   -10   -10   -18    14 
   20     8   -14    16    14    20     8 
  -20    32    -2   -20    -2   -20    32 
   34     2   -10     2    10    34     2 
   34    18   -30   -38    10    34    18 
   22    22   -14   -10   -30    22    22 
   26    10    20    20   -10   -26   -10 
  -16   -16   -16     4    28    16    16 
    6    22    10   -10    22     6    22 
   22    14   -38    -2   -30    22    14 
   36    -4    -8   -16     4   -36     4 
    8    20   -20    10   -18    -8   -20 
   16   -40    -8    32    24   -16    40 
   -8    -8    16    20   -12     8     8 
    4   -28   -28    -4    40    -4    28 
  -32   -36   -24   -42   -10    32    36 
   14    38     8   -16    10   -14   -38 
  -16    44    32   -10    14    16   -44 
   10   -22   -14    34   -22    10   -22 
  -12    40   -10    28    22   -12    40 
  -10    22   -34    -2    30   -10    22 
   -2   -18    -8   -12    38     2    18 
    8    36    24   -10    -2    -8   -36 
   12    44    -4     4   -16   -12   -44 
   28    -4   -44   -16   -44   -28     4 
  -34   -10   -14    38    26   -34   -10 
  -42    30    18   -34   -30   -42    30 
  -10     6    10    -6    46   -10     6 
  -26   -10    10    10    14   -26   -10 
  -32    -8    16   -28    32    32     8 
   26   -14   -28   -16   -38   -26    14 
  -22     2   -26    22   -14   -22     2 
   42    -6     6    -6    -2    42    -6 
   -6    26   -40    -4    42     6   -26 
   24   -20    40     2    -6   -24    20 
  -24    -8    32   -20     4    24     8 
   32     8    32    32    12   -32    -8 
   10    -6   -32    36     2   -10     6 
    4     4   -36    12    28    -4    -4 
   30   -34    38   -22   -14    30   -34 
  -38   -14   -10    14   -38   -38   -14 
   18   -46   -14   -34   -26    18   -46 
   46    22    34    14    -6    46    22 
   -4     4   -28   -20    -8     4    -4 
   34    10     8     8   -34   -34   -10 
  -18    46     6    30   -26   -18    46 
  -10   -10     6    30     6   -10   -10 
    8   -32   -16    32   -28    -8    32 
    8    32   -40    -8    32    -8   -32 
  -52    16   -26   -20   -34   -52    16 
   -4    16    22    28    46    -4    16 
   26   -30   -24     0    14   -26    30 
   16    12   -24    30    46   -16   -12 
  -40    52    28   -14   -10    40   -52 
   20    28   -32   -16   -32   -20   -28 
   20     8    -2    44   -10    20     8 
  -10   -10   -10    38    22   -10   -10 
    2    34   -46     2    10     2    34 
  -38    42   -14   -54   -30   -38    42 
    8     4   -24     6   -10    -8    -4 
  -40     8   -28   -44     0    40    -8 
  -54    26    56   -44   -38    54   -26 
  -44   -12   -12   -12   -28    44    12 
  -24   -48   -40    48    32    24    48 
  -24   -20    44    46   -38    24    20 
  -56   -28   -10    32   -34   -56   -28 
    8    52    38    16   -10     8    52 
  -32    -4   -14   -28   -50   -32    -4 
   22     6   -10   -30    26    22     6 
   10   -46     6    30   -14    10   -46 
   10    10     8   -28   -30   -10   -10 
   -4    20    -4   -28    16     4   -20 
   18     2   -50    26    14    18     2 
  -26    38    14    10   -30   -26    38 
    4   -52     4    -8   -16    -4    52 
   34   -22   -56    40     6   -34    22 
   36   -44    36   -24     4   -36    44 
   28    44   -12   -12   -60   -28   -44 
  -16    40    32   -40    -4    16   -40 
  -20    32   -28   -34   -50    20   -32 
   10    42    -6   -38     2    10    42 
  -22   -38    26    22     6   -22   -38 
    0     8   -40     4    48     0    -8 
  -20    52    -8   -32   -32    20   -52 
   -4    52    40    40     4     4   -52 
   56     8    56     8   -28   -56    -8 
  -22    10   -26    -2    58   -22    10 
  -38    18     6    30   -46   -38    18 
   -4    16    58    32   -10    -4    16 
   16    -4   -22   -20   -26    16    -4 
   34   -62   -34    50   -10    34   -62 
   22    22    -2    26    50    22    22 
  -30    42    26   -54   -26   -30    42 
  -12     8   -14    16   -34   -12     8 
   20    -4   -56   -56   -20   -20     4 
    8    28    52   -10   -14    -8   -28 
   38   -50    -8    -8    34   -38    50 
   20    40    16    26     6   -20   -40 
  -44   -48   -36    -6    26    44    48 
    6    14   -44    -8    14    -6   -14 
    6   -10    46    26    10     6   -10 
   18   -22   -34   -10   -46    18   -22 
  -56   -52   -44   -10   -62    56    52 
  -26    38     4   -52   -54    26   -38 
   22     6     6   -42   -26    22     6 
    8     4    -2    16    46     8     4 
  -30    66   -18    18    18   -30    66 
   -8   -28    22   -40    14    -8   -28 
   42   -14   -40   -16    46   -42    14 
   20     4    44     8   -20   -20    -4 
  -50    14    10    46    38   -50    14 
   26   -38    10   -46   -22    26   -38 
   52   -40    26    -8    22    52   -40 
   -6   -38    34   -14     2    -6   -38 
    8    56    52   -44    24    -8   -56 
    0   -28   -32   -22    34     0    28 
  -18    22    34   -50    26   -18    22 
   -2    62    50    -2   -14    -2    62 
  -46    50    14    10    50   -46    50 
    4     8   -10   -44   -50     4     8 
  -36     0    12   -26    22    36     0 
