1 0
200
   -1 
    0 
    5 
    1 
    5 4 
  672 
  181 -120 
    1 0 
  782 -238 
    3 2 
  -42 
    0 
    0 

    1 
    1 
    1 

   -1 
    0 
    2 
   -2 
    5 
    1 
   -3 
   -1 
    9 
    4 
   -6 
  -10 
   -4 
   -5 
    1 
   10 
   -8 
   -4 
   12 
   14 
   -2 
    8 
    2 
   -2 
   -8 
  -11 
  -13 
   -4 
   -6 
    5 
   -7 
   21 
    2 
   -1 
    8 
   -8 
    1 
  -13 
   10 
  -20 
   -8 
  -18 
   14 
   -6 
    4 
   -4 
  -24 
  -14 
   19 
    5 
    2 
   -2 
   -8 
  -12 
    3 
  -31 
   26 
   -6 
   -4 
   14 
   -1 
   -4 
   20 
   -4 
    8 
  -19 
   -5 
  -22 
   22 
  -25 
  -17 
    4 
   -8 
   14 
   -6 
   -6 
    8 
    4 
   32 
  -31 
  -23 
  -17 
    3 
   -3 
   29 
   34 
  -26 
   27 
   13 
  -24 
  -20 
   -6 
  -20 
    6 
   16 
  -20 
   16 
   31 
  -18 
  -20 
  -38 
   20 
   20 
   -2 
    7 
  -23 
  -10 
   24 
   36 
   16 
  -31 
  -19 
  -34 
  -22 
  -25 
   33 
    8 
   34 
  -13 
  -15 
   -6 
   -4 
   30 
   32 
  -44 
   -4 
   16 
  -52 
   30 
   42 
  -37 
  -25 
  -30 
   -6 
   49 
  -13 
    7 
   13 
    2 
   38 
  -28 
  -22 
   54 
   -8 
  -18 
   14 
  -30 
  -56 
  -16 
   12 
   20 
   32 
   22 
   29 
   13 
    8 
   20 
   25 
   27 
    2 
  -54 
  -27 
   23 
   22 
   18 
  -58 
    6 
  -22 
   26 
   49 
   31 
   19 
  -43 
   45 
   41 
  -48 
   48 
  -43 
  -45 
  -37 
    3 
  -23 
  -37 
   -4 
  -14 
   18 
  -40 
  -59 
   -7 
  -30 
   24 
    0 
  -16 
   17 
  -37 
  -58 
  -24 
   54 
   46 
    8 
