3 5
100
   -1     1    -1 
    0    72     0 
    6     6     4 
    1     1     1 
    5 0     1 0     5 0 
   48    72    48 
   10 -156   202 -91    10 -156 
    0 1     0 -1     0 1 
 -585 -39  -221 403  -585 -39 
    4 0     2 0     4 0 
    7    24     5 

   -1    -1    -1 
   -1     1     1 
   -1    -1    -1 
   -1    -1     1 

    1     1     1 
   -1    -1     1 
   -2    -2     2 
   -2     5    -2 
    1    -1    -1 
    1     1     1 
    6    -1     2 
   -2    -2    -6 
    8     1     4 
    4     4    -4 
   -5    -5    -1 
    3    -4     7 
  -10     4    -2 
    5    -2    -3 
   -9    -2    -7 
    8     1     8 
   -6   -13     2 
   -1    -8   -11 
   -2    -2   -10 
   14     0    -6 
   -5     2     9 
    1     8     9 
  -14   -14    -2 
  -14    14    -2 
    4    18   -16 
   13     6     5 
    7    14    -7 
  -14    14     2 
   -9    12   -11 
    2     2     2 
   13    13   -11 
    7     7     1 
    0     7     8 
  -14    -7   -14 
    6    13    -2 
  -19    16   -23 
  -11     3     5 
   12   -16    12 
    4    11   -12 
    6   -22    18 
    8    22     4 
   -8    20    12 
  -18   -11    10 
   -4    24    12 
   20    -8   -28 
    2     2    10 
   20   -22   -16 
   23    -5     9 
   11     4    -9 
  -26     2     2 
    6    13   -14 
  -14    28    -2 
    1     1    -1 
    4    18    20 
   -6     1   -22 
   11    11    25 
  -27   -13    19 
   22     1     2 
    6    20   -22 
    6     6   -10 
   -9     5   -23 
  -17    11    -3 
  -32    10     8 
  -35    14    -5 
   -6    22   -26 
  -12     2   -28 
  -21   -28    33 
   20    13   -32 
   20   -22    -4 
    2    37     6 
   -2    12    -2 
   -4   -11   -32 
  -10   -17    -2 
  -23    -2   -33 
    8     1     8 
  -20   -27     4 
  -15    34     5 
   -6   -13    -2 
   18    25    14 
  -12    -5    32 
   25    -3   -35 
  -29     6   -23 
   13    13    33 
   -4    31    -4 
   24   -11   -28 
  -29    -8    35 
  -16   -16    16 
   24    31    -8 
  -26     2   -18 
   -4   -32   -16 
   -8    -8     8 
   -2    26   -30 
  -19     2    17 
   -9    12    13 
   -5   -40     1 
   -3   -24    -3 
   18    11    38 
  -26   -40    -2 
   20     6    16 
   -4    38    32 
