13 4
100
    1    -1    -1     1     1    -1    -1    -1    -1     1    -1    -1     1 
  -84     0     0  -216   -60     0     0     0     0  -768     0     0   252 
   14    16    12    12    10    16    16    12    16     8    12     8    14 
    1     1     1     1     1     1     1     1     1     1     1     1     1 
    1 0     3 4     4 5     1 0     1 0     3 4     3 4     3 4     3 4     1 0     4 5     3 4     1 0 
  -84    96    24  -216   -60    48    72    72    96  -768   144    96   252 
   -4 -95   183 -118   183 -118    -4 -95    -4 -95   183 -118   183 -118   183 -118   183 -118    -4 -95   183 -118   183 -118    -4 -95 
    1 0     1 0     1 0     1 0     1 0     1 0     1 0     1 0     1 0     1 0     1 0     1 0     1 0 
  280 -392   784 -224   784 -224   280 -392   280 -392   784 -224   784 -224   784 -224   784 -224   280 -392   784 -224   784 -224   280 -392 
    1 3     3 2     3 2     1 3     1 3     3 2     3 2     3 2     3 2     1 3     3 2     3 2     1 3 
   -2    -4    -1    12    -2    -2     3     3     2   -40     2     1    18 

    1     1     1     1     1     1    -1    -1    -1    -1    -1    -1    -1 
   -1    -1    -1    -1     1     1    -1     1    -1     1     1    -1    -1 
    1     1     1     1    -1    -1     1     1     1     1    -1    -1    -1 
    1     1    -1    -1     1    -1     1    -1    -1    -1     1     1    -1 
    1    -1     1    -1     1     1     1     1    -1    -1     1    -1    -1 

   -1    -1    -1    -1    -1    -1     1     1     1     1     1     1     1 
    0     0     0     0     0     0     0     0     0     0     0     0     0 
   -1    -1    -1    -1     1     1    -1    -1    -1    -1     1     1     1 
   -1    -1     1     1    -1     1    -1     1     1     1    -1    -1     1 
   -1     1    -1     1    -1    -1    -1    -1     1     1    -1     1     1 
    0    -2     2     2     4    -2    -2     2    -2     6     2     6     0 
   -6     4    -4     0    -2     0     0     4    -4     4    -4    -4     6 
    2    -4     0    -8    -2    -4    -4     0     4     4    -8    -4    -2 
    8     2     6    -2    -4    -2    -2    -6    -6    -6    -2    -6     4 
    8     8    -8    -8    -4    -8     0     0     0     0     0    -8     4 
    8     0    -4     0     4     0     8    -8    -8    -8     4    -8     4 
   -2     6     6    -2    -2    10     2    -6    -2    -2     6     6    10 
   10   -10   -10     6    -2    10    -6    -6     6   -10    -2   -10     2 
   12    -4     4     4    -4     0    -8     0     4    -4    -4     4    -8 
    2    -4   -12    -8    -6    -4     4    -8    -4    -4     4    -4    10 
   -2     6    -6    -2     2    10    10     2    -2   -10    -6    14    -2 
    2   -10     2    -2   -14     2    10    10     6    -2     2     6     6 
    2    12    12     8    10    -8     8    -4    12    12    -4     4    10 
   -4    -4     4   -12     4    -4   -12    12    -4     4    -4   -12   -12 
  -14    -6     6    10     6   -10     6   -10    -6    10   -10     2    10 
  -10    -6     6    -6   -14    10    -6    -6   -14    10    14    -6   -14 
  -10     0     4    -4     6    -8     0    -4     8   -16     4    16    -6 
    8    -8    16     8    12    -4     4   -12    -8     8     8    -8     0 
    8     2    -2   -10     8   -18     6    -6   -14     2   -10     2     4 
   -2     2    14    -6    -2    10   -14    10     2    10   -18   -14    -2 
   16     8   -12     8     4     0     8    -8   -16    16    12   -16     4 
   -6     0     0    -4     6     4     4     8     8   -16    -8    -8    -6 
  -14   -10     2     6   -10   -14    -6    18   -10    -2    18    -2     2 
  -20    14   -10    10   -12   -10   -18   -14    -2    14     6    14    -4 
   -2    -6     2     2     2     6    22   -10    10    10   -14     2   -18 
   10     0    12   -12    10    16    -8    12    -8    16    -4     0    -2 
    8     8   -16     8     4   -20     4     4    -8     8    -8    -8    -8 
   -4   -12     4    12     0   -16     8     8   -20     4   -12   -20   -12 
   20    12   -16     4    -4     4    -4   -20    20    20     0    20   -20 
   16   -16   -12   -16    -8    16    16    -8     0    16   -20   -16    16 
  -10     8    -8    12    14    12    -4     8     0    -8     0    16    18 
   10    14   -18    -2    -2    14   -18    22    14    14     6    -2    14 
   16   -18    14    18     8    22    14     2    14    -2   -10    -2     0 
   12     4     8    20    24   -12     4    -4    -4     4   -16    -4    -8 
  -12    12     4    -4    -4     4    12   -12    -4     4     4    12    12 
   -2   -10    -6    14    14    10   -22     2   -10     6    -6    22    -6 
  -22   -10    18    -2   -22   -10   -10   -10    14     6    18   -10    -6 
  -12   -14   -14    -2     4    14    14     2    -6    -6     2   -14   -16 
   22     2    10    10    10   -18    -2    -2   -14   -14   -22    -6   -18 
   -4     8    -8   -16    28    20   -20   -20     0    -8     8     8     8 
    0    -8     8    16   -16    -8     8   -16     8    24   -24    -8     8 
   20    12    -8     4    20    -4   -20    20    12    -4     8   -28    20 
    4    20   -12     4   -20   -12   -12    12     4     4    -4    12     4 
  -16    16   -24    16   -16    -4   -12   -20    -8    16     8   -16    20 
  -28     8     4     0     0    16   -24    -8   -16     0   -12   -24    -8 
  -14     6    10    -2     2   -10     6   -26    14     6    -6   -26   -14 
   14   -10    10     6    22    -6   -22   -22   -10     6   -22   -10    10 
  -14     2    22     2    22   -14     2    18    10    18    30     2   -10 
  -10   -14   -18    26    18   -18    -2   -26   -14   -14    -2    10   -26 
    6     8     0    20    10     8    24    20   -16    32     8     8    -2 
  -10    -8   -16   -20    18    -4   -20    24     0     8     8   -16     6 
    2   -26     6    22    18   -26   -18   -26     6    14     6   -10   -22 
   22   -10    14   -10   -10   -10    -2   -26   -10    -2    14     6    22 
  -24    -4    -4   -20     4   -28   -28     4   -20    -4    -4   -28   -28 
  -10    -4     4    16    10    24     8   -28   -12    -4   -28    20    -6 
   10     2    26    18    10     2   -22   -30   -14    10    10   -14     2 
   16    20     4   -20    12   -28     4   -28    20   -12    -4   -12    12 
   16   -12    -4   -12    12    20   -28     4     4   -12   -20    12    12 
  -16     2   -26    14    28    14   -34    18     2    -6     6    10    20 
   10   -30   -26    26    10     6    22    14   -22     2   -26    34    22 
  -30   -20   -20   -24    10   -20     4     8    12    28    -4    28   -22 
   28    12   -28   -28    12   -20   -20    12   -20   -20    28     4   -12 
   -2    10   -10   -14   -14    14   -10    -2   -22     2    14   -22    14 
   -6    -6    -2    18   -18   -18    22    30    26   -14   -26   -22    -6 
   22   -10    -6    30   -14    26   -22   -30    -2    22    26   -34    -2 
   14    -2   -26    -2   -30    30   -34     6    14    -2    14   -18    10 
   16     0   -16    24     8     8   -24   -16   -32   -16   -32    32     0 
    4     8    28    32     0   -32    -8    24     0    32    28    -8   -24 
  -24   -10   -34   -22    -4    -2   -26   -14   -10    22   -26    14     0 
   -4   -26   -10    34     8   -26    -2    34   -10   -26    14   -18    -4 
  -12    -4   -20   -28    20    16   -24   -16    20   -36   -28   -28     0 
  -16     4   -16    36    16   -36    -4   -36   -28   -28    16   -20   -16 
   12   -18     6    26    28   -18   -10   -14   -34    30    -2   -18   -20 
    6    22     2     6   -18     2   -22    34     6   -18     2    22    10 
  -20    26   -18    22    28    14     6    18   -22   -22   -10    -6    16 
   10    10   -10    26    10    10   -14     2    10   -30   -10    10   -22 
  -22    22   -10   -10    10   -34     6    -2   -26    30   -10   -26    26 
  -10    -2     2    14   -18    34   -38     2   -26    22    18    30   -14 
  -40    26    22   -26    -4   -34    14    34   -38    18   -10   -14    12 
   34    -6   -26    18   -14   -34    -2    22     2    10     6    -6    -2 
   -4    16    -4    40    -8    16     8    24     8   -40   -20   -16   -40 
    0   -40     8    32    24    16   -16     8    -8     8    -8    -8     0 
  -38   -22   -22   -22   -14    18   -14     2    -6   -22   -22    10    -6 
   26   -14    -2   -38    -2   -10    14   -10    18    26    22    18   -22 
  -12   -24     8    16     8   -28    -4   -28    24   -24     0   -40    12 
   32    -8     8    -8    32    -8   -16    16     8    16   -16    16     8 
   34    40    -8     4    34    12    12   -16   -16    24    16    16    22 
   32    32    12    -8     8    -8    -8     8   -16    32    20   -16    16 
   20     4    20     4    -4    36     4   -20   -12    20    -4    28     4 
   34    36   -20    32   -22   -20     4    -8    36   -28   -20    20   -30 
   20   -20   -16    -4    28   -36   -28    -4    20   -28    16     4    12 
   24   -28   -36     4   -12    40    16    -8    -4     4    -4    -4   -16 
   24    34    34   -42   -16   -10    22     2    10   -38   -14   -14    20 
   26    38     2    -2   -22    10   -30    18   -34   -18   -14    22   -10 
   30    14    46    -2   -18    -2     6    14    14   -10    14    -2    30 
