4 29
100
    1     1    -1    -1 
    0     0     0     0 
    8     8     4     4 
    1     1     1     1 
    3 1     3 1     3 4     3 4 
   48   576    48    48 
 -109 78  -109 78  -152 0  -152 0 
    1 0     1 0     0 1     0 1 
 -406 203  -406 203  -609 609  -609 609 
    3 1     3 1     4 0     4 0 
    4    48     8     8 

    1     1     1     1 
   -1    -1     1    -1 
   -1    -1    -1     1 
   -1    -1    -1    -1 

   -1    -1    -1    -1 
   -3    -3     1     1 
    1     1    -1     1 
    1     1     1    -1 
   -6    -2     6    -2 
   -6    -2    -2     6 
    0    -4     0     0 
    0    -4     0     0 
  -10    -6     2     2 
   -4    -8     0    -8 
   -4    -8    -8     0 
    6   -10    10     2 
    6   -10     2    10 
  -10    12    -4     0 
  -10    12     0    -4 
   -8   -10    -2     2 
   -8   -10     2    -2 
   12   -12     4   -12 
   12   -12   -12     4 
   16     2    -2   -14 
   16     2   -14    -2 
  -14     0    -8    -4 
  -14     0    -4    -8 
   -8    -6    -2     2 
   -8    -6     2    -2 
   -8    -8     8   -16 
   -8    -8   -16     8 
   10   -18   -18   -18 
   10   -18   -18   -18 
  -22    -6    10    10 
  -14    16    -8    -4 
  -14    16    -4    -8 
  -20    -4   -12   -20 
  -20    -4   -20   -12 
  -20    -8    -8     0 
  -20    -8     0    -8 
  -16    22   -14    -2 
  -16    22    -2   -14 
    2     4    -4     8 
    2     4     8    -4 
  -14     6    14   -10 
  -14     6   -10    14 
   10     2    -2     6 
   10     2     6    -2 
    8   -24     0   -16 
    8   -24   -16     0 
  -10     4     8     4 
  -10     4     4     8 
   -8   -16    -8    16 
   -8   -16    16    -8 
   12    14    14    -6 
   12    14    -6    14 
    2    18     2    18 
    2    18    18     2 
    8     8    -8     8 
    8     8     8    -8 
   -6   -10     6    22 
   -6   -10    22     6 
    4    -4    20    -4 
    4    -4    -4    20 
  -30   -30     2     2 
  -12    12    32     8 
  -12    12     8    32 
   14    10    18    10 
   14    10    10    18 
   26   -20   -16   -12 
   26   -20   -12   -16 
  -26    34   -30    26 
  -26    34    26   -30 
  -30    14    14   -10 
  -30    14   -10    14 
   24    24    28     4 
   24    24     4    28 
   -6    22   -10   -10 
   -6    22   -10   -10 
    6    -4   -28     8 
    6    -4     8   -28 
   22   -18   -18   -18 
   22   -18   -18   -18 
   16    18    -2   -14 
   16    18   -14    -2 
   10   -26     2    18 
   10   -26    18     2 
  -16   -22    38    10 
  -16   -22    10    38 
   16    -8    32    24 
   16    -8    24    32 
  -10    10   -22    -6 
  -10    10    -6   -22 
   12   -16   -16    40 
   12   -16    40   -16 
   -4    24    16     8 
   -4    24     8    16 
  -20     4   -20   -20 
  -20     4   -20   -20 
   12    12     4   -28 
   12    12   -28     4 
  -10   -46     2     2 
   34    30   -38   -22 
   34    30   -22   -38 
