2 2
200
   -1     1 
    0    48 
   12     8 
    1     1 
    5 0     1 0 
  192    48 
 -101 186   -59 -93 
    1 0     1 0 
 -676 728   -26 -338 
    3 2     2 1 
   -8     8 
    0     0 
    0     0 

    1     1 
   -1    -1 
   -1    -1 
   -1     1 
   -1    -1 

   -1    -1 
    1     1 
   -4     0 
    4     3 
    1     1 
    1    -1 
    0     7 
    0    -6 
   -6    -2 
    4    -7 
   -4     7 
   -2    10 
    6    11 
    4     8 
    4     0 
   -2     2 
    1     1 
    0     3 
   -8   -11 
  -14    10 
  -14     1 
   -8     1 
   -8   -13 
    2    18 
  -14    -8 
    0     2 
  -16    -7 
    6    16 
  -10    10 
   -6     8 
    0   -11 
  -16   -12 
  -20    10 
   12    -8 
   -4    12 
    4   -22 
   -2     7 
   -2     8 
  -24   -11 
   -8    -4 
  -10    20 
    6     5 
    2    -4 
   10    14 
   24    16 
   -8     7 
  -20     6 
   12   -20 
    4     7 
   12   -16 
  -10   -29 
  -10   -13 
  -14    10 
   18    -2 
   20    -2 
    4   -21 
   22   -10 
  -10    17 
   12   -16 
   28   -32 
   34    -7 
   16     0 
   -8     8 
   10     4 
  -22    15 
   -8     0 
    0     4 
  -14    18 
   34    27 
  -10    -8 
   -2    14 
    0   -16 
    0   -20 
    6   -10 
  -10    16 
   16   -31 
   16   -34 
   -2     3 
   22   -28 
   18    -9 
  -22    22 
   -2    40 
    6    -1 
  -14    26 
   18    -6 
   16    24 
    0    14 
   26    30 
    2     5 
  -20    -7 
  -20   -14 
   28    18 
  -36    16 
  -16    39 
   24    28 
   -4     1 
  -20    41 
  -14   -38 
   14    33 
  -10   -30 
   20   -20 
  -12    -1 
   28   -13 
  -20     8 
   10    46 
  -14     2 
  -22   -16 
  -22     0 
  -32     8 
  -32    13 
  -18    22 
   -2   -28 
  -40    -4 
   40    25 
    4   -41 
  -20    31 
    8    14 
  -16    -4 
   30     0 
  -42     3 
   18    -6 
  -14     1 
    8   -15 
  -24    16 
  -18   -22 
  -26    22 
   24    20 
  -40    32 
  -26    -8 
    6    -2 
   40    40 
  -16    23 
  -40    -2 
   24    11 
  -10   -17 
   22   -37 
   26   -19 
   34    24 
    8   -48 
   32   -40 
  -24     2 
  -16   -20 
  -16    24 
  -48   -45 
  -18    -2 
   14   -11 
   10   -35 
    6     5 
  -10     6 
  -28    22 
   20    -9 
  -10   -10 
   14    47 
   52   -26 
   20    34 
  -52   -47 
   -4   -37 
   16     7 
  -16     6 
  -38    38 
  -38    50 
  -20    23 
   12   -16 
   16     8 
    0    23 
  -42    18 
  -26    42 
   10    31 
  -46   -20 
   30    13 
   -2   -18 
    2   -45 
    2   -31 
   56   -19 
  -56   -49 
  -16   -43 
   48    10 
  -32    16 
   16     8 
   46   -18 
   62   -29 
   20   -33 
  -20    20 
    6   -38 
    6    -1 
  -34    28 
   -2    24 
  -24     1 
   24    26 
  -14    13 
   10    64 
  -14    -1 
    2   -18 
   52   -21 
  -28    50 
   -6   -31 
  -38    -5 
   30    64 
   30   -61 
  -32   -48 
