3 13
100
    1    -1    -1 
   72     0     0 
    6     4     2 
    1     1     1 
    1 0     1 3     1 3 
   72    24    24 
   45 177   164 10   164 10 
    0 -1     1 0     1 0 
 -266 -133   133 532   133 532 
    1 1     1 3     1 3 
   36     2     2 

   -1    -1    -1 
   -1     1     1 
   -1    -1    -1 
    1     1     1 

   -2     0     2 
    3     3     3 
    0     0     0 
    1    -1    -1 
    4     6    -6 
    6    -6    -4 
    1     1     1 
   -1    -1    -1 
   -2   -10    -2 
   -2     0     2 
   -2     0     2 
    0     2    -4 
   -4     2     0 
   12     4     4 
    4     4    12 
    2    14   -14 
   14   -14    -2 
    8    -4   -14 
  -14    -4     8 
    6    14   -10 
   10   -14    -6 
  -10   -12    -4 
   -4   -12   -10 
   -4     2    -2 
    2    -2     4 
   14     4    -6 
    6    -4   -14 
    2   -10    10 
   10   -10     2 
  -10    18   -10 
   -6     8   -12 
  -12     8    -6 
  -16     4     0 
    0    -4    16 
   -4   -20   -14 
  -14   -20    -4 
  -22    10    -2 
    2   -10    22 
    0   -20    20 
   20   -20     0 
   12     6   -18 
   18    -6   -12 
   16   -10    -4 
   -4   -10    16 
  -16     0   -16 
   16     0    16 
    8   -12     6 
    6   -12     8 
   12    -4     8 
   -8     4   -12 
  -14    -6    14 
  -14     6    14 
  -18     6   -20 
   20    -6    18 
   -8     8   -20 
   20    -8     8 
  -26    10   -10 
  -10    10   -26 
  -12    20    12 
  -12   -20    12 
   14    30    14 
    0   -32   -20 
   20    32     0 
   10   -26    -6 
    6    26   -10 
    4     8   -10 
  -10     8     4 
   -6   -14   -34 
  -34   -14    -6 
   -2     2   -18 
   18    -2     2 
   24    -8    -8 
    8     8   -24 
   10     6   -34 
  -34     6    10 
  -22   -32    32 
   32   -32   -22 
   -2    18    38 
  -38   -18     2 
  -24    10    -6 
    6   -10    24 
   28   -30   -20 
  -20   -30    28 
   -4    10     2 
   -2   -10     4 
    8   -28   -16 
   16    28    -8 
  -10    30   -22 
  -22    30   -10 
  -16     8    24 
   24     8   -16 
   38   -24    20 
   20   -24    38 
   20    12    -4 
   -4    12    20 
   34   -36    26 
  -26    36   -34 
   14    10    14 
  -14    22     2 
    2    22   -14 
