3 6
100
    1     1     1 
   84    60     0 
    7     5    12 
    1     1     1 
    1 0     1 0     3 1 
   84    60    24 
   51 101    51 101    82 -109 
    1 0     1 0     1 0 
    0 354     0 354   354 -354 
    2 1     2 1     3 1 
   14    10    -2 

   -1    -1    -1 
    1     1    -1 
    1     1    -1 

    0     0     0 
   -1    -1     1 
    1     3    -4 
    3     1    -4 
    4     0    -2 
    0     4    -2 
    1    -5     0 
   -5     1     0 
    1     1   -10 
   10    -4    -2 
   -4    10    -2 
   -2     8    -6 
    8    -2    -6 
   -2     8    -6 
    8    -2    -6 
  -12    -8    -6 
   -8   -12    -6 
   -2     8    -2 
    8    -2    -2 
   -8    14     6 
   14    -8     6 
   11     9     0 
    9    11     0 
   -8   -18   -18 
  -18    -8   -18 
    6     8   -14 
    8     6   -14 
  -10     4    14 
    4   -10    14 
   14    14    -6 
   11    13    -8 
   13    11    -8 
   -4     4    16 
    4    -4    16 
   20     8   -10 
    8    20   -10 
  -20    -4    -6 
   -4   -20    -6 
   12   -24    -4 
  -24    12    -4 
    9    -3   -10 
   -3     9   -10 
   -5    19    22 
   19    -5    22 
    9     7     8 
    7     9     8 
  -20    12     6 
   12   -20     6 
   20    -4    24 
   -4    20    24 
    6     8    14 
    8     6    14 
   -5    19    18 
   19    -5    18 
   25   -29     0 
  -29    25     0 
  -13    -1   -26 
   -1   -13   -26 
    6    26    10 
   26     6    10 
   18    18   -18 
   19     1   -28 
    1    19   -28 
    8    24   -22 
   24     8   -22 
   25   -33   -20 
  -33    25   -20 
    4    14   -10 
   14     4   -10 
  -20   -18    26 
  -18   -20    26 
    2    10    10 
   10     2    10 
  -26    30    -6 
   30   -26    -6 
  -27     3   -16 
    3   -27   -16 
  -22    -4     2 
   -4   -22     2 
  -10    -4    14 
   -4   -10    14 
  -32    20    22 
   20   -32    22 
  -29   -29   -10 
  -29   -29   -10 
   16    12   -20 
   12    16   -20 
  -42    38   -10 
   38   -42   -10 
   16    30   -10 
   30    16   -10 
   11    -7    20 
   -7    11    20 
  -29    29   -12 
   29   -29   -12 
  -39   -21     4 
  -21   -39     4 
   14    14   -46 
   -4   -10    -2 
  -10    -4    -2 
