3 0
25
   -1     1    -1 
    0  -144     0 
    5     3     3 
    2     2     2 
    0 0     1 0     0 0 
    0  -144     0 
  -57 42   -10 69   -57 42 
    1 0     0 -1     1 0 
 -256 96   -48 -80  -256 96 
    3 2     1 1     3 2 
   -8   -72    -8 

    1    -1    -1 
    1     1    -1 

   -1     1     1 
    0     0     0 
    0     0     0 
    1    -1     1 
   -5    -5    -5 
    3     3    -3 
   -5     5    -5 
    0     0     0 
    3     3    -3 
   -4     4     4 
   -3     3     3 
    7     7    -7 
    6     6    -6 
   -1     1    -1 
   -7     7     7 
   -1    -1     1 
   -5    -5    -5 
   -8     8     8 
  -15    15   -15 
    7     7     7 
   -6    -6     6 
   -4     4    -4 
   -9     9     9 
    2     2     2 
    2     2    -2 
