2 2
100
    1     1 
 -240   -48 
    8     8 
    1     1 
    1 0     1 0 
 -240   -48 
  123 22   123 22 
    1 0     1 0 
   78 312    78 312 
    1 2     1 2 
  -40    -8 

    1     1 
    1     1 
    1    -1 
   -1    -1 
    1    -1 

    0     0 
   -1    -1 
   -1     1 
    0     0 
    1     1 
   -1     1 
   -1     5 
   -8     4 
   -9     1 
    1    -7 
    0     0 
    0     8 
    6     6 
   -1     9 
    9    11 
  -11   -11 
   -4     4 
   -9    -7 
   -3    13 
   -9    -5 
   10    -6 
    4     4 
   -1    -7 
   -7    -1 
    2    -6 
   19     7 
  -10    10 
   20     4 
    8     0 
  -14    14 
  -13    -7 
   11     5 
   -8   -16 
   -2     6 
   12    -4 
   19    13 
  -14    22 
   22    10 
    4   -12 
  -17    19 
  -19   -13 
   20    16 
  -10   -14 
    7    -9 
  -16     8 
   -6   -18 
   -9     7 
    5     1 
   22   -26 
   16   -16 
   -6    26 
   12   -16 
   28   -12 
  -21    15 
   14    -2 
    5    15 
    2    14 
   -2    -2 
   -7   -27 
   28    -4 
  -11    -7 
  -21   -13 
   16    -8 
   29    31 
  -20    -4 
    2    30 
  -16    20 
    8   -28 
  -16     8 
   -8   -20 
    1   -15 
  -33   -17 
  -38     2 
  -14   -26 
   12   -28 
   20   -32 
  -18     2 
    8    -4 
   25    27 
   -3    35 
  -10    10 
   21   -23 
  -19     3 
  -18    18 
   28   -16 
   26    10 
   37   -35 
    7    17 
   26    26 
   36    20 
    4   -24 
   27     5 
  -15    -7 
    8     8 
   20    20 
    4    32 
   31    13 
   22   -18 
   17    31 
  -23   -19 
