5 2
200
    1    -1     1    -1     1 
    0     0     0     0    12 
    6     4     4     4     2 
    1     1     1     1     1 
   11 0     1 3     4 5     3 1     1 0 
   24    24   192   180    12 
  -96 -67  -169 -5    70 31   -14 205  -175 227 
    1 0     1 0     0 1     1 0     0 -1 
 -155 -527  -155 -527   403 -279  -248 806   124 -403 
    3 2     1 3     4 0     3 1     1 1 
    1    -2    -8   -15     6 
    0     0     0     0     0 
    0     0     0     0     0 

    1     1     1     1    -1 
   -1     1    -1     1     1 
    1    -1    -1    -1     1 
    1    -1    -1    -1     1 

   -2     0     0     0     2 
   -1    -1    -1    -1    -1 
   -3    -4    -3     2     2 
   -1    -1    -1    -1     1 
   -5     2     1    -4    -2 
    0    -2    -2    -2     2 
    1    -1     1    -1    -1 
    8    -2    -6     4     8 
   -1    -2     3    -2     6 
   -1     1     1     1    -1 
   -1     1     1     1    -1 
   -8    -6    -4     6   -10 
  -11    10    -7    -2    -8 
   -2     4    -2    -2     4 
   -7     4   -11     4    12 
    2     0   -14     6     8 
   -7    -2    13    -2     0 
   10     2    -2     8    -4 
   -4     4    -6     4    -4 
   -2    10    -2    -2   -16 
   -7   -12    11     6     8 
    6    -8   -12    -2    12 
  -10    10    -4    16   -10 
   -2    14     2     2     2 
   -2    14   -14    -4    12 
    7   -16   -17     8    20 
   -1    -6   -11    -6    -6 
   10    -2    -4    16    12 
   -5    -8     1   -14    10 
  -18    -4   -12     8     4 
   -8    10    -8    -8    20 
    7     8   -19    -4     0 
  -12    16   -10    10    16 
    3   -12    15     0    12 
  -22     8   -10   -10     4 
   -4     0    -8    12   -18 
   -2    14    14    14    22 
    8     6   -14   -24     4 
  -17   -20    11    16    16 
   20     4   -10   -20   -12 
  -20     0    24    -6   -18 
    5   -20     3    -2   -12 
   10    22   -16   -26   -14 
  -13    14    -3     2     2 
    4     4     8    28     8 
   10     8    -8     2    -4 
  -12    22    10   -20    -8 
   -4     8    -2     8     8 
  -10     2    -6   -16     6 
    0     2     0    20    22 
  -20    -6   -16    -6    18 
  -22   -28    26    26   -14 
  -23    14     1    -4    10 
   -6   -30    -8   -18    26 
   -8     4    20   -20    14 
   -5   -22   -11   -16    20 
   12   -18    -2    18    10 
   -8     8   -10   -10    18 
    9     4    11    16    24 
  -18   -10   -26   -16    -4 
    5   -18     7   -18    26 
   17    20   -21   -16   -32 
   12   -20   -12    -2    22 
   -1    14     1    -4   -22 
   14    26    14   -16   -14 
   -6   -10   -26   -16    26 
  -22    24   -18   -18   -28 
  -35     2    -3   -28     2 
  -12    22    16   -14    26 
  -10    16    10    10    -6 
   -9    22     9   -26    -2 
   -1     4   -31     4   -24 
    8   -32     6   -14    20 
   21    -6    13    18   -10 
  -14   -18    26     6   -10 
  -37     2   -15   -10    -6 
  -19    16   -11    34    14 
   -7    34    -3    22     2 
  -18   -22   -14    26   -14 
  -22   -14    14    34   -12 
  -26   -22    20   -10   -34 
    1    10   -31   -26     6 
   -2     4   -36     4   -28 
   -6    -6    32   -18    14 
    2    34   -18    -8    -6 
  -11   -32     9   -26     2 
   31    24     9    24   -36 
  -39   -22     5   -40   -18 
   22     8     6   -34    28 
   38    22    28   -32   -14 
   24   -40    -8   -28    24 
  -11   -38    23   -32   -20 
   -5   -16     1    -4   -32 
   17   -26   -21     4   -40 
   26    -4   -22    38    -4 
    0     6    -4    36    16 
  -19    14     7   -28    16 
  -28   -28    -6   -16   -12 
  -10     0    24   -36    32 
  -24     8   -28    32    20 
  -20   -32   -28   -38   -26 
  -12    14    12     2   -46 
  -18   -20    34   -26    16 
   13    18    43   -12   -24 
  -20    -2   -10   -20    32 
   -2    14    -2   -22    10 
   25   -32    -9   -14    12 
    8   -12     4    -6    30 
   42    48    44    24   -16 
  -24    26     2    32     0 
   29    24    39    -6   -24 
  -30    -6    10     0    14 
   17     4   -23    -8    44 
  -44     4   -24   -14   -16 
  -16   -40    -2     8   -14 
  -45   -40    17    32    32 
   -6    28    -4   -14    32 
   -1    36   -19    36   -36 
  -25     6    -1    -6   -22 
   10    48     8   -12     0 
    6   -26   -22    28     2 
  -34   -20    28    -2    -6 
  -42   -28    -6    44   -12 
   37   -14    -1    34    -2 
  -22    -6   -34    36   -34 
  -14    -4    14   -46   -20 
    9    38   -41    14    30 
   26   -44     2    -8     8 
   22   -14    12    22    18 
   -6   -28    44    44   -28 
   43    32   -31   -16    44 
  -42   -12    -2   -12    22 
   15    48    -3    12    28 
   53   -40    -7     8     4 
   20    38    18   -22   -30 
  -40    42   -44     6   -14 
    4   -26    -2   -32   -16 
  -54     6    16     6   -22 
   15   -44   -37    28   -12 
  -28    36     4   -36   -28 
  -45   -36    31   -24     0 
   43    42   -19     6    42 
   16    40    16    16    -4 
    8   -56    26   -14     0 
  -20   -46    36    26   -26 
  -33    -2    23   -32     6 
   10    22    10   -20   -12 
    6   -42   -10    30   -26 
  -33   -28   -35   -10     6 
   19   -44   -15    40    44 
   14   -28   -34   -34    48 
   34    42     4    24     8 
   19   -28     5   -10   -26 
   36     6    48    48    -6 
   47   -44   -29    16    28 
   10   -20    -6     4    -4 
   34    16    -8    52   -28 
  -26     0    40     0   -56 
  -21    -4    49   -16   -24 
   21   -28   -29    26     2 
  -23    30   -29     6    22 
    8    56    32     2   -28 
   13   -56     1    16   -12 
   -5   -18    -3   -48   -32 
  -29     4    -7    28   -40 
   -6    10   -28   -38   -30 
  -16   -20    -2    28    16 
  -36    20    42     2    50 
   29    30     7   -48   -22 
   36   -22    28   -22    34 
   47    26    13   -52    -2 
    1   -22    15   -10    26 
    1    42    -9     6   -58 
   28   -24    46   -24   -56 
   22    50   -42   -52   -60 
  -18    60   -22   -12   -28 
  -52     4    40   -20   -44 
  -42    12     0     0    56 
  -24    -4   -16   -16    52 
  -28   -54    12    42    -2 
  -56    10   -38    22    14 
   34    20    34   -16    56 
   56   -52    20   -10   -14 
   14    14   -24    26   -14 
  -45    54     1     6   -26 
  -22    -2    34   -56    -8 
   26     4   -14    46    -2 
   60     4    34     4     4 
  -52   -28    -8   -28    48 
   34    26    40    50   -42 
  -25   -34   -57   -22   -20 
  -46    14   -14    26     2 
   50   -66    26    36    10 
   40   -20    34   -56   -14 
   38    60   -22    18   -12 
   10    -2    62    22   -50 
   54   -20    48   -62   -38 
   64    32    54    44    52 
   36    36    -4   -24    64 
   23    24    -5     0    16 
