5 2
100
    1     1    -1    -1    -1 
 -132    36     0     0     0 
   11     3     6    11    13 
    1     1     1     1     1 
    1 0     1 0     1 3     1 3     1 3 
 -132    36    48    12    12 
   49 104    49 104  -182 159  -182 159  -182 159 
    1 0     1 0     1 0     1 0     1 0 
 -160 410  -160 410  -660 90  -660 90  -660 90 
    1 2     1 2     1 3     1 3     1 3 
  -22     6    -4    -1    -1 

    1     1    -1    -1    -1 
    1     1     1     1    -1 
    1     1     1    -1    -1 
    1     1     1     1    -1 
   -1    -1    -1     1     1 

   -1    -1     1     1     1 
   -1    -1    -1    -1     1 
   -1    -1    -1     1     1 
   -3     5     2    -3    -5 
   -1    -1     2     1    -5 
   -7    -1    -2     3    -1 
    5    -7     0     7     3 
   -2     6     0     0    -2 
   -1    -1    -1    -1     1 
   -4    -2    -8     6     6 
    2    -6     8    -8    -2 
  -11     3    -8    -3     1 
   -4    -2     6     4    10 
    1     9   -10    -7    -7 
   11     1     8   -11    -1 
    1     1     1    -1    -1 
  -10   -12   -14   -14     0 
   -4     4   -10    -8    -4 
   -1    15     0   -11     5 
   -9    -1     2    13   -11 
   -6    10   -10   -10   -10 
    8    -8    -8    16    -8 
   -5     1   -16    -5     3 
   12    -6   -12    -2    -2 
  -18   -10    12     8   -10 
  -10    -4    -4   -14   -16 
  -17    13    20   -15    13 
   -1    -9    14   -11    11 
  -13   -17    14     1     3 
    2    -2   -18   -18    10 
  -17    11     0   -19     7 
    8     6     8   -18     2 
   -6    16   -20   -12    20 
   20    16     4    22     4 
  -19    11     4    -9   -13 
    5    -3   -16    17    -5 
  -14    -6    -4    -2   -18 
    4     8    18    22    16 
  -18    16     2    22   -12 
    4    12   -10   -12    -4 
   -2   -10   -10   -14    14 
   20   -12   -22   -18    -8 
    9     7    -4    13    11 
   16    14    -2   -10   -14 
   11   -25    -4   -11   -21 
    2   -14    -4    14     6 
   -8    16    20    14   -12 
  -24    22    16     4    14 
   23    -9   -24   -11    -5 
  -11    29   -14    13   -13 
   -4     6    22   -16   -14 
  -10   -20   -10     0     4 
    5   -21    10    11   -11 
  -17    23    14    -7    -3 
  -24    16    20     2    20 
    7   -11     8    17     5 
  -14   -18   -20    14   -18 
  -22   -26    26    10   -10 
   26    16     4     8    12 
    1    21   -24     7     7 
   -6    -2   -14     2    26 
    7    27     0    33    17 
   23    11   -26    -1   -13 
  -28    -6    -6   -10   -34 
  -31    -9    28     1   -13 
    7    17    12   -31   -25 
   24   -12   -20     4   -20 
  -30    28   -32     2   -24 
  -11    33    -2    31   -21 
  -16     0    -2   -14   -28 
    1   -27   -10     5    19 
  -31     9     8   -17   -27 
   -6    28   -32   -10   -28 
  -15     5    -4     1    19 
   14   -22    10   -22   -26 
    5    33     4    25    17 
   -6    20    20   -32   -36 
   38    24    -6    30     0 
  -25   -29   -20   -37    21 
  -11    25    34    -1    -5 
   16   -18    22   -16    10 
   26   -18   -14    -2   -10 
   11   -23    22   -11    25 
    1    -3     8    25   -19 
  -28   -34   -14     4   -30 
   32   -34    28    20    10 
   -8   -12     0    16   -36 
   18    34    18   -22    -2 
   -4    18   -32    32    -2 
    4    22     8    24   -14 
  -31    29     8    15   -23 
    3    39     2     3    33 
  -32   -34    22    -2    26 
  -38   -40   -28   -24   -36 
  -28   -14    -4    22   -26 
   20   -18     8    34   -26 
  -22   -16   -10    14    16 
   40     4    30    42   -28 
  -19    11    18   -37    43 
  -34    30    14    24   -38 
