2 2
100
    1     1 
    0    36 
   11     6 
    1     1 
    1 3     1 0 
   24    36 
   88 21   153 -110 
    1 0     1 0 
   24 348   372 -24 
    1 3     1 2 
   -2     6 

    1    -1 
    1     1 
    1    -1 
   -1    -1 

    0     0 
    0     0 
   -1     1 
   -3     2 
   -6    -4 
   -2    -1 
   -5     2 
   -4    -7 
   -5    -4 
    0   -10 
    2    -4 
   -1     8 
   -8     5 
    1     1 
    4     2 
    2   -10 
   -6    -1 
   -8    14 
   -2    -4 
   -8    14 
   -7     2 
  -10    11 
  -16    14 
    3    -1 
   14     8 
   -1    -1 
   -4     5 
    2   -13 
  -19     5 
   14    17 
   -7    20 
    7   -16 
   -1    -1 
  -13     5 
   20   -10 
  -23   -10 
   10    -4 
   -3    -4 
   14    23 
  -15   -13 
   12    -4 
  -14    17 
  -12    26 
    0     5 
  -11   -16 
    0    11 
   -4    26 
   -4     2 
   13   -10 
   -2     5 
   -9    26 
   13   -22 
  -28     5 
  -15    -1 
  -20     8 
   22   -28 
  -23     8 
  -16   -22 
  -16    -4 
  -20     5 
    2    29 
  -12    20 
    7     2 
   -4   -28 
    6     8 
    1    -7 
   10     5 
   22     5 
   23    14 
   27     8 
  -22   -10 
   32    17 
   10     8 
  -30    -4 
  -27   -31 
  -18   -28 
   16     8 
   -4    17 
   14    20 
  -14   -10 
   34    14 
   17    26 
   20    35 
   -1   -22 
    4    11 
   40    20 
   21    14 
   -6    26 
  -33     5 
    6    26 
   15    26 
    8     2 
   11    11 
  -30   -19 
    0    11 
  -28   -16 
  -29    11 
   -4   -31 
   36    -1 
   10   -10 
