4 0
100
   -1    -1    -1    -1 
    0     0     0     0 
    6     6     5     4 
    1     1     1     1 
    5 0     4 3     5 0     5 0 
  480   120   120   720 
   55 108    55 108    55 108    55 108 
    1 0     1 0     1 0     1 0 
  -52 650   -52 650   -52 650   -52 650 
    3 2     3 2     3 2     3 2 
  -10   -10   -30    40 

   -1    -1     1    -1 
    1    -1     1    -1 
    1    -1     1     1 
   -1    -1     1     1 

   -2    -2    -1     0 
    1     1    -1     1 
   -3     1     3     0 
   -1     3    -1     2 
   -1     1    -1     1 
   -1     1    -1    -1 
    0     0     0     4 
   -2    -2    -4    -2 
    4    -8    -3    -4 
    5    -7     0     2 
   -8     0     0     4 
   -7    -5     1    -2 
    8     4    -5     0 
    1    -9    -9    -4 
   -4    -4    11    -4 
   10    -2    14    -6 
    7    13    -2     2 
  -11    -5     4    -4 
   11    13     4    -8 
  -10    14    -4    -6 
   -7    -7    16    -4 
   -6   -10   -10     4 
   11    -1     6     0 
   -5     3    14     8 
   10     2     2   -14 
    0     4    12   -14 
   11     7     4    16 
    7     5     1     6 
   -3     7     5     2 
   18   -10   -10   -16 
   -2    -6   -16    -4 
    7   -13    -6   -16 
  -22    14     9     4 
   22   -18   -15     4 
    2   -18    19    20 
   22    22     3    -8 
   -4    12   -18    -6 
  -16   -12    10    -2 
    8    20    18    -8 
  -24   -24   -22    -8 
   14    10    14   -16 
  -15     3     0     0 
    2    22     4    22 
    1     1    -1    -1 
   22   -14    10    20 
  -14   -26   -18   -16 
   12   -20    19    10 
   -1     9    -1    22 
   -1    19     1    -6 
    2    -2    -1   -24 
   -2    -2   -23    -2 
   -4    -8     1    12 
    8     0   -14   -18 
  -26   -10    22   -26 
   32    -8     7    -6 
   14   -22    25     8 
  -10    18   -20   -18 
    4   -12    10    -6 
   -1    25     4   -14 
    0    -4   -20    28 
   -4     8     5    -6 
   -8     8   -16    22 
   15    33   -22    -4 
   14   -18   -21    -6 
   22    30   -31    -8 
  -16     8    26    18 
  -26   -14    12    28 
  -32   -20   -35   -28 
   -2   -26    -7    12 
   -8    -8    -5    20 
   10   -10   -19   -34 
  -15   -11   -28   -12 
   -8    16    10     2 
   28   -16    -8   -34 
   10    22   -14    18 
    4   -20    -2    -8 
  -27   -29   -38    28 
   12   -24     2    10 
   18   -18   -26   -30 
  -38   -14   -24     4 
    7    -1    38   -38 
  -28    20    27    -2 
  -27     7     1     2 
   28     4    29    -8 
  -21   -21   -13   -30 
  -23    -3     0   -16 
    8    -4    -6    34 
   18   -38     0    32 
   10     2     8     6 
    8   -16   -16   -22 
   12    40    24   -32 
  -18   -18   -12     8 
  -28   -32   -32    12 
  -17   -31     6   -28 
  -24   -20    -4    18 
   -1    -7    -8    -4 
  -33   -15    36    16 
   -9    -1   -34     2 
   30   -30   -11   -28 
   43    25    19    38 
