1 0
100
    1 
  -60 
   10 
    1 
    1 0 
  -60 
 -141 131 
    1 0 
 -414 252 
    2 1 
  -10 

   -1 
    1 
    1 
    1 

    0 
   -1 
   -2 
    2 
   -1 
   -2 
   -7 
    7 
    2 
   -1 
    6 
    7 
    9 
    1 
  -11 
    6 
    6 
    4 
   -2 
    2 
   16 
  -16 
   -9 
   12 
   15 
  -10 
   13 
   -4 
   11 
  -14 
   -2 
    8 
  -15 
    5 
  -12 
    5 
  -14 
  -18 
    2 
   -4 
  -12 
   -7 
    2 
   17 
    8 
    0 
   -8 
   15 
  -16 
   -4 
    6 
  -13 
   -7 
  -10 
   20 
   32 
  -11 
  -16 
   21 
   18 
   -2 
    2 
  -30 
   27 
   10 
   20 
   10 
   -6 
   -7 
    2 
    7 
   17 
    8 
   -1 
   22 
   20 
   -8 
   36 
   -9 
    6 
   19 
   12 
  -39 
  -19 
    0 
    0 
   16 
  -14 
  -39 
   32 
   26 
  -32 
   16 
    5 
   36 
   36 
   34 
  -37 
   -3 
   26 
