2 29
100
   -1    -1 
    0     0 
    9     9 
    1     1 
    3 1     3 1 
  300    12 
  -64 225   -64 225 
    1 0     1 0 
 -418 836  -418 836 
    3 1     3 1 
  -25    -1 

   -1    -1 
   -1     1 
   -1     1 
   -1    -1 

    1     1 
   -4    -4 
    2     2 
    2     2 
   -1     1 
   -1     1 
    1    -1 
    1    -1 
  -10     6 
    8    -4 
    8    -4 
    2     2 
    2     2 
    8    -4 
    8    -4 
  -10    10 
  -10    10 
  -10    -6 
  -10    -6 
   -4     0 
   -4     0 
  -13   -11 
  -13   -11 
  -10    -6 
  -10    -6 
  -10   -14 
  -10   -14 
    2   -18 
    2   -18 
    1     1 
   -7    -9 
   -7    -9 
  -16    16 
  -16    16 
    8    -8 
    8    -8 
   11   -21 
   11   -21 
  -19    -3 
  -19    -3 
    2    22 
    2    22 
    5    19 
    5    19 
   11    -5 
   11    -5 
   23   -23 
   23   -23 
    2   -22 
    2   -22 
  -13     3 
  -13     3 
    5    11 
    5    11 
    2    26 
    2    26 
   26     6 
   26     6 
   -4   -12 
   -4   -12 
  -25   -25 
   -7    23 
   -7    23 
   -1   -17 
   -1   -17 
   -4    20 
   -4    20 
   14    18 
   14    18 
   26   -10 
   26   -10 
   -7   -15 
   -7   -15 
   14   -30 
   14   -30 
  -10    10 
  -10    10 
   -1     7 
   -1     7 
    5    -5 
    5    -5 
    8     0 
    8     0 
  -10     6 
  -10     6 
   -7   -33 
   -7   -33 
  -28    36 
  -28    36 
  -19     5 
  -19     5 
   38    -2 
   38    -2 
  -19   -27 
  -19   -27 
  -25    17 
  -25    17 
  -10   -42 
   32     4 
   32     4 
