12 18
200
    1    -1     1    -1    -1     1    -1     1     1     1     1     1 
    0     0    60     0     0   180     0   -36   -36    36   108   108 
   10    10    10    10    10    10    10     6     6     6     6     6 
    1     1     1     1     1     3     1     1     1     1     1     1 
    3 1     4 3     1 0     1 3     1 3     1 0     1 3     1 0     1 0     1 0     1 0     1 0 
   24    24    60    24    24   180   120   -36   -36    36   108   108 
  -92 107  -121 -38   117 -151  -188 33  -188 33   117 -151  -188 33   117 -151   117 -151   117 -151   117 -151   117 -151 
    1 0     1 0     1 0     1 0     1 0     1 0     1 0     1 0     1 0     1 0     1 0     1 0 
 -384 336  -288 -432   384 -336  -288 -432  -288 -432   384 -336  -288 -432   384 -336   384 -336   384 -336   384 -336   384 -336 
    3 1     3 2     2 1     1 3     1 3     2 1     1 3     2 1     2 1     2 1     2 1     2 1 
   -2    -5    10     2     2    30    10    -6    -6     6    18    18 
    0     0     0     0     0     0     0     0     0     0     0     0 
    0     0     0     0     0     0     0     0     0     0     0     0 

    1    -1     1     1    -1    -1     1     1     1    -1     1    -1 
   -1     1    -1    -1     1     1    -1     1    -1    -1    -1    -1 
    1    -1     1    -1    -1     1    -1    -1     1    -1     1    -1 

    0     0     0     0     0     0     0     0     0     0     0     0 
    0     0     0     0     0     0     0     0     0     0     0     0 
   -2    -2    -2    -2    -2    -2    -2     2     2     2     2     2 
   -4    -4    -4     0     0     4     4    -4     0     4     4     4 
   -3     1     1    -5     5    -1    -1     3     5    -3     1     1 
   -4     0     4     4    -4    -4     0     4    -4    -4     0     4 
   -1     1    -1     1     1    -1     1     1    -1     1    -1     1 
   -6    -6     2    -2     2    -2     6    -6    -2     6     6    -2 
    6     2    -2    -6     6     2    -2    -6     6     6     2    -2 
   -5    -7     7     5     5     7    -7     5    -5     5     7    -7 
   -2    10   -10     6    -6    10   -10    -2     6     2   -10    10 
    7     7    11    -9    -9    11     7     7    -9     7     7    11 
    2     6     2     6     6     2     6     2     6     2     6     2 
   -1    -7    -1     7    -7     1     7    -1     7     1     7     1 
  -11    -9   -11     3     3   -11    -9    11    -3    11     9    11 
   -8    -8     8     0     0     8    -8    -8     0    -8    -8     8 
  -12     0    -4   -12   -12    -4     0   -12   -12   -12     0    -4 
   -8     8     8    -4     4    -8    -8    -8    -4     8    -8    -8 
    3     1    -5     5     5    -5     1    -3    -5    -3    -1     5 
   -2    14    -2   -14    14     2   -14     2    14    -2    14    -2 
   -9    11     7     9    -9    -7   -11     9    -9    -9    11     7 
    2   -10    10    10    10    10   -10    -2   -10    -2    10   -10 
   -3    -5    -7    13   -13     7     5    -3    13     3     5     7 
   -4    16     4     8    -8    -4   -16     4    -8    -4    16     4 
  -13     7    -5     5    -5     5    -7    13    -5   -13     7    -5 
  -13    13    -1    11   -11     1   -13   -13    11    13   -13     1 
  -18     6    -2   -14   -14    -2     6    18    14    18    -6     2 
   -7   -11   -11   -17    17    11    11     7    17    -7   -11   -11 
    6   -10    -2     2    -2     2    10    -6    -2     6   -10    -2 
   -4     4    -4     8     8    -4     4    -4     8    -4     4    -4 
  -21     1     7   -11   -11     7     1    21    11    21    -1    -7 
    2    18     2    10   -10    -2   -18     2    10    -2   -18    -2 
    8     0    -8    -4    -4    -8     0    -8     4    -8     0     8 
   20    16    -4    12   -12     4   -16    20    12   -20   -16     4 
    8    -8    -8   -16   -16    -8    -8    -8    16    -8     8     8 
    0    16     8     8    -8    -8   -16     0     8     0   -16    -8 
   12     0    20    20    20    20     0    12    20    12     0    20 
   12    -4    -4    -8    -8    -4    -4    12    -8    12    -4    -4 
   -8   -12    16   -24   -24    16   -12     8    24     8    12   -16 
   -4     0    20   -24    24   -20     0    -4   -24     4     0   -20 
  -10     6    -2    18   -18     2    -6    10   -18   -10     6    -2 
   -2   -26    -2     2    -2     2    26     2    -2    -2   -26    -2 
   26    14     2    14    14     2    14    26    14    26    14     2 
  -19   -11     5    13    13     5   -11   -19    13   -19   -11     5 
  -23    19   -11   -25   -25   -11    19    23    25    23   -19    11 
  -27     3    -7     5    -5     7    -3   -27     5    27    -3     7 
   11   -15    -5    13    13    -5   -15   -11   -13   -11    15     5 
   -4     8    20    -8     8   -20    -8    -4    -8     4    -8   -20 
    2   -26    10     2     2    10   -26    -2    -2    -2    26   -10 
    8     0   -16     0     0    16     0     8     0    -8     0    16 
  -10    -6   -26    14   -14    26     6    10   -14   -10    -6   -26 
    0   -24    16   -20    20   -16    24     0    20     0   -24    16 
  -15   -11     1   -25    25    -1    11    15    25   -15   -11     1 
   18   -30   -14     2    -2    14    30   -18    -2    18   -30   -14 
   -3    19    -7    21   -21     7   -19    -3    21     3   -19     7 
   -8    24    16   -16   -16    16    24     8    16     8   -24   -16 
   -8   -16    -8    -4     4     8    16     8     4    -8   -16    -8 
  -18    -2   -26   -26    26    26     2    18    26   -18    -2   -26 
   23     9    -1    -9     9     1    -9    23    -9   -23    -9     1 
  -20     4    28   -12   -12    28     4    20    12    20    -4   -28 
    8    20    16   -20    20   -16   -20    -8    20     8    20    16 
   14     2    -2    -2    -2    -2     2   -14     2   -14    -2     2 
   23    17   -25   -17    17    25   -17    23   -17   -23   -17    25 
    8    28   -16    -8    -8   -16    28     8    -8     8    28   -16 
  -22   -10     2    26    26     2   -10   -22    26   -22   -10     2 
  -10   -14    22   -10   -10    22   -14    10    10    10    14   -22 
  -12    20    20     4    -4   -20   -20   -12     4    12   -20   -20 
   30   -18    -2     2    -2     2    18   -30    -2    30   -18    -2 
   -6    14   -14   -22    22    14   -14     6    22    -6    14   -14 
   -1    -9   -13    -1    -1   -13    -9    -1    -1    -1    -9   -13 
  -11    -3    -7     5     5    -7    -3   -11     5   -11    -3    -7 
  -21    -7   -17    -3    -3   -17    -7    21     3    21     7    17 
   37   -21   -31   -27    27    31    21    37   -27   -37    21    31 
   37   -27   -31   -35   -35   -31   -27    37   -35    37   -27   -31 
  -26    30    14    18    18    14    30   -26    18   -26    30    14 
  -11   -29    29    13   -13   -29    29   -11    13    11    29   -29 
   -6     2    34    10    10    34     2     6   -10     6    -2   -34 
  -14     2     2    26    26     2     2   -14    26   -14     2     2 
   -7    -7    29   -39   -39    29    -7    -7   -39    -7    -7    29 
   -5   -17   -29     5    -5    29    17     5    -5    -5   -17   -29 
   18   -22    34    26   -26   -34    22   -18   -26    18   -22    34 
    8     0    40   -32    32   -40     0    -8    32     8     0    40 
  -10   -26    22    -6     6   -22    26    10     6   -10   -26    22 
  -19    13    29    21    21    29    13   -19    21   -19    13    29 
  -16     0   -16    -8    -8   -16     0   -16    -8   -16     0   -16 
   32   -24     8    16   -16    -8    24    32    16   -32    24    -8 
   18   -14    34     6     6    34   -14   -18    -6   -18    14   -34 
   18    18   -14   -26    26    14   -18   -18    26    18    18   -14 
    7   -21     7    33   -33    -7    21    -7   -33     7   -21     7 
  -11    19    -7    13   -13     7   -19   -11    13    11   -19     7 
    0   -40    -8    -8    -8    -8   -40     0     8     0    40     8 
   -6    38     2   -14    14    -2   -38    -6   -14     6   -38    -2 
  -24     0    16    -8    -8    16     0    24     8    24     0   -16 
    4   -28    20   -28    28   -20    28     4   -28    -4    28   -20 
   28    24     4   -16   -16     4    24   -28    16   -28   -24    -4 
   20     4    20     8    -8   -20    -4    20     8   -20    -4   -20 
  -32   -24    16    16    16    16   -24    32   -16    32    24   -16 
   16     8    32    -4    -4    32     8    16    -4    16     8    32 
  -15     5   -11    31   -31    11    -5    15   -31   -15     5   -11 
  -25   -29    43    17   -17   -43    29    25   -17   -25   -29    43 
   12   -28    -4    36   -36     4    28    12    36   -12    28     4 
    8   -40    -8   -12   -12    -8   -40    -8    12    -8    40     8 
    4   -12   -28    20   -20    28    12     4    20    -4    12    28 
  -33    21     7   -23   -23     7    21    33    23    33   -21    -7 
   14    38   -34   -38   -38   -34    38    14   -38    14    38   -34 
   -4    40    20   -32   -32    20    40    -4   -32    -4    40    20 
   26    -2     2   -10   -10     2    -2    26   -10    26    -2     2 
   -5   -37   -13   -13   -13   -13   -37    -5   -13    -5   -37   -13 
  -43   -25    25     3     3    25   -25    43    -3    43    25   -25 
   -4    16   -28   -44    44    28   -16    -4   -44     4   -16    28 
  -34   -42    38   -14   -14    38   -42   -34   -14   -34   -42    38 
   18   -10     2     2     2     2   -10    18     2    18   -10     2 
  -46    10   -22   -14    14    22   -10   -46   -14    46   -10    22 
   38    46    -2    10    10    -2    46   -38   -10   -38   -46     2 
  -12    32   -20     8     8   -20    32    12    -8    12   -32    20 
   14   -10   -34   -14    14    34    10    14   -14   -14    10    34 
   20   -44    20     4    -4   -20    44    20     4   -20    44   -20 
   25   -21   -23   -25   -25   -23   -21   -25    25   -25    21    23 
  -11   -11    -7   -35   -35    -7   -11   -11   -35   -11   -11    -7 
   42   -14     2   -14   -14     2   -14    42   -14    42   -14     2 
  -26    -2    38   -38   -38    38    -2   -26   -38   -26    -2    38 
   17     1   -31     9     9   -31     1    17     9    17     1   -31 
    5   -41   -35   -13   -13   -35   -41    -5    13    -5    41    35 
  -21   -19    35    35   -35   -35    19   -21    35    21    19   -35 
   23    27    19    25   -25   -19   -27   -23   -25    23    27    19 
  -14    10   -14   -10    10    14   -10    14    10   -14    10   -14 
   24    16   -16   -24    24    16   -16    24   -24   -24   -16    16 
   16    24    -8   -32   -32    -8    24   -16    32   -16   -24     8 
    6    38    22     2    -2   -22   -38    -6    -2     6    38    22 
   35     7   -41   -11    11    41    -7   -35    11    35     7   -41 
   38   -10   -34    30   -30    34    10    38    30   -38    10    34 
  -48    16    16   -52   -52    16    16    48    52    48   -16   -16 
  -10     2    46   -14   -14    46     2    10    14    10    -2   -46 
   -3   -53   -31   -43    43    31    53    -3   -43     3    53    31 
  -16   -16    16   -16    16   -16    16    16    16   -16   -16    16 
  -50    18    -2     2    -2     2   -18    50    -2   -50    18    -2 
   10   -18    50    26    26    50   -18    10    26    10   -18    50 
   12    -4    44    16    16    44    -4    12    16    12    -4    44 
   16     8    16    32    32    16     8   -16   -32   -16    -8   -16 
  -28    32    44    40   -40   -44   -32   -28    40    28   -32   -44 
  -21   -19    11    35   -35   -11    19   -21    35    21    19   -11 
   -4    24    52    -8    -8    52    24     4     8     4   -24   -52 
   22   -38   -34   -54    54    34    38    22   -54   -22    38    34 
   16    -4   -56   -28   -28   -56    -4   -16    28   -16     4    56 
  -38   -26   -38    26   -26    38    26    38   -26   -38   -26   -38 
  -25    19   -29    -7     7    29   -19    25     7   -25    19   -29 
   13     1   -35   -21    21    35    -1   -13    21    13     1   -35 
  -39   -31   -19   -39   -39   -19   -31   -39   -39   -39   -31   -19 
  -23   -31    29    -7    -7    29   -31   -23    -7   -23   -31    29 
    4   -32    44    -4     4   -44    32     4    -4    -4    32   -44 
    0   -28    40    -4    -4    40   -28     0     4     0    28   -40 
   52   -44    20    12    12    20   -44    52    12    52   -44    20 
  -46    26    50    18    18    50    26   -46    18   -46    26    50 
  -12    24   -20   -20   -20   -20    24    12    20    12   -24    20 
  -20    16    20   -44    44   -20   -16   -20   -44    20   -16   -20 
  -25     5    31     9     9    31     5    25    -9    25    -5   -31 
   26    -2   -22    14   -14    22     2    26    14   -26     2    22 
  -50   -14    38    38   -38   -38    14   -50    38    50    14   -38 
  -14   -34   -38    46    46   -38   -34    14   -46    14    34    38 
   -1   -25    47     7     7    47   -25    -1     7    -1   -25    47 
   21     5    29     5     5    29     5    21     5    21     5    29 
   28   -40    52   -20   -20    52   -40   -28    20   -28    40   -52 
   -2    46    14    -2     2   -14   -46    -2    -2     2   -46   -14 
   34   -22     2    14   -14    -2    22    34    14   -34    22    -2 
  -19    15    25    43    43    25    15    19   -43    19   -15   -25 
  -50     2    14   -58   -58    14     2   -50   -58   -50     2    14 
    2    18    26    58    58    26    18     2    58     2    18    26 
  -34     6    -2   -14    14     2    -6    34    14   -34     6    -2 
   -9   -37     7    25   -25    -7    37     9   -25    -9   -37     7 
   43   -45    23   -53   -53    23   -45    43   -53    43   -45    23 
   56   -28   -16    20    20   -16   -28    56    20    56   -28   -16 
   42    46   -14    50   -50    14   -46   -42   -50    42    46   -14 
   20    24   -20    16   -16    20   -24   -20   -16    20    24   -20 
   40   -36    32   -12    12   -32    36    40   -12   -40    36   -32 
  -32     8    -8    64    64    -8     8    32   -64    32    -8     8 
    0   -24    32    40   -40   -32    24     0    40     0    24   -32 
  -54    -2    10   -58   -58    10    -2    54    58    54     2   -10 
   55    37   -29   -39   -39   -29    37   -55    39   -55   -37    29 
   20     8   -52    24   -24    52    -8    20    24   -20    -8    52 
   45     5    17   -59   -59    17     5    45   -59    45     5    17 
  -47    25    29   -55   -55    29    25   -47   -55   -47    25    29 
  -47     3   -11   -49   -49   -11     3    47    49    47    -3    11 
  -20    52    20    28   -28   -20   -52   -20    28    20   -52   -20 
    6    14   -26    -6     6    26   -14    -6     6     6    14   -26 
   34    30   -14    14   -14    14   -30   -34   -14    34    30   -14 
    2   -54    34    -2     2   -34    54    -2     2     2   -54    34 
    0    56    16   -12    12   -16   -56     0    12     0    56    16 
  -54    62    26    34   -34   -26   -62   -54    34    54   -62   -26 
  -41    53     7    25    25     7    53    41   -25    41   -53    -7 
   26    54   -14     6    -6    14   -54   -26    -6    26    54   -14 
  -11   -15    13   -29    29   -13    15    11    29   -11   -15    13 
   54    18    -2    26   -26     2   -18   -54   -26    54    18    -2 
  -19   -55   -11    -5     5    11    55    19     5   -19   -55   -11 
  -17   -39   -25    63   -63    25    39   -17    63    17    39    25 
   -4    16    52     0     0    52    16     4     0     4   -16   -52 
   43    19    11    19    19    11    19    43    19    43    19    11 
   50    26     2   -54   -54     2    26    50   -54    50    26     2 
   15    35    43   -23    23   -43   -35   -15    23    15    35    43 
  -23    37   -35   -17    17    35   -37    23    17   -23    37   -35 
    8   -40    16    40    40    16   -40    -8   -40    -8    40   -16 
