1 0
100
    1 
  -72 
    4 
    1 
    1 0 
  -72 
  145 -129 
    1 0 
  418 -242 
    2 1 
  -12 

    1 
   -1 
    1 
    1 
    1 

   -1 
    1 
    4 
   -1 
   -1 
    2 
    4 
    0 
   -2 
    2 
    6 
  -12 
    2 
   -6 
  -10 
   -6 
   14 
   -8 
   12 
  -12 
    8 
   -8 
   -4 
   14 
    2 
  -10 
    0 
   14 
    2 
   -1 
    8 
   16 
    8 
    2 
  -16 
   12 
   -8 
   18 
   16 
   12 
   -2 
  -16 
   16 
    6 
   24 
   10 
  -16 
  -20 
   24 
   24 
  -16 
    8 
   28 
   -8 
    8 
   16 
   18 
   22 
   -6 
   -4 
   10 
   18 
   -6 
  -10 
   14 
    8 
   -4 
   34 
    2 
  -26 
    6 
   -2 
   12 
   14 
  -26 
  -16 
   20 
   22 
  -22 
  -10 
    6 
   18 
    8 
   22 
   26 
  -40 
   36 
   32 
  -10 
  -34 
  -40 
   14 
  -20 
   20 
   32 
    2 
   12 
  -38 
   10 
   -2 
