1 6
200
   -1 
    0 
    4 
    1 
    3 1 
   72 
   18 53 
    1 0 
    0 230 
    3 1 
    6 
    1 
    0 

   -1 
   -1 

    0 
    0 
    1 
    1 
   -2 
   -2 
   -2 
   -2 
    1 
   -5 
   -5 
   11 
   11 
    0 
    0 
   -8 
   -8 
    5 
    5 
    6 
    6 
  -12 
  -12 
  -14 
  -14 
   -8 
   -8 
  -10 
  -10 
  -18 
   -4 
   -4 
  -19 
  -19 
   12 
   12 
   17 
   17 
  -18 
  -18 
   16 
   16 
   16 
   16 
   26 
   26 
   15 
   15 
   14 
   14 
    8 
    8 
  -18 
  -18 
   13 
   13 
    6 
    6 
   11 
   11 
  -25 
  -26 
  -26 
   -3 
   -3 
   11 
   11 
   10 
   10 
   11 
   11 
  -13 
  -13 
  -34 
  -34 
   12 
   12 
    4 
    4 
  -11 
  -11 
   -2 
   -2 
   -1 
   -1 
    8 
    8 
   25 
   25 
  -10 
  -10 
  -28 
  -28 
    1 
    1 
   -4 
   -4 
    1 
  -26 
  -26 
   24 
   24 
  -16 
  -16 
   20 
   20 
  -21 
  -21 
   32 
   32 
  -26 
  -26 
   36 
   36 
   40 
   40 
   25 
   25 
  -14 
  -14 
   28 
   28 
  -44 
  -44 
   12 
   12 
   19 
   19 
   11 
   11 
   23 
   23 
  -22 
  -22 
   37 
   37 
   32 
   32 
   -7 
   -7 
   15 
   15 
  -16 
  -16 
   45 
   45 
   -9 
  -14 
  -14 
   -5 
   -5 
   -2 
   -2 
  -56 
  -56 
    5 
    5 
   -4 
   -4 
  -22 
  -22 
   44 
   44 
   -1 
   -1 
  -40 
  -40 
  -20 
  -20 
  -19 
  -19 
   55 
   55 
  -24 
  -24 
  -36 
  -36 
   47 
   47 
  -58 
  -58 
  -46 
  -46 
  -14 
  -14 
  -22 
  -22 
   35 
   35 
  -23 
  -23 
   30 
   30 
  -50 
  -50 
   58 
   58 
  -50 
  -50 
  -44 
