3 8
25
   -1    -1     1 
    0     0     0 
    8     5     8 
    1     1     1 
    4 5     8 1     3 1 
  216    24    24 
  -50 0   -50 0   -10 36 
    0 1     0 1     1 0 
 -201 201  -201 201   -67 134 
    4 0     4 0     3 1 
   20     2    -2 

    1     1    -1 
    1     1    -1 
    1     1    -1 

   -1    -1     1 
   -3     0    -3 
   -3     0    -5 
   -3     0    -5 
    4     4    -4 
    4     4    -4 
   -2    -5    -2 
   -2    -5    -2 
   -1   -10    -9 
   -1    -4    -7 
   -1    -4    -7 
   -3     3     5 
   -3     3     5 
    9    -6     7 
    9    -6     7 
   14     2    -2 
   14     2    -2 
   -1    -1     1 
   -1    -1     1 
   11    -7   -13 
   11    -7   -13 
  -16     8    -8 
  -16     8    -8 
   16     4   -12 
   16     4   -12 
