3 0
100
    1     1     1 
  240  2184   216 
    8    13     9 
    1     1     1 
    1 0     1 0     1 0 
  240  2184   216 
   10 -181    10 -181    10 -181 
    1 0     1 0     1 0 
  210 -714   210 -714   210 -714 
    3 1     3 1     3 1 
   20   182    18 

    1     1    -1 
   -1    -1    -1 
    1    -1    -1 
   -1     1    -1 
   -1    -1    -1 

   -1    -1     1 
    1     1     1 
   -1     1     1 
    1    -1     1 
    6     1     5 
    2     5     5 
   -2     3    -7 
    8    -2     2 
    2     7    -1 
  -10    -5     5 
    6     7     5 
    6    -6     2 
    2    10     2 
   -8     0     8 
   12     8     8 
    6     8     8 
   14     7    -1 
    4   -15   -13 
    8     4    -4 
    6    10     2 
   -4   -16   -16 
    8     5    -1 
   -4   -16     8 
   -6   -10   -10 
  -12     8     8 
   12   -14    14 
    2    13   -13 
   16    16   -16 
  -14     7    11 
  -12    -4    -4 
   -8   -21    -7 
   -4     8   -16 
    8    20    -4 
    0    -7   -13 
   18    -1    17 
  -20     1    -1 
   -8    -2    14 
  -14   -12    -4 
  -24    16   -16 
    0    17    11 
  -12   -14     2 
  -10    15   -25 
  -10    23   -13 
  -10    14    14 
    8     4    20 
   16     0   -16 
  -16   -12    -4 
    8   -18   -22 
   16    -9   -19 
   16     3   -19 
    1     1     1 
   12    12    -4 
   10   -26   -10 
   -6    16     8 
  -22    -8   -16 
  -20    22     2 
    2    32     8 
   26     8     8 
  -16    -4    -4 
   28   -28    -4 
    2    11    11 
  -28    26   -34 
    6   -20    20 
   -6    21   -19 
   10    21    17 
   12   -20   -28 
   -8    14    26 
   -2    -6   -22 
    2   -17   -13 
   -2   -19    17 
  -30     5   -19 
  -24     4   -28 
  -16    10   -10 
    6   -29   -13 
   26   -34    14 
    0   -16   -16 
   -8    -3    11 
  -30     2     2 
  -26   -14     2 
   26   -12    -4 
  -26     5     5 
  -30    22   -10 
   18   -20   -28 
  -10     7   -25 
  -16   -26    38 
  -40   -27    35 
   -8   -16     8 
  -14   -32     8 
  -14   -16     8 
  -14    35   -31 
  -16   -25     5 
   32   -40   -16 
   14    29    11 
   22   -13     5 
   12   -38    14 
  -28    -6   -34 
    4    -6   -34 
   22    -1    35 
   10    18     2 
   -2    -5    11 
