2 0
200
   -1    -1 
    0     0 
    6     4 
    1     1 
    1 3    12 1 
   48    24 
   73 129   184 -105 
    1 0     0 1 
 -315 735   315 -735 
    1 3     4 0 
    4    16 
    0     0 
    0     0 

    1     1 
   -1    -1 
    1    -1 
    1    -1 
   -1    -1 

   -1    -1 
   -1     1 
    1     1 
   -1     1 
    4     2 
    4     2 
    6     0 
   -6     0 
   -1     1 
  -10    -4 
   -6    -4 
   -2     6 
    1     1 
    4   -12 
   -4     4 
   10   -10 
    6    -2 
    4   -12 
  -12     4 
    4   -10 
    0    -2 
   12    -8 
  -12    -8 
   12    14 
  -12    -2 
   -8   -16 
   -4    -8 
  -14    -2 
   10    14 
   10    10 
    8    -8 
   16    -8 
   -2   -16 
   -2    -8 
   -8    16 
   -8   -16 
   -8   -14 
   -4    10 
  -20   -20 
    4    -4 
   -2   -10 
   -2   -10 
   22    10 
  -26    10 
  -26    -4 
  -22   -20 
    8     4 
   -8   -12 
   24    16 
   -8    16 
    6   -10 
    6   -10 
   14    10 
   10     2 
  -18   -12 
   -2    28 
   -2    -2 
  -18    -2 
  -24     4 
  -28    12 
  -18    34 
   20   -12 
   12    20 
    0   -10 
   -8   -10 
  -16    -4 
    8    -4 
    2    10 
  -22    26 
  -14   -10 
   18   -26 
    8    16 
    0   -32 
   14    38 
   -2     6 
    4     4 
  -12   -12 
   16     2 
  -12    -6 
   30    34 
   18    10 
   -6    22 
   18   -26 
   -8    -2 
   28    22 
   10   -36 
  -34    -4 
    6    10 
  -18   -22 
  -32   -24 
   -8    24 
  -16    16 
    0   -16 
  -36    44 
   12   -20 
  -20    20 
    0    12 
  -34     2 
  -22    -2 
   34    14 
   44     4 
    4   -28 
   12    28 
   12   -20 
   -4    22 
  -28    22 
   42   -22 
    2    26 
   20   -24 
  -40   -32 
   26    14 
    2   -34 
   34   -48 
  -30    -8 
   12   -16 
    4    32 
   44    20 
  -32   -36 
  -22    14 
   14    38 
  -14    18 
   -6    50 
  -14     0 
   42     8 
  -26   -10 
   38     6 
  -16    48 
  -36     8 
  -44     2 
  -16   -22 
   36   -12 
  -44   -44 
   20     0 
  -12   -32 
  -42   -18 
  -10   -50 
  -10    42 
    2     2 
  -32   -44 
   32     4 
   -2    40 
  -42    48 
  -16    32 
   16   -48 
   -6     6 
   -2    30 
  -30    10 
  -16    10 
   -8   -54 
   10   -40 
  -18    40 
  -22    54 
   -6    38 
   44   -44 
  -28    20 
   -4    28 
   36    28 
  -20    40 
  -28   -40 
  -20    -2 
   48    54 
  -32    40 
   32    -8 
   -4   -16 
   36    48 
   28   -46 
  -44    18 
   50   -46 
   50   -46 
    2   -42 
   54    14 
   38   -38 
   30    26 
  -50    -4 
   -2    52 
   40    52 
    0     4 
   20   -56 
   -4    -8 
  -22    54 
    2   -10 
    8    32 
  -48   -32 
  -22   -10 
  -14    54 
  -38    46 
   42   -18 
  -16   -44 
  -44   -36 
   26   -38 
  -14    -6 
  -56    22 
  -16    38 
  -52   -20 
  -68    -4 
   50     2 
   18    34 
  -46    30 
   58    30 
   38   -12 
