1 0
200
   -1 
    0 
   10 
    1 
    3 8 
   96 
 -193 70 
    1 0 
 -720 -36 
    3 2 
    1 

    1 
   -1 
   -1 

    0 
    1 
   -2 
    2 
   -5 
    4 
    0 
    6 
    7 
   -7 
    1 
   -7 
    0 
   -8 
   -4 
    0 
    5 
    7 
  -12 
    5 
  -12 
  -16 
  -16 
  -10 
   -8 
   -5 
    7 
  -13 
    2 
    5 
  -22 
   16 
  -10 
   -6 
   10 
   -7 
    8 
   23 
    9 
   -5 
    8 
   -2 
  -13 
   16 
  -21 
    3 
  -22 
   20 
  -21 
  -26 
   -6 
    4 
   -3 
   15 
   25 
   20 
    6 
    0 
   12 
   -5 
  -29 
   21 
  -27 
   -1 
   -2 
  -24 
    4 
  -23 
   25 
   28 
   17 
    7 
  -12 
   -6 
    1 
   -8 
  -19 
    2 
  -34 
   14 
   32 
    1 
  -14 
   28 
   36 
  -24 
    0 
   -4 
    2 
  -19 
    0 
   23 
  -30 
   20 
   41 
   -9 
  -38 
  -44 
  -10 
   10 
   30 
  -33 
    2 
   44 
    3 
  -28 
  -37 
    5 
    2 
   15 
   28 
  -12 
   41 
   14 
  -41 
   30 
   18 
  -14 
  -36 
   46 
   25 
   -1 
  -23 
    6 
  -10 
   31 
   40 
   -9 
   34 
  -22 
   12 
  -10 
  -19 
    0 
   15 
   29 
  -14 
    0 
    6 
  -14 
   -8 
    6 
   49 
   44 
   22 
   11 
   26 
   16 
   42 
  -50 
  -46 
   -8 
  -24 
  -16 
  -28 
   58 
    4 
   12 
   25 
   25 
   30 
  -16 
   -4 
  -36 
   22 
   19 
  -26 
   60 
   -8 
  -43 
  -14 
  -22 
   45 
  -50 
  -41 
    8 
  -25 
  -24 
   10 
  -37 
   16 
  -32 
   34 
    5 
   32 
  -38 
  -25 
  -22 
  -16 
   23 
  -20 
  -24 
   46 
   -3 
   34 
  -14 
   21 
  -54 
   21 
   26 
