2 0
200
   -1    -1 
    0     0 
    3     3 
    1     1 
    5 0     5 0 
 1512   216 
  250 -189  -183 58 
    1 0     1 0 
 1066 -195  -416 -442 
    2 3     1 4 
  360   -18 
    0     0 
    0     0 

    1    -1 
   -1    -1 
    1    -1 
   -1    -1 

    1     1 
    2     2 
    0     2 
   -1    -1 
   -1     1 
    1     1 
   -7    -7 
   -1     1 
   -2     8 
    4     2 
    5     5 
    5    -7 
   10     2 
    1     1 
    6   -10 
    1    -7 
   -8   -10 
   -9   -13 
   12   -10 
   -5   -13 
    4    -4 
    0    -4 
    3   -13 
   -2     8 
  -19     5 
    0    14 
    3   -13 
  -13    11 
   10    14 
   13   -19 
  -20    20 
    1    -7 
  -16     2 
   16    -4 
  -20   -16 
    0   -16 
    2     2 
    8   -16 
   -8    14 
   -1    11 
   -8    20 
  -19   -19 
   -2   -10 
  -10   -22 
   16    -4 
    0     2 
  -16    20 
  -13    11 
  -10    20 
  -10    26 
   26    14 
   -7     5 
    4   -28 
  -18   -10 
  -21    11 
   29    17 
   26     2 
  -22   -22 
   10    14 
  -24    14 
  -14    14 
   -2   -28 
  -31    29 
   -9    11 
  -16   -16 
  -34   -22 
   -4     8 
   14   -10 
  -19    17 
  -22     8 
   19    35 
  -14   -10 
  -12    20 
  -10    14 
   19    -1 
    4   -16 
  -19    -7 
   27   -25 
   18   -34 
  -25    11 
   10    38 
    4     8 
    4   -10 
    2   -16 
  -20    -4 
  -24    26 
   36     8 
  -29    -1 
  -28    -4 
  -41    11 
  -14    14 
  -12     8 
  -40   -16 
   20   -22 
  -25   -13 
   18   -16 
    6   -34 
   21    -7 
   43    11 
    9    41 
    7   -13 
   16    14 
    4   -28 
   18     2 
   27    11 
  -32   -10 
   -6     2 
   22    38 
   28   -22 
   12   -34 
  -20   -10 
  -24     2 
   10    26 
  -24    26 
  -28    20 
  -17    11 
    4   -40 
   22    20 
  -12     8 
   -2    38 
   30    26 
  -47    -7 
   36   -16 
  -17    -1 
   18    38 
   -6   -10 
   21    -7 
    2   -22 
   31    -1 
   36   -46 
  -11     5 
    4     2 
    4   -40 
   45   -19 
    2    38 
  -44   -34 
   -6   -28 
   24   -22 
  -55     5 
   38   -10 
  -41   -13 
   12    32 
   -8   -40 
   16    44 
  -25    35 
   15   -25 
   13   -43 
  -30    26 
   42   -10 
  -28    32 
    7   -13 
  -14    32 
   50   -46 
   24    -4 
   40   -40 
   17   -19 
  -14    44 
   55    59 
   56    32 
   -8   -52 
   -5   -13 
   -4   -40 
   53    29 
   30    20 
    8    -4 
   -6   -10 
    6    14 
   30    38 
   34    20 
  -30   -10 
   36     2 
   -8   -28 
   28    44 
  -34    -4 
    6    20 
    4    14 
   60   -28 
   42    20 
  -55   -31 
   33   -19 
  -52    26 
   32     8 
   -2   -10 
   34    50 
   32   -46 
  -18     2 
   23    47 
  -10    32 
  -50   -64 
  -34   -34 
  -58    -4 
  -34     2 
   60    -4 
    4    38 
    7    11 
   34    50 
  -47   -31 
  -67    29 
   19   -61 
   16    20 
