4 0
100
   -1    -1    -1     1 
    0     0     0    36 
    4     4     4     3 
    1     1     1     1 
    5 0     5 0     5 0     1 0 
   96    84    12    36 
  197 -104   197 -104   197 -104    32 168 
    1 0     1 0     1 0     0 -1 
  798 -126   798 -126   798 -126  -399 63 
    3 2     3 2     3 2     2 0 
    6     7    -1    12 

   -1     1     1    -1 
    1    -1    -1    -1 
    1     1    -1     1 
   -1    -1     1    -1 

    0     0     0     0 
    1     1     1     2 
   -1     1     1     1 
   -1    -1     1    -1 
    4     4     4    -3 
   -2    -4    -4     1 
   -2    -1    -7     0 
    0     4    -8     5 
    2     1    -1     2 
    4     0     0    -4 
    0    -9     7    10 
    6    -9     3     3 
   -8     2     6    10 
    4     1     7     0 
   -4    -1     7     5 
  -10    10    -2     2 
   10     1    -5    15 
    8    -4    -8   -12 
  -10    12     0    -8 
   -4     6   -10    11 
  -10    -3    -7    -2 
   -4   -17     3   -11 
    4     6     6   -15 
   10     1     9   -18 
   -2   -17    -5    -6 
   14   -10   -14     9 
  -16     5     7    17 
    2     8   -16   -17 
    0     7     5     0 
   -2    -7    13     3 
  -12   -13     7     0 
  -22   -16     8    10 
    4     6     2    -6 
   20    -5    -5    20 
    8   -10    -6     0 
  -16     7     1    16 
   14    11    -7    10 
  -20   -17    -7    -3 
  -14    20   -24   -18 
   14   -19   -25    10 
   -4    16    -8    -1 
  -14     2   -14     3 
  -16   -22    26    16 
  -22    15   -13    13 
  -10   -16   -16    11 
  -16   -16   -20     7 
   -4   -14   -10     8 
    4    20    16   -16 
   16   -14   -26     8 
  -12   -14   -10    -5 
   18   -10   -26     9 
   22   -10     6    10 
   10     7   -13   -10 
   18    23    -1     0 
   12   -28    20    10 
  -16    13    23    20 
  -18    -2    -6   -17 
  -14     8    16    17 
   12    12     4    18 
   -6   -31   -25   -25 
   -6    -2    10     6 
  -20     4    16    20 
   12    17    29   -32 
    1     1    -1     1 
    6     4    12     6 
   20    26    22     8 
   32    -8     8    16 
   32   -25   -19    20 
   20    15   -27    28 
  -22    24    16     8 
    2   -14   -10   -20 
   36    -8   -32   -28 
   -8    32   -32     8 
  -14     1     9    35 
   -2    22   -14   -10 
    4    -3    19   -38 
  -12     4    20   -30 
  -18   -30     6     2 
  -26    26   -18    19 
   34    11    19    28 
   -6   -38    34    32 
  -10   -10     2    11 
  -34    -4    20    23 
    6   -14    14   -37 
   14    -2    -6   -22 
   32   -15   -11     8 
   -2    12   -28    24 
   -8     9     3   -12 
   12   -18   -22    28 
  -14   -16   -32   -16 
   14    -8    28   -34 
   20    24   -16    16 
   24    16   -32    34 
   12    -8    16    43 
    0   -26   -30    36 
  -22   -26   -34   -29 
   36   -19    31     1 
   -4   -14     2     4 
  -22    22   -18   -10 
    2   -10    -2   -18 
