2 0
100
   -1     1 
    0    36 
    5     2 
    1     1 
    5 0     1 0 
   12    36 
   -8 165   215 -99 
    0 1     0 -1 
  627 33  -231 429 
    4 0     2 0 
    1    12 

   -1    -1 
    1    -1 
   -1    -1 

    0     0 
    0     3 
    0     4 
   -2     4 
   -2     1 
    6     1 
   -2     0 
   -4    -3 
    3     6 
   -1    -2 
   -1     7 
    3    -3 
   -5    -6 
   10     6 
   10    -6 
  -10     3 
    8    -6 
    7   -10 
   13     2 
  -12     4 
  -12   -14 
   12     2 
   -2     5 
    1    14 
    3   -13 
  -16     5 
  -12     2 
  -18    10 
    8   -14 
   -1     1 
    1     1 
   -8     8 
    6    13 
   16   -20 
   18    20 
   16    17 
   -5   -10 
   11   -22 
   -8   -23 
    0    -8 
   -9   -14 
    9    -2 
  -22     4 
   -4   -14 
    8     0 
  -24     0 
   -6   -12 
    2    12 
   -1   -26 
    1   -20 
  -25     0 
  -11   -15 
   14    10 
   28    22 
   14    17 
    6   -28 
  -10    -2 
  -18    19 
   10    28 
   -6    19 
    2     9 
   32     2 
  -24     8 
  -17   -31 
    9    -4 
  -33    -8 
    1    10 
    8    -4 
  -32     5 
  -18    15 
   18   -30 
   17    37 
  -23    22 
   -8   -29 
  -28    22 
   11    19 
   21   -11 
   -6    -8 
   18    16 
  -36    21 
   16    30 
  -26    -8 
    2   -17 
    9   -14 
  -35   -29 
   -6    40 
  -40     1 
   32   -42 
    8    21 
  -29    10 
  -29   -17 
   19   -43 
    1   -40 
  -12   -16 
  -20   -28 
  -24    11 
  -10    20 
  -17    30 
   -8    25 
  -10   -20 
