1 0
200
    1 
  144 
    6 
    1 
    1 0 
  144 
  -90 245 
    0 -1 
  -64 -336 
    1 1 
   72 
    0 
    0 

   -1 
    1 

   -2 
    0 
   -2 
    2 
    2 
   -2 
    6 
    2 
   -6 
   -4 
    4 
   -2 
   -6 
    8 
    4 
    2 
   10 
    2 
    8 
   -2 
    2 
    4 
    0 
   -6 
    6 
  -14 
   18 
   10 
    2 
   10 
   -2 
   -8 
  -12 
  -12 
   24 
  -12 
   18 
   -2 
   -2 
   -8 
   10 
    2 
    2 
  -22 
  -26 
    4 
    0 
    8 
   24 
    6 
   -2 
   -6 
   10 
   10 
    2 
  -20 
   10 
    2 
  -16 
    2 
   -6 
    4 
   16 
   14 
   26 
   -8 
   -2 
   18 
  -22 
    2 
    2 
   28 
  -28 
  -22 
    2 
   26 
  -32 
  -22 
    2 
   26 
  -22 
   10 
   10 
   34 
    2 
   30 
  -14 
   22 
   -2 
    8 
   -4 
    2 
   20 
   36 
   10 
   22 
   44 
  -26 
   -1 
    2 
  -32 
   -2 
   12 
  -30 
  -34 
  -14 
  -22 
  -38 
   22 
   14 
   34 
  -26 
    2 
   46 
   20 
   22 
   -8 
    4 
   18 
  -10 
  -22 
  -14 
  -10 
   16 
   10 
   10 
   16 
  -42 
   18 
  -22 
   -6 
   18 
   -2 
   -8 
  -34 
    2 
   10 
   18 
   40 
  -18 
  -36 
   26 
   42 
   -4 
   -6 
  -30 
   34 
   26 
   -6 
   10 
   -4 
   50 
  -34 
   52 
  -10 
  -52 
  -56 
   48 
   38 
   34 
  -10 
  -14 
  -58 
  -36 
  -50 
  -14 
  -10 
   -2 
   -6 
  -22 
   34 
   26 
   22 
  -16 
  -16 
   18 
   34 
   62 
   46 
   10 
  -62 
   30 
  -10 
   -6 
  -30 
  -38 
  -30 
   10 
   50 
   42 
  -54 
  -14 
   38 
  -38 
   48 
   10 
   30 
   50 
  -58 
   28 
