1 7
200
   -1 
    0 
    6 
    1 
    3 4 
  360 
  -47 54 
    0 1 
   27 189 
    4 0 
  -30 
    0 
    0 

   -1 
   -1 

    0 
   -1 
    2 
   -1 
    2 
   -4 
    2 
    1 
   -1 
   -4 
  -10 
    2 
   -7 
  -10 
   -4 
    2 
   14 
    2 
   -4 
  -16 
    2 
   -1 
    5 
    2 
   -7 
   17 
    5 
   -7 
   20 
   20 
    2 
    2 
    2 
  -13 
  -13 
  -13 
    2 
    8 
  -16 
  -25 
    2 
   11 
  -25 
   26 
   -7 
  -16 
    8 
  -16 
  -19 
  -13 
   17 
  -22 
    2 
   -4 
  -16 
   -7 
   14 
  -22 
   -4 
    5 
  -25 
   20 
   20 
   26 
  -10 
   17 
  -16 
   29 
    8 
   -1 
  -25 
   -7 
   -4 
    2 
   29 
   29 
  -16 
    2 
  -25 
  -10 
  -28 
    2 
   11 
   20 
   29 
   -1 
   41 
    8 
    2 
   -4 
   17 
  -16 
    2 
   20 
   26 
    2 
  -34 
    2 
  -16 
   20 
  -13 
   29 
   44 
    5 
  -34 
   20 
   -7 
   44 
  -22 
    8 
  -16 
   20 
  -28 
   20 
  -34 
   20 
  -34 
  -19 
  -46 
   26 
   11 
  -10 
   23 
   32 
   20 
   -4 
   14 
    8 
    2 
  -16 
   11 
   20 
  -43 
    5 
    2 
  -43 
   14 
    2 
  -40 
    8 
  -16 
   29 
    8 
   26 
  -16 
   38 
   32 
  -10 
  -13 
   29 
  -40 
   29 
   26 
   20 
   -7 
    2 
  -34 
  -16 
  -16 
   -7 
   47 
   38 
  -37 
   20 
    2 
  -22 
  -52 
  -16 
   -7 
   26 
   47 
   35 
   47 
  -40 
  -34 
   32 
   20 
    2 
   20 
  -55 
  -22 
   17 
  -28 
   11 
  -40 
  -61 
   56 
  -28 
   50 
  -34 
   29 
  -16 
   29 
  -16 
  -25 
  -46 
   17 
  -22 
  -28 
    8 
