6 21
200
    1     1     1     1    -1    -1 
  -24    48  -480   480     0     0 
    8     8     5     5     9     5 
    1     1     1     1     1     1 
    1 0     1 0     1 0     1 0     4 5     8 1 
  -24    48  -480   480  9216    48 
 -107 215  -107 215  -107 215  -107 215  -161 0  -161 0 
    0 -1     0 -1     0 -1     0 -1     0 1     0 1 
 -215 -215  -215 -215  -215 -215  -215 -215  -645 645  -645 645 
    2 0     2 0     2 0     2 0     4 0     4 0 
   -8    16  -160   160   -32    -8 

    1     1     1     1    -1    -1 
   -1    -1    -1    -1    -1    -1 
   -1     1     1     1     1     1 
   -1     1     1     1     1     1 

   -1    -1    -1    -1     1     1 
   -3    -3     0     0    -4     0 
    0     4     0     4    -2    -4 
    0     4     0     4    -2    -4 
    6     2     1     5    -5     5 
    6     2     1     5    -5     5 
    0     6     4     0    -6     0 
    0     6     4     0    -6     0 
    1     1     1     1     1     1 
    8     8    -9    -1    -5     7 
    8     8    -9    -1    -5     7 
    2    -4     8     8     8    -8 
    2    -4     8     8     8    -8 
    1    -1    -1    -1    -1    -1 
    1    -1    -1    -1    -1    -1 
   -2   -10    -8     8     0     0 
   -2   -10    -8     8     0     0 
   -4    12     3    -9     9    -9 
   -4    12     3    -9     9    -9 
   14    -8     4     4     4    -4 
   14    -8     4     4     4    -4 
    8   -16     0     8    16    -8 
    8   -16     0     8    16    -8 
   -6     6     5   -15     3     9 
   -6     6     5   -15     3     9 
    0    16    -1    19    13    -5 
    0    16    -1    19    13    -5 
   14   -14   -13    -5    -5    11 
   14   -14   -13    -5    -5    11 
   -6   -18     3   -21     3   -13 
    0     8     7   -13   -11    -5 
    0     8     7   -13   -11    -5 
   20    16    -1   -17    11    -1 
   20    16    -1   -17    11    -1 
   12     2    -2    14    22   -10 
   12     2    -2    14    22   -10 
   10     4    20    -8     2     8 
   10     4    20    -8     2     8 
  -20     8    20    -4    -8     4 
  -20     8    20    -4    -8     4 
   22    10   -10    -2   -26    14 
   22    10   -10    -2   -26    14 
  -14   -14     5   -23   -13    25 
  -14   -14     5   -23   -13    25 
   20    10    28    -8    10    -8 
   20    10    28    -8    10    -8 
    0   -14    26    10    26    10 
    0   -14    26    10    26    10 
  -16     4   -10    22   -26    14 
  -16     4   -10    22   -26    14 
    6   -14     9     1   -11     1 
    6   -14     9     1   -11     1 
    2     6    10   -18   -12   -18 
    2     6    10   -18   -12   -18 
  -16    12    19   -21    15   -29 
  -16    12    19   -21    15   -29 
  -22    12    30    30   -10     6 
  -22    12    30    30   -10     6 
   12    20    -9    11   -23    11 
   12    20    -9    11   -23    11 
  -30   -34    -9   -25    -9    15 
   28    12    19   -33   -15    -9 
   28    12    19   -33   -15    -9 
  -18   -20   -16    -8     4    16 
  -18   -20   -16    -8     4    16 
   -8   -26   -12     4   -28    -4 
   -8   -26   -12     4   -28    -4 
    2   -22     7   -13   -15   -21 
    2   -22     7   -13   -15   -21 
   30   -18   -14    30     0   -10 
   30   -18   -14    30     0   -10 
    8    32   -24    32    16    16 
    8    32   -24    32    16    16 
  -22    -8     4     4    20     4 
  -22    -8     4     4    20     4 
    4   -20    -5    -5   -29   -29 
    4   -20    -5    -5   -29   -29 
  -18    22    -2   -26     2    22 
  -18    22    -2   -26     2    22 
  -14    -6    -4     0    22   -24 
  -14    -6    -4     0    22   -24 
  -34    38   -20   -40   -22    -8 
  -34    38   -20   -40   -22    -8 
   14   -32    10   -38    26    34 
   14   -32    10   -38    26    34 
    8   -16    13   -19   -23   -35 
    8   -16    13   -19   -23   -35 
  -34     8    -2    26     0   -30 
  -34     8    -2    26     0   -30 
    8    32     6    14   -30     6 
    8    32     6    14   -30     6 
  -40    24   -16    24    12   -24 
  -40    24   -16    24    12   -24 
  -40   -30   -14    -6    14   -30 
  -40   -30   -14    -6    14   -30 
    4    -4   -32    -4    10   -44 
    4    -4   -32    -4    10   -44 
  -30   -46   -37   -37    35    35 
  -34   -30    33    33    -3   -39 
  -34   -30    33    33    -3   -39 
  -44    20    13    -7    23    41 
  -44    20    13    -7    23    41 
   -8    10   -40   -32     4     8 
   -8    10   -40   -32     4     8 
   -2    -8    14    -2    14   -26 
   -2    -8    14    -2    14   -26 
  -14   -10     2   -10    44    22 
  -14   -10     2   -10    44    22 
    8   -16   -14   -34   -20   -34 
    8   -16   -14   -34   -20   -34 
   -2   -22   -26   -10    14   -10 
   -2   -22   -26   -10    14   -10 
  -20    40    20   -20   -20    -4 
  -20    40    20   -20   -20    -4 
    4   -18    34   -30    34   -30 
    4   -18    34   -30    34   -30 
   36   -12   -12    36   -36     4 
   36   -12   -12    36   -36     4 
   22   -42    31    15    15   -41 
   22   -42    31    15    15   -41 
   46     0     6    -6    12   -30 
   46     0     6    -6    12   -30 
    8   -46    -8    44    34   -28 
    8   -46    -8    44    34   -28 
  -10     6    -5    27    -1    51 
  -10     6    -5    27    -1    51 
  -24   -32    38    34   -40     2 
  -24   -32    38    34   -40     2 
   18    -4    14     2   -28    34 
   18    -4    14     2   -28    34 
   24    22    28    40     2    -8 
   24    22    28    40     2    -8 
    4   -10   -26     2   -52    10 
    4   -10   -26     2   -52    10 
   34    48    46    42    16    -6 
   34    48    46    42    16    -6 
    2    30   -10   -18     6    30 
    2    30   -10   -18     6    30 
    4    -4    -8   -16     4    32 
    4    -4    -8   -16     4    32 
   40    34    18   -50    16   -10 
   40    34    18   -50    16   -10 
  -24    16    29    25    47    -7 
  -24    16    29    25    47    -7 
   46    -6   -42   -30    52   -30 
   46    -6   -42   -30    52   -30 
  -54    42     6     6     6   -58 
   22    46     9   -11    35    29 
   22    46     9   -11    35    29 
  -24    -6    40     0     4     0 
  -24    -6    40     0     4     0 
    6     2   -33    11     5    19 
    6     2   -33    11     5    19 
   20   -20    17    37     7   -19 
   20   -20    17    37     7   -19 
  -52    12    21   -15     3   -15 
  -52    12    21   -15     3   -15 
  -40   -52   -29    11    11   -29 
  -40   -52   -29    11    11   -29 
   46    12    48    12   -30   -12 
   46    12    48    12   -30   -12 
   24   -56   -37     7    61   -17 
   24   -56   -37     7    61   -17 
  -36    34    14   -38    28    34 
  -36    34    14   -38    28    34 
    2   -28    24    20   -22   -20 
    2   -28    24    20   -22   -20 
  -14    46    38    -2   -38   -50 
  -14    46    38    -2   -38   -50 
  -26   -14    40     4    30    36 
  -26   -14    40     4    30    36 
  -38   -30   -33    27    21   -21 
  -38   -30   -33    27    21   -21 
  -20   -46   -50    38    50   -26 
  -20   -46   -50    38    50   -26 
   48     2   -48   -40     4    40 
   48     2   -48   -40     4    40 
   32     0    20   -36   -48    12 
   32     0    20   -36   -48    12 
  -10    26    28   -52   -28    44 
  -10    26    28   -52   -28    44 
   48    -8    32   -20    58   -44 
   48    -8    32   -20    58   -44 
   26    12    -8    24    48   -32 
   26    12    -8    24    48   -32 
    2    52   -36    16   -38     8 
    2    52   -36    16   -38     8 
   -4     8     4   -64     6    24 
   -4     8     4   -64     6    24 
   10   -22   -10   -10    10    38 
   10   -22   -10   -10    10    38 
  -46    58   -41    43   -19    67 
  -46    58   -41    43   -19    67 
   28   -56    60   -44    -4    20 
   28   -56    60   -44    -4    20 
   34   -50    13    13    -3    21 
   34   -50    13    13    -3    21 
   62   -42    -9     3     1   -21 
   62   -42    -9     3     1   -21 
  -52   -18    -6    18     6   -30 
