1 0
100
   -1 
    0 
    4 
    1 
    8 1 
   36 
  179 -44 
    0 1 
  539 -715 
    4 0 
   -6 

    1 
    1 
    1 

    0 
   -1 
    4 
   -4 
    4 
    2 
    0 
   -6 
    2 
    4 
   -1 
    2 
   -1 
   -8 
   10 
    0 
  -10 
   -4 
    4 
    0 
    8 
   -8 
  -10 
  -10 
    2 
    4 
    0 
   14 
   -8 
   -1 
   -6 
  -14 
   16 
    4 
   -2 
   14 
    6 
  -10 
   20 
  -12 
    2 
    6 
    2 
   16 
   -8 
    0 
  -10 
    6 
   16 
  -28 
    6 
   -6 
  -18 
   12 
    4 
  -24 
  -10 
    4 
  -18 
   -4 
  -14 
   -6 
   -2 
   26 
   10 
   28 
  -28 
   14 
  -26 
  -16 
  -16 
   12 
   20 
    8 
    0 
  -36 
  -28 
   18 
  -38 
   -8 
   14 
  -14 
   26 
   22 
   34 
   -8 
  -26 
  -36 
  -10 
  -24 
   16 
    4 
    0 
   28 
    4 
  -16 
  -14 
   10 
   -8 
   38 
