1 0
200
    1 
    0 
    5 
    1 
    5 0 
   24 
  -42 -65 
    0 1 
 -429 169 
    4 0 
    2 
    0 
    0 

    1 
   -1 
    1 

   -1 
    1 
   -1 
   -2 
   -1 
    1 
   -4 
   -6 
   -2 
    2 
  -11 
    3 
   -4 
   -9 
  -10 
    5 
   -2 
    7 
   -9 
    4 
   -3 
    3 
   -4 
    6 
  -18 
  -19 
   -6 
    0 
  -10 
   15 
  -17 
  -16 
    8 
   20 
   16 
    1 
  -10 
   -8 
  -12 
    2 
   -5 
   20 
   19 
   -4 
    8 
    8 
   -3 
   17 
   20 
   -5 
   -6 
   20 
  -19 
   23 
   -8 
    8 
  -18 
   18 
    6 
    6 
   11 
  -32 
   23 
   -4 
    3 
  -30 
  -10 
    5 
  -30 
   30 
  -26 
  -38 
   -8 
  -14 
    6 
   16 
   -2 
    2 
  -10 
  -34 
   25 
   15 
  -24 
   -3 
  -17 
    5 
   -6 
  -38 
   -8 
  -16 
  -40 
  -20 
   -6 
    7 
    8 
  -36 
  -16 
   19 
   18 
   22 
  -27 
    4 
    2 
  -28 
   17 
   30 
   -7 
   18 
  -27 
   -1 
  -32 
    5 
   28 
   31 
    5 
    8 
   12 
  -20 
  -34 
   26 
   14 
  -28 
  -24 
    4 
  -19 
  -22 
  -28 
   48 
  -16 
   22 
   19 
  -18 
  -15 
   14 
   24 
   23 
  -34 
   15 
  -36 
  -50 
  -11 
    8 
  -44 
  -32 
   -1 
   50 
   -6 
  -35 
  -50 
  -36 
  -22 
   -1 
  -51 
   26 
  -16 
   19 
    4 
    0 
    1 
   44 
    2 
  -22 
   -1 
   11 
   38 
  -14 
    7 
  -60 
  -30 
   59 
   -1 
    1 
   -2 
  -18 
   32 
   15 
   13 
  -49 
   -2 
   59 
   14 
   27 
   -5 
   14 
   26 
   38 
   30 
   17 
   62 
   31 
  -45 
   56 
   30 
    8 
    0 
   26 
   49 
   -1 
  -24 
    0 
