2 0
200
    1     1 
   18    12 
    3     2 
    1     1 
    1 0     1 0 
   18    12 
 -121 216  -121 216 
    0 -1     0 -1 
 -189 -243  -189 -243 
    2 0     2 0 
    6     4 
    0     0 
    0     0 

   -1    -1 
    1     1 

    0     0 
    2     3 
   -2     5 
    4     1 
   -6     2 
    3     2 
   -1    -4 
   -8    -5 
   -4     2 
    8     7 
   -2     8 
   -3    -9 
    2    -8 
   10     8 
    4     1 
   -1     9 
    8     8 
    3    -8 
   13    10 
   -3    -9 
   10    -2 
  -16     5 
   -1     8 
   18    -4 
   16    -8 
   10     5 
   11     0 
  -11   -19 
   -6    11 
    6   -10 
  -12    12 
  -13     8 
    3   -14 
    8    -6 
   16   -12 
   16    10 
  -11    19 
   18    22 
   -6   -21 
   17    -2 
   12     0 
    8   -14 
   -6     1 
   -1    -1 
  -16   -11 
   16   -24 
   18    28 
   -2    12 
   16   -24 
    8    16 
    0   -16 
  -20    16 
   15   -14 
   14    19 
   14     7 
    0    -6 
  -27   -10 
   23    22 
   16   -12 
   -4    -6 
    4    10 
    2   -13 
  -28    -8 
  -29     3 
  -14    12 
    8     4 
  -26    -4 
   22     2 
   -8   -20 
  -20    22 
   14   -35 
   25    22 
    0    19 
  -34   -25 
   -8   -30 
   -1   -26 
  -11    -6 
   -2   -12 
   21    -9 
   38    14 
   10   -12 
    8   -34 
   11    10 
   -2   -28 
   11     6 
   -8    28 
   -2    21 
   -6   -28 
   -9     1 
  -18    16 
   19    14 
  -19   -28 
   -3     6 
  -41   -20 
  -36    13 
    8   -28 
  -20    33 
   15    -5 
    0     0 
  -38   -25 
    0   -35 
   28    -3 
   28    33 
   20    -4 
    2    44 
    0   -36 
  -26    17 
  -20   -10 
   -8   -18 
   27   -38 
  -12     6 
  -10    11 
   32    20 
   -9   -38 
   39    48 
   40    -8 
   36    16 
   -4    46 
  -22   -20 
   49   -14 
  -14   -30 
   -1   -14 
   12    17 
    6    20 
  -28    26 
    8   -16 
   16    19 
   24   -28 
  -40    -4 
   49    13 
   32    17 
   -5     8 
  -20    25 
   42     8 
  -19   -23 
   18     6 
   26    41 
  -19    49 
    4    13 
  -27    -4 
   25    40 
   -2    -1 
   41   -44 
   38   -23 
   26    50 
   30    36 
  -24   -10 
    8   -26 
  -26    50 
  -52    22 
  -14   -24 
   -6   -23 
  -32    16 
  -18    -7 
   20    44 
    8    23 
  -12     2 
   51     6 
   52   -16 
   10    -2 
  -54     0 
   25    42 
    3    50 
  -16    32 
   51   -24 
    2    22 
  -26    44 
  -24    16 
   10    -1 
   28    -2 
   40    32 
   32   -48 
   43    38 
   -9   -40 
  -12    19 
  -14    27 
  -26    21 
  -48    24 
   56   -38 
  -10   -37 
  -62   -56 
  -48    29 
   39    44 
   26    22 
    6    -2 
   34    26 
  -10   -50 
  -17    46 
  -26   -45 
  -40    46 
    7   -14 
  -52    -8 
   18   -21 
   44   -53 
  -49    26 
  -13   -65 
   13    30 
   -1    43 
  -34    -5 
    5    44 
