1 0
100
    1 
    0 
    8 
    1 
    3 1 
   48 
  -92 113 
    1 0 
 -390 360 
    3 1 
    4 

   -1 
    1 
   -1 
   -1 

    0 
   -1 
    0 
   -4 
   -5 
    1 
   -6 
   -5 
    1 
    4 
   -5 
   -5 
   -6 
    6 
   -8 
   13 
  -10 
   -5 
   -8 
   -6 
   -8 
    0 
    5 
  -12 
  -11 
   -4 
   -1 
   17 
   -7 
    3 
  -17 
  -16 
    5 
   23 
    9 
    0 
    1 
  -22 
  -16 
  -16 
   -2 
  -10 
    4 
   16 
  -11 
    4 
   16 
    6 
  -13 
   -9 
  -28 
   23 
   -2 
  -29 
  -22 
   10 
   -8 
   -8 
   -4 
   21 
  -10 
   13 
  -28 
    6 
    1 
  -13 
  -34 
  -10 
   34 
  -17 
   11 
   29 
  -35 
   21 
  -16 
   -2 
   24 
    7 
    0 
   28 
    7 
   -5 
    4 
  -39 
   40 
    1 
   37 
   -7 
   37 
  -13 
   19 
   -7 
  -10 
  -22 
  -18 
   14 
   19 
  -16 
  -10 
   14 
