1 0
100
   -1 
    0 
    6 
    1 
    1 3 
  144 
  128 79 
    1 0 
 -110 700 
    1 3 
  -12 

   -1 
    1 
   -1 
    1 

   -2 
    1 
    2 
    4 
   -1 
    2 
    4 
   -4 
    1 
   -4 
  -10 
   -6 
   -2 
   -4 
    0 
   10 
  -14 
  -10 
   -2 
   10 
   -6 
  -10 
    4 
    2 
    2 
  -12 
  -18 
   -1 
   -6 
   10 
  -10 
   -8 
   14 
   -4 
   16 
   -8 
    2 
   -2 
    0 
    4 
   -2 
   -6 
  -14 
   14 
  -18 
  -20 
   -6 
   10 
   26 
  -16 
  -26 
   -6 
   18 
   10 
   -6 
   -2 
  -14 
   30 
   -4 
  -14 
  -22 
  -26 
   20 
   -6 
  -14 
   24 
   22 
   22 
   34 
   10 
  -30 
  -24 
  -26 
   18 
   -6 
    6 
   30 
   34 
  -22 
    2 
   22 
  -10 
  -14 
   -2 
  -30 
   14 
  -26 
   18 
   10 
   22 
  -24 
  -22 
   -2 
  -20 
   14 
   -6 
   -2 
    2 
    2 
  -14 
