1 0
200
    1 
-5760 
    2 
    1 
    1 0 
-5760 
 -158 249 
    0 -1 
   68 -408 
    1 1 
-2880 
    0 
    0 

    1 
    1 
   -1 

    2 
    0 
    2 
    4 
   -5 
   -3 
    7 
   -1 
   -7 
   -1 
   10 
   -4 
    4 
    1 
   11 
    6 
    8 
   16 
  -12 
  -10 
   -4 
   -6 
    4 
    2 
   10 
   13 
    9 
   -4 
   -2 
  -13 
   19 
   -7 
    0 
   14 
   16 
    8 
  -23 
    9 
   14 
   22 
   -2 
    2 
   18 
  -20 
   24 
  -10 
    8 
   -4 
  -19 
   19 
    6 
   10 
  -22 
  -10 
   29 
   23 
   12 
    8 
    0 
    0 
    1 
   12 
   32 
  -10 
   30 
  -15 
  -17 
   20 
    8 
  -17 
  -29 
   24 
  -10 
  -34 
   -2 
    4 
  -36 
  -28 
    4 
  -13 
  -19 
    5 
  -15 
  -35 
   -1 
   10 
   24 
   11 
   -7 
   32 
  -28 
  -38 
   38 
   30 
   14 
   -8 
   -4 
    3 
   -4 
  -34 
  -16 
   32 
  -16 
  -44 
    3 
  -13 
  -44 
   20 
   10 
    0 
   -7 
   11 
   14 
    2 
  -25 
   13 
  -14 
   40 
  -11 
  -31 
   -2 
  -36 
   22 
   12 
   22 
  -14 
   24 
  -32 
   -2 
   14 
   37 
  -17 
    0 
  -10 
  -35 
   11 
   11 
  -45 
   -4 
   32 
    2 
   24 
   -2 
  -16 
  -34 
  -46 
   30 
  -20 
  -34 
   24 
  -20 
   14 
  -10 
   13 
  -41 
   18 
   36 
  -49 
    7 
   38 
    6 
  -57 
  -43 
  -20 
    2 
    0 
   26 
  -28 
    6 
   17 
  -17 
  -41 
   43 
  -31 
   25 
  -14 
   46 
   11 
   -5 
   35 
   -7 
   -3 
  -15 
  -46 
  -22 
  -16 
   -2 
  -23 
   21 
   50 
   60 
  -18 
   44 
   -7 
  -57 
   10 
   38 
   24 
   18 
   12 
