1 0
100
    1 
   48 
    8 
    1 
    1 0 
   48 
  141 5 
    1 0 
  276 156 
    2 1 
    8 

   -1 
    1 
    1 

    0 
    0 
    0 
    2 
   -2 
   -2 
   -4 
   -6 
    8 
    8 
    0 
    6 
   -6 
   -4 
   -4 
   14 
    2 
  -10 
   12 
  -10 
  -14 
    8 
   12 
   10 
    6 
   14 
  -16 
   12 
   12 
   -2 
   -8 
    2 
   -4 
    6 
   -8 
   10 
   -2 
   -2 
   12 
    2 
   20 
  -14 
   -2 
    6 
   12 
  -18 
   12 
   10 
   28 
  -14 
  -12 
   28 
  -12 
   14 
  -22 
    0 
   -2 
  -24 
   14 
    4 
   -8 
   28 
  -28 
   10 
   10 
   28 
   -6 
    0 
   32 
   10 
   26 
  -16 
    4 
  -14 
   14 
    8 
   -4 
   26 
   14 
   16 
  -12 
  -26 
    2 
   34 
  -10 
   22 
    0 
   28 
   14 
    8 
   36 
   -2 
   -8 
   14 
   28 
    4 
    4 
   34 
  -22 
   -8 
