1 2
100
   -1 
    0 
    4 
    1 
    3 1 
   96 
 -140 206 
    1 0 
 -627 684 
    3 1 
    8 

    1 
   -1 
   -1 
    1 

   -1 
    1 
    1 
    0 
    2 
   -6 
    0 
   -1 
   -6 
    4 
    4 
   -6 
   -2 
   12 
    4 
   14 
    6 
   -8 
   -4 
   10 
   -6 
   -4 
    0 
  -14 
   10 
    8 
   16 
    2 
  -18 
   -6 
   -8 
    4 
    4 
   20 
  -16 
    4 
   -2 
   -2 
   20 
  -12 
   14 
   14 
   18 
  -10 
  -24 
    8 
   24 
  -28 
  -20 
  -20 
   -2 
  -10 
    2 
  -14 
   -8 
    0 
  -18 
  -18 
  -28 
    4 
  -14 
    8 
   16 
   34 
   10 
  -20 
    0 
  -26 
  -30 
  -10 
  -18 
   16 
   -8 
  -10 
  -14 
    0 
  -36 
    6 
   14 
  -26 
  -18 
   -6 
  -10 
  -14 
    2 
   20 
   28 
  -30 
    2 
   24 
  -40 
   -8 
  -20 
   12 
   -4 
  -16 
   16 
  -30 
   -2 
  -34 
