8 0
100
    1    -1    -1    -1    -1     1    -1    -1 
    0     0     0     0     0   -72     0     0 
    7     7     7     7     7     6     4     4 
    1     1     1     1     1     1     1     1 
    4 3     3 1     3 1     3 1     3 1     1 0     3 1     3 1 
   48   240    48   192    48   -72    48    12 
  -74 -33   211 -94   211 -94   211 -94   211 -94   149 66   211 -94   211 -94 
    0 1     1 0     1 0     1 0     1 0     0 -1     1 0     1 0 
 -429 297   726 -165   726 -165   726 -165   726 -165  -429 297   726 -165   726 -165 
    4 0     3 1     3 1     3 1     3 1     2 0     3 1     3 1 
   -2   -20     4    16     4   -24     4     1 

    1     1     1     1    -1     1    -1     1 
    1    -1    -1    -1    -1    -1     1    -1 
    1     1    -1    -1     1    -1     1    -1 
   -1    -1     1     1     1    -1    -1     1 

    0     0     0     0     0     0     0     0 
   -2    -2    -2    -2    -2    -1     1     1 
   -3    -3    -1    -1     1     2     0     2 
   -1     1     1     1     1     1    -1     1 
   -4     4    -4    -4     4     5     2    -1 
    1     1    -5    -5    -3     5    -2     1 
   -1    -1     1     1    -1     1    -1     1 
   -5     1    -5     1    -1     2     4    -2 
    4     2     2    -4    -4     5    -2    -7 
   -1    -9     7     7    -9     5     8     1 
   -4     6    10    -8    -2   -10    -4    -2 
    5    11     3    -3     9     2   -10     6 
  -10     4    -8    10    -4    11   -10   -11 
   -4    -6    -2     4    12   -10     8    10 
    4    -2     2    -4     6    -4     4    -4 
  -11    -1    -3    15     5    -1    -2     9 
  -11    -3    -1    -1   -11     2    -2   -10 
   -4   -12     4     4    10    -4     8     4 
   -8     4    -4     8    -4     5     4    -7 
   -2     4    -8    -2   -12    11    -2     1 
   -4   -12     8     8     4    14    14     2 
    8    -8    16    -8    -8    -1     8   -11 
  -10    -8     0    -6    10    11    -4    -3 
    0    16    12    12   -14   -10     6     6 
    3   -15    -7    11    -1   -13    -6    -7 
   -9     9     1     7    15   -19     0    -5 
    0    10     6   -12     6    -4     0    12 
   -2   -12     4    10   -10    -4   -14   -20 
   -1   -13     1    13     7   -10   -10    -2 
    1     1    -1    -1    -1     1     1    -1 
   -8   -12    12     0    -8     8    -8   -12 
  -13   -11    -1    -7    -9    -4   -16    -4 
   -7    19     9     3    -3     8    20     0 
  -20    12    20    -4    12     5     4     5 
   -5    19    -7    17     7   -10    16     2 
   -2    12     4    10     4     8   -20    16 
   12   -22    18   -12     2    14     6    -6 
   18   -12   -12    18    -2    -4     6   -12 
    0    -4    20   -16    10    14   -12     2 
  -16   -18    10   -20    -6   -13     8    -5 
   20   -14   -18     0    14    23     2   -21 
  -25     5     5    -1    -5    -1    14   -19 
   11    15    -3     9    -5    26     2   -18 
  -16    10    -6    12    16     5     2    21 
   -3   -25   -17    13    25     2   -24   -14 
  -21     3   -21     3   -17    20     0    24 
   20    18     2   -16   -28   -13   -28    -1 
   -5    27   -15     9    -9    -1     4    15 
    8   -10   -26    16    12     8   -16    16 
  -11     9   -15    -3   -19   -10    -8   -18 
   -6    20     4   -14    -8     2    -6   -14 
  -24    -8   -16   -16    22    17    -6     5 
   10    14    14   -22   -18     8    -2    -4 
   -6   -14   -18   -18   -22    26    18    18 
  -14    22     2   -10    16     8   -20    -4 
   14    10    22   -14     8    14     8    -2 
   19   -23   -13    -7    27   -28    -2   -28 
  -10    18   -10    26    30     8   -10   -16 
   10    -4     0    -6    14   -31   -32    -9 
  -14    16     0   -18    -6    17     4    -3 
  -10   -22    18     6    -4    11    14    15 
   -5    27     9     9     7     8     4    12 
  -10   -14    10    -2   -22    -4     8    28 
   32   -14    -2   -20    16    -1    26     1 
  -22    14   -34     2    -2   -16     2   -28 
  -14     8    -8    10     6   -13    28    25 
    1   -29    -5   -23   -19    17   -20    31 
   32   -20     8    20   -22   -28    14   -16 
   26    -2   -14    22    26   -31     2    13 
   10   -12   -12    30   -20     2   -26    30 
  -10    14    30     6     4     5   -10   -27 
   -7   -17   -17     1   -19   -10     8    10 
  -15   -15    25   -23   -27    14    24    10 
  -26    10    22   -14    -4    -4    -2     4 
   17    -1   -11   -29   -11     5   -10    19 
    7    29     5    -1   -25    23   -20    -7 
   20    20   -16     8   -18    -4   -28    -4 
  -34   -18     6   -18   -34    17   -34    33 
  -31    -9     7     1    21    20   -34    -8 
   30    10   -10     2   -32    -1     6     5 
   -7   -31    -5    -5   -35    17   -22    13 
    2    -4   -32    -2   -10   -19   -22    25 
  -19    37    -3   -27     1   -22   -10    30 
   33    -1   -17   -23   -35     2   -30    10 
  -20    -6     6     0     0   -10   -14    18 
  -18    10     6    18    -6     8   -12     0 
  -32    28    28    -8     8     8    40    -8 
   10    24    12    18   -28   -34    22   -18 
  -16   -24     4   -20    32   -22    14    10 
  -11   -19     5   -19   -15   -22    -8   -34 
  -39   -15     1   -23     1    -1     0    -5 
  -12     8   -20    16   -22    20   -12    -8 
   16    32     0   -24    -8   -34   -32   -18 
  -38    26    22    22   -22   -16   -32   -32 
  -24   -32   -16   -16   -32   -13    36    17 
  -37    -5    -7    -7   -17   -16   -28   -16 
  -20    -4     8   -16    44    20     4    -4 
   -8    10    18   -24   -26   -25   -38     9 
   -2   -24    -8   -14    22    14   -38   -14 
   36    28   -32    16   -22     2    42    22 
