3 0
100
    1     1     1 
    0  -144    24 
    8     6     2 
    1     1     1 
    5 0     1 0     1 0 
   24  -144    24 
   50 -101   203 -27   203 -27 
    1 0     0 -1     0 -1 
  351 -405  -351 405  -351 405 
    3 2     2 0     2 0 
   -4   -48     8 

   -1    -1    -1 
    1     1     1 

    0     0     0 
   -3    -1     3 
   -2     2     4 
   -1    -3     2 
    4     4    -5 
   -4     4    -1 
   -2     2     4 
   -6     2     0 
    5     3    -1 
    5    -7     2 
  -10    -2     2 
   -4     8    -1 
  -10    -2    -7 
   -6     2     6 
  -12    12     6 
    6    -2   -15 
    5    13     5 
   -7    -5     2 
    9     5    12 
  -14    -2   -11 
   -3     3     3 
    0    12     6 
   -3     7     6 
   -6   -18     6 
  -10     2    14 
   -5    -7   -14 
    6    -2    12 
   -9     1     9 
    0    16    -9 
    1   -15    10 
  -14     2     4 
  -12    -8    -6 
   13    -7     4 
   16     8    -2 
  -12    20    18 
    5    15     2 
    3   -13    -3 
    2     2   -19 
   -1   -21     2 
  -20     4    -2 
   -2     2    -2 
   16    -8    10 
   -4     4     5 
   16     4     1 
   -1    -1    -1 
  -15    -5    12 
   20    20     8 
  -20   -20    22 
    8    12    14 
   10     2    -2 
   -9     9   -15 
   14    14   -13 
    2   -26    -1 
   18    -6     9 
    4    32     4 
   -8    32    -2 
  -27   -13     6 
   -2     2   -26 
  -11     7    22 
  -23    -3    28 
    2    18    29 
  -23    29    22 
  -20     4    16 
   34    10     1 
  -14    10     1 
   28   -28   -20 
   12    -8    -6 
  -22     6   -22 
  -23    -9    22 
  -10     2   -34 
  -33     7     6 
  -17    -5    28 
   13   -25    22 
  -38   -10   -14 
  -27   -35    30 
  -20   -36    10 
  -13    -1    20 
   -3    29   -27 
  -20     4   -29 
   22    26    31 
   20    -4     5 
    9    15    21 
    6    10    -3 
   19    11    -5 
  -29    11   -17 
  -11    15    -2 
  -33    -5   -30 
  -12     4    -3 
  -14   -26   -29 
   24     8   -12 
  -20   -32    34 
   16     4    16 
    5     9   -28 
    1    -5   -14 
   21    25   -12 
   29    23    20 
  -16     8    26 
  -28    -4   -34 
   18    26   -45 
  -43   -29   -31 
