1 0
100
   -1 
    0 
    3 
    1 
    4 3 
   12 
  133 -165 
    1 0 
  728 -559 
    3 2 
    1 

    1 
   -1 
   -1 

    1 
    1 
    2 
   -3 
   -1 
    1 
    5 
    5 
    7 
   -7 
    2 
   -3 
  -10 
    0 
    4 
    6 
   -6 
    2 
  -12 
   -9 
   -8 
  -11 
    4 
   10 
   -8 
   -1 
    2 
   15 
   -6 
   -5 
    4 
   -5 
    4 
   17 
  -20 
   14 
  -10 
    2 
  -23 
    4 
   -2 
  -14 
  -22 
    2 
   -1 
   -8 
    9 
   26 
   -6 
  -21 
   -8 
    2 
  -16 
   -2 
    7 
    4 
   17 
  -11 
   -4 
   22 
  -31 
   25 
  -10 
   -4 
   23 
   21 
   -3 
   32 
   -3 
  -10 
   -6 
    4 
  -36 
  -14 
   19 
  -24 
   34 
   17 
   -2 
   -8 
   16 
  -37 
   19 
  -32 
  -37 
   24 
  -40 
  -24 
   -4 
   -1 
   22 
    0 
   16 
    8 
  -26 
  -17 
   30 
   31 
    2 
  -15 
