2 2
100
    1    -1 
  -72     0 
   12     8 
    1     1 
    1 0     5 0 
  -72    12 
 -159 125  -145 351 
    1 0     2 0 
 -444 216  -672 660 
    2 1     2 3 
  -12     1 

    1     1 
    1     1 
    1    -1 
   -1    -1 

    0     0 
    0     0 
   -4     0 
    4     0 
   -1     1 
    2     2 
   -4     0 
   -4    -8 
   -8     6 
    6     2 
   -4    -2 
   -6     2 
    6     6 
    4     4 
   -6     4 
   -2     0 
  -14    -2 
   -4    -8 
   -2    -8 
   -6   -10 
   10     6 
  -10   -10 
    1     1 
   -8   -12 
    0   -10 
    0   -12 
    2   -16 
   14    -2 
   -4    16 
   18    -8 
   18    -6 
    8   -16 
    8     4 
   16    14 
   24   -16 
   -8    -8 
    2    18 
   18     2 
  -10    10 
   -8    -2 
   16   -16 
   -4    12 
    6    14 
   22     2 
   10   -10 
   24   -16 
    4     4 
    0     4 
   18     2 
    8   -10 
  -24   -24 
   14    14 
   26     6 
   -6   -18 
  -16    32 
  -10    12 
   24     4 
   16     8 
   32     4 
  -14   -14 
  -26    10 
  -18    -8 
    4    20 
  -26    22 
   -6   -26 
   20    12 
    8     8 
    2   -18 
   14     2 
   10     8 
   22     2 
   -2    -8 
   12   -14 
    6    38 
   22   -16 
   28    -4 
  -34   -30 
    6    30 
   -2   -16 
  -26    26 
  -24    10 
   26    -2 
   10     6 
  -18   -12 
  -10     4 
    4    10 
   26    -8 
   28   -20 
  -40     2 
   -4   -36 
   16   -24 
   20    18 
  -18    -6 
   36    36 
    4    44 
    4    -8 
   40   -28 
   26    22 
  -16    14 
  -28   -16 
