1 2
100
   -1 
    0 
    6 
    1 
    5 0 
   36 
   11 -158 
    1 0 
  348 -768 
    3 2 
   -6 

    1 
    1 
   -1 
   -1 

    0 
    0 
    2 
   -4 
    1 
    2 
   -4 
   -4 
    2 
   -4 
   -4 
    2 
    8 
   -4 
    8 
  -10 
    8 
    2 
    2 
  -10 
   14 
    1 
   14 
  -16 
    2 
   -4 
  -16 
   14 
    2 
    8 
  -16 
    2 
  -22 
   -4 
  -16 
    8 
   14 
   14 
   -4 
  -16 
   20 
  -16 
    2 
   -4 
  -16 
    2 
   -4 
    8 
   -4 
   20 
    2 
   26 
  -10 
   26 
    2 
  -16 
  -28 
    8 
  -22 
   -4 
    2 
   -4 
   26 
  -34 
  -10 
   26 
    8 
    2 
   14 
   26 
  -22 
  -10 
   -4 
   -4 
  -34 
    8 
   20 
    2 
  -16 
  -40 
  -10 
  -10 
  -10 
  -16 
  -16 
  -28 
   14 
   20 
  -10 
   -4 
   14 
  -16 
  -40 
   32 
   44 
  -28 
  -16 
  -10 
   38 
  -16 
