2 0
100
   -1     1 
    0 28320 
    5     5 
    1     1 
    4 3     1 0 
11328 28320 
 -155 192   163 50 
    1 0     0 -1 
 -850 650  -425 325 
    3 2     2 0 
  354  9440 

    1    -1 
    1     1 
    1     1 

   -1     1 
    0     0 
    1    -1 
   -5     5 
   -1     1 
    3    -3 
   -1    -1 
    7     7 
    0     0 
   -1    -1 
   -1    -1 
    6    -6 
    2    -2 
   -3     3 
   -1     1 
   -5    -5 
    5     5 
    1    -1 
   -3     3 
   -6     6 
  -10    10 
   -1    -1 
   16    16 
   -3     3 
   -7     7 
    0     0 
   -8     8 
   -1    -1 
  -11   -11 
   10    10 
   -8     8 
   -4     4 
   -8    -8 
    4     4 
    3     3 
    7     7 
   13   -13 
    3    -3 
   -1     1 
  -13    13 
   19    19 
   15    15 
  -15    15 
   19   -19 
   -9    -9 
   21    21 
  -19   -19 
   19    19 
  -15    15 
    1    -1 
    1     1 
  -21   -21 
    5     5 
  -15   -15 
  -16   -16 
   -4    -4 
  -15    15 
  -23    23 
   23   -23 
   23   -23 
   30    30 
   21   -21 
    7    -7 
  -23    23 
  -19    19 
   20    20 
   36    36 
   -1     1 
   15   -15 
   -6    -6 
   14    14 
    7    -7 
   31   -31 
   11   -11 
    5    -5 
   -5    -5 
   29    29 
  -37    37 
   39   -39 
   15    15 
  -35   -35 
   30    30 
   26    26 
   -1     1 
   11   -11 
   -9    -9 
   27    27 
    2    -2 
  -42    42 
   20   -20 
   40   -40 
  -25    25 
    7    -7 
   15    15 
  -37   -37 
  -43    43 
   -7     7 
  -30   -30 
   19    19 
   -5    -5 
