2 0
100
    1    -1 
    0     0 
    5     4 
    1     1 
    5 4     3 1 
55200 62100 
   15 -160  -172 239 
    1 0     1 0 
  364 -770  -756 784 
    3 2     3 1 
  575 -5175 

    1    -1 
   -1    -1 
    1     1 
    1     1 

   -1     0 
   -1     1 
    1     1 
   -1    -1 
   -2     6 
   -4     2 
    4    -2 
   -6    -2 
   -4    -2 
    0    -8 
   -7    -6 
   -3    10 
   -8    -2 
   -7    -4 
  -10    -4 
   -7    -8 
  -13     8 
   12   -12 
   12    12 
   -3    -6 
    1    -2 
   -8     0 
   -4    -8 
   -8   -12 
   -7     2 
   -7    14 
    8    14 
  -17    10 
   -6   -14 
  -13    10 
   -2    -8 
    0    -8 
   -5   -12 
  -10   -14 
   11    -4 
    4    -8 
  -11     8 
  -10   -22 
    9   -12 
   10   -16 
    8    -2 
    4    22 
   25     2 
  -12    -6 
    5    -6 
  -11   -10 
   12    12 
   -8     8 
   27   -14 
    8    12 
    4    14 
   -2   -10 
    8     8 
  -14   -22 
   22     4 
  -25     2 
  -15   -18 
  -15    14 
  -11   -16 
   26    10 
  -29    -2 
  -11   -12 
  -14   -18 
  -16    16 
   26   -30 
   -7    20 
  -23    20 
   33   -18 
  -26   -26 
   26    26 
   34   -16 
  -20    -2 
  -25    22 
  -23   -26 
    4     6 
  -12   -12 
   19     4 
  -22    14 
  -14   -34 
   13    38 
  -12     4 
   22    -2 
   -9   -26 
    4   -16 
  -18    20 
   20    32 
  -24     6 
   18    34 
    2    18 
  -26    16 
  -23    32 
  -26     0 
   14    -8 
   38   -12 
   36   -32 
   -9    -4 
   34   -18 
  -34    10 
   10    26 
  -25    38 
