2 0
25
    1     1 
  234    78 
    6     2 
    1     1 
    1 0     1 0 
  234    78 
  -74 65   -74 65 
    0 -1     0 -1 
   84 -140    84 -140 
    1 1     1 1 
  117    39 

    1     1 
   -1     1 
   -1    -1 
   -1     1 

   -2     2 
    0     0 
    1    -1 
    1     1 
    2    -2 
    2     2 
    1    -1 
    8     0 
    8     4 
   -4     8 
   -4     0 
    8     4 
  -10     6 
    8     4 
    2     2 
   -4     8 
  -10     2 
  -10    14 
   -4    -4 
    2   -10 
  -16    -4 
   -4     8 
   -4     4 
    2    10 
    8     4 
