2 0
200
    1     1 
-1056  3168 
    6     6 
    1     1 
    1 0     1 0 
-1056  3168 
   68 -54    68 -54 
    0 -1     0 -1 
  -27 135   -27 135 
    2 0     2 0 
 -352  1056 
    0     0 
    0     0 

    1     1 
   -1    -1 

    0     0 
   -1    -1 
    2     5 
    1     1 
    5     5 
   -4     2 
    8    -7 
    5     2 
   -1    -7 
    5     2 
   -4     5 
   -4     2 
    2     2 
  -10     8 
    8    -4 
  -13     2 
    8     2 
   11     8 
   -4     8 
   11     2 
    2     2 
   11    -4 
   -1   -10 
    5    14 
    8   -10 
  -16   -19 
   -1   -10 
   -4   -16 
  -16     2 
   -4     8 
    8     2 
   -1   -16 
    5   -22 
    2    11 
   14    11 
  -16    -7 
   -4    14 
    2     2 
  -25   -16 
   17     2 
   11    11 
    2    20 
   -4    26 
  -16     8 
   14    -7 
   20     2 
   20    -7 
   -4     5 
    8    -1 
   20   -22 
    2     2 
  -22    23 
  -10   -10 
  -22    23 
    2   -16 
   11   -16 
   17   -10 
   23   -13 
   17   -16 
   14    -4 
  -25    -7 
   20    -7 
   -7    20 
   32    -4 
   -1    -1 
    8    -1 
  -22   -13 
  -10     2 
   -4    14 
   -1    14 
  -28   -10 
   26    -7 
    8   -16 
    5   -25 
   14   -13 
  -28    11 
    8   -16 
    5    11 
  -34   -34 
    5    14 
   -4    20 
    2   -13 
   17    17 
  -22    20 
  -22    -7 
   11   -16 
    2    29 
  -10     8 
  -16    14 
    5    -4 
  -19     2 
  -22   -25 
   26   -16 
  -28    17 
   38    44 
   38    -7 
   11    20 
  -28    20 
  -13    11 
  -10   -34 
  -25   -34 
  -28    38 
   -4   -40 
   11     2 
   -7    -7 
  -34    20 
  -19   -10 
  -22    -4 
  -22    41 
   23   -16 
  -25    29 
   29   -25 
  -40    29 
  -25   -34 
  -40     2 
  -13    20 
    5   -28 
   44    -1 
   17    35 
  -10   -28 
   26   -10 
  -34   -22 
   44    44 
  -34   -49 
  -46   -22 
    8    44 
  -10    47 
   20    20 
   26   -16 
    5   -31 
   11   -52 
  -49   -34 
   50    11 
   50   -31 
    2   -16 
  -34   -16 
   26     2 
   32   -22 
  -25   -46 
   14    17 
  -34    20 
   47   -34 
  -40    38 
   23    32 
  -22   -34 
   44    20 
   20    44 
  -40   -16 
  -49   -43 
   20     2 
  -22    -4 
  -22   -58 
  -43    11 
  -16   -25 
  -52   -16 
   -4    32 
  -10   -55 
  -52    11 
  -16    11 
   26   -43 
  -28     2 
    8     8 
   23   -28 
  -16    20 
    2    20 
   14     2 
    2   -16 
  -34   -34 
    2    -7 
   38    35 
  -34    26 
   26   -13 
   26   -37 
  -40   -40 
  -10    11 
  -28    62 
   23   -22 
   -1    20 
    8    29 
   -7    23 
    8    44 
  -55    44 
  -13   -22 
   -1   -46 
  -49    35 
   56    38 
   20   -16 
   62   -19 
   35   -58 
   41   -13 
  -43    11 
   14   -16 
   53     2 
  -10    47 
  -34    -7 
  -40    32 
    2   -52 
  -46   -13 
   -1    -1 
  -28    23 
