1 0
200
   -1 
    0 
    6 
    1 
    3 1 
   96 
   80 -41 
    1 0 
  280 -84 
    3 1 
   -8 
    0 
    0 

    1 
   -1 
   -1 
    1 

   -2 
   -1 
    1 
    1 
    6 
   -4 
   -6 
    4 
   -2 
    0 
   -8 
  -12 
   -6 
    4 
    2 
    2 
   -6 
   -2 
   -2 
   10 
    2 
   -1 
  -12 
  -10 
   -2 
    8 
    0 
    6 
   16 
   10 
   -8 
   12 
  -14 
  -10 
   -8 
   16 
  -20 
   -8 
   10 
  -22 
   16 
   -2 
    6 
  -14 
  -28 
  -12 
   -8 
   10 
  -24 
   -4 
   -4 
   -8 
  -10 
   14 
   -8 
  -16 
  -32 
    0 
   22 
   -4 
  -14 
    2 
   22 
  -10 
  -26 
   32 
  -18 
    2 
  -22 
  -10 
   30 
  -16 
   16 
  -36 
   -6 
    4 
  -18 
    8 
  -14 
   22 
  -18 
   22 
    2 
   30 
   30 
   -4 
   -8 
   26 
   -6 
  -24 
    0 
    0 
   32 
  -14 
  -14 
   26 
   28 
  -10 
  -16 
  -24 
   20 
   12 
  -44 
  -44 
   18 
    2 
   10 
  -22 
  -20 
   32 
  -16 
   10 
   36 
    4 
  -28 
    8 
   16 
  -34 
    4 
    8 
  -34 
    6 
   16 
    0 
   -8 
  -22 
  -24 
  -48 
   46 
   44 
  -40 
  -18 
   40 
  -12 
  -22 
   26 
   54 
   14 
  -50 
   40 
  -34 
  -32 
   40 
   24 
   18 
   38 
   46 
  -24 
    0 
   22 
  -38 
  -34 
  -34 
  -54 
  -24 
   26 
   10 
  -20 
  -44 
  -18 
  -26 
  -48 
   48 
  -36 
  -32 
  -42 
   56 
  -26 
   -2 
   60 
   58 
  -34 
  -22 
  -32 
   48 
   46 
    4 
   48 
   32 
   18 
   28 
    0 
  -24 
   64 
    6 
   26 
   14 
   24 
  -44 
   54 
   14 
    6 
   14 
  -16 
   32 
   26 
   34 
   60 
  -22 
   48 
