3 5
200
   -1    -1    -1 
    0     0     0 
    5     5     5 
    1     1     1 
    5 0     5 0     5 0 
  420    84    84 
   29 82    29 82     3 -59 
    2 0     2 0     1 0 
  -39 234   -39 234   182 -286 
    3 2     3 2     2 3 
   56    28    -7 

    1     1    -1 
   -1    -1    -1 
   -1    -1     1 
    1     1     1 

   -1    -1     1 
    0     0     0 
   -4     2    -2 
    5    -1    -1 
    1     1     1 
    1     1    -1 
    0    -6    -2 
   -3    -3    -1 
   -3     3    -7 
   -1    -1    -1 
   -5    -5     1 
  -11     1     3 
  -11    -5     3 
   -6     0    -4 
    9    -3     5 
   -5     1    11 
   -8     4    -8 
  -14    10   -10 
   13   -11    -1 
    8     2    -6 
   -4   -10   -14 
    8     8     0 
  -16    -4    -4 
   -2    -2     2 
   -2   -14    -6 
  -18    18   -10 
    6   -12     4 
    1    -5    19 
   10   -14   -10 
   12    -6   -10 
   -1     5   -17 
   -4    -4    16 
   -9    -9    -1 
    0   -12    -8 
   10    10    18 
   -8   -14    10 
   18   -12    12 
   -6    18   -14 
   11    17     1 
    8    -4   -20 
  -16   -10    14 
    5     5   -19 
    6    18    -2 
   -6     6   -14 
   -7    23     5 
  -10    20    16 
   -8   -20    12 
   10    28    -8 
    1    -5   -13 
    4    16     0 
  -16    14   -10 
  -28    -4     4 
   -2    -2    10 
    1   -17   -17 
    9    15   -25 
   21   -27     7 
  -13    -1    -1 
   20   -22   -22 
   18     6    14 
    0    -6   -22 
   27    15    31 
   11    -1    -3 
  -10   -22    22 
   21   -21     9 
   12     0     8 
    2   -22   -10 
  -22    -4     0 
   -9   -15   -13 
  -30   -24    28 
   10    28    12 
  -26   -26    10 
  -26    22   -18 
  -29    31     7 
   10    10     6 
   34   -32     4 
    6     6    22 
  -36     0    16 
  -22    26    38 
  -31   -13    11 
  -14   -26    10 
   13    -5    11 
  -22   -34    10 
   -4   -34    10 
  -23    -5    25 
   34    28   -20 
   32   -10    -6 
    2   -34    26 
   17    29     7 
  -22    14   -34 
  -26     4   -20 
  -32     4     0 
    6   -12   -16 
  -12    24     8 
   39   -15   -15 
  -15   -27    15 
   -4   -28    -4 
   -4    20    24 
  -37    35    -5 
   18   -36   -36 
   15     3     1 
  -26    40   -12 
  -44    34   -30 
  -10   -10   -10 
   11   -43    23 
  -10   -10   -38 
   20   -22    -2 
   22    10   -10 
   40   -14    26 
   14    20    12 
   44   -40   -28 
  -11   -47   -21 
  -11    19    27 
  -30   -30   -10 
   30   -24   -32 
  -16    38    26 
   20    20    20 
   44    20   -20 
   44   -40   -16 
   45    39    23 
  -42     0    24 
  -14    10    38 
   25     1   -39 
  -36     6     2 
   33    27   -13 
  -50   -20    28 
   46   -32     0 
   14     2    10 
  -16   -28   -32 
  -15    21    15 
   24    24    28 
   32    20   -28 
   44    32    24 
   32    20   -20 
   26    -4   -24 
  -44    -2   -10 
   13   -41    21 
  -18   -18   -50 
    6    18   -18 
  -20    28     8 
   16    52     4 
   -4    20   -36 
  -40   -40   -20 
   24    24   -32 
  -12    48   -16 
  -28     8    16 
  -37    29   -17 
  -27   -27   -51 
   12    36    16 
  -42     6    10 
   28    28   -36 
   28    40    32 
   -1   -13    33 
   -4    14    38 
    4    34     6 
  -29   -35    15 
  -39   -21    49 
  -36    12    20 
   51    33    35 
  -33   -39   -29 
  -37   -55   -37 
   41   -37   -47 
  -13   -43    13 
  -13    23    13 
    4    52     4 
   34    -8    24 
   43    43   -29 
   -5    43    35 
  -12    30   -10 
  -18    18   -54 
  -50     4    40 
    4   -50   -10 
  -54   -18    42 
   21    51    19 
  -24    24   -24 
   12   -24   -16 
   -9    33     1 
  -30    12    16 
   13    37    29 
  -23    25    41 
   48    54    42 
  -30    30    -6 
   -4   -28   -28 
   20   -10    62 
  -22   -16   -28 
   62    50   -26 
    7    43   -37 
   34    34   -38 
   41   -19   -25 
   14     2    14 
   -4   -46    50 
   62   -52   -60 
  -38   -14   -38 
   61     1     9 
   28   -44   -12 
   58    40    20 
  -35   -23    27 
  -17     1    -7 
   34    -2    50 
   37   -41    37 
  -43    29   -67 
