4 0
25
   -1     1     1    -1 
    0   -42   -84     0 
    9     7     7     7 
    7     1     1     1 
    3 1     1 0     1 0     3 1 
   84   -42   -84    12 
  -26 -43     3 -49     3 -49   -26 -43 
    1 0     1 0     1 0     1 0 
  -36 -198    54 -144    54 -144   -36 -198 
    3 1     2 1     2 1     3 1 
   -7    -7   -14    -1 

   -1     1     1     1 
    1     1     1    -1 
   -1    -1    -1    -1 

    0     0     0     0 
   -1    -1    -1     1 
   -1     1     1     1 
    0     0     0     0 
   -5    -4     5    -5 
    2     4     4    -2 
    6    -2    -2    -6 
   -6     2     2    -6 
   -2    -1     8    -2 
    0     5    -4     0 
   10    -5     4   -10 
   -1    -2     7     1 
  -10    -2    -2    10 
    1    10     1    -1 
   -6    10    -8     6 
    6     8     8     6 
   -7    -8     1     7 
   -2    14    -4    -2 
   -3    14   -13    -3 
   -4    -7     2    -4 
   11     7   -11   -11 
   -4     8   -10    -4 
  -13     8    -1   -13 
   -2    -1   -10    -2 
   -2     1    10     2 
