13 0
25
    1    -1    -1     1     1    -1    -1    -1     1     1    -1     1     1 
   72     0     0   -60    48     0     0     0   -36   -36     0    24    24 
   12    10    10    10     8     8     8     8     6     6     6     4     4 
    2     3     1     2     2     1     1     1     2     2     1     2     2 
    1 0     3 1     3 1     1 0     1 0     3 1     3 1     3 1     1 0     1 0     3 1     1 0     1 0 
   72    36    12   -60    48    24    12    12   -36   -36    12    24    24 
   21 -55     4 59     4 59    21 -55    21 -55     4 59     4 59     4 59    21 -55    21 -55     4 59    21 -55    21 -55 
    1 0     1 0     1 0     1 0     1 0     1 0     1 0     1 0     1 0     1 0     1 0     1 0     1 0 
   96 -144   -48 240   -48 240    96 -144    96 -144   -48 240   -48 240   -48 240    96 -144    96 -144   -48 240    96 -144    96 -144 
    2 1     3 1     3 1     2 1     2 1     3 1     3 1     3 1     2 1     2 1     3 1     2 1     2 1 
   12     3    -1   -10     8     2     1     1    -6    -6     1     4     4 

   -1     1     1     1    -1    -1    -1    -1     1     1     1    -1    -1 
   -1     1    -1     1     1    -1     1     1    -1    -1    -1     1    -1 
   -1     1    -1    -1     1     1    -1    -1     1     1    -1     1    -1 

    0     0     0     0     0     0     0     0     0     0     0     0     0 
    0     0     0     0     0     0     0     0     0     0     0     0     0 
   -4    -2    -2    -2     0     0     0     0     2     2     2     4     4 
    1    -1     1     1    -1    -1     1     1    -1    -1     1    -1     1 
    6     2    -2     6    -6     2    -6     2    -2     6    -6    -2    -2 
    2    -4     4     4     2    -6     2    -6     4     4    -4    -6     2 
    0    -2    -2     6     4    -4    -4     4     2    -6    -6     0     8 
    4     4    -4     4     4     4    -4    -4     4    -4     4     4     4 
   -6     2    -2     6    -2   -10    -2   -10    -2     6    -6     2     2 
    0    -8    -8     0     0     8     0    -8     8     0     0     8     0 
    8     4    -4    -4     0     0     0     0     4     4    -4     8    -8 
    6     2     2    -6     6    -2     6    -2     2    -6    -6    -2   -10 
   -2   -10   -10    -2   -10    -2   -10    -2   -10    -2    -2     6    -2 
   -4     4    -4    -4    -4     4     4    -4     4     4    -4     4    12 
   -8    -2    -2   -10    12     4   -12    -4     2    10    10    -8     0 
   -2     2     2   -14    -2    -2    -2    -2     2   -14   -14    -2    -2 
  -10   -10   -10    14    14   -10    14   -10   -10    14    14    -2   -10 
   12     4    -4   -12     4   -12    -4    12     4    12   -12    12    -4 
   -4     4     4     4    12     4   -12    -4    -4    -4    -4   -12    12 
   -6     2    -2     6    14     6    14     6    -2     6    -6     2     2 
   14    -4     4     4     6   -10     6   -10     4     4    -4    -2    -2 
    0    -8    -8     0    16    -8   -16     8     8     0     0     8     0 
    8    -8     8     8    16     0   -16     0    -8    -8     8    -8    -8 
   10   -10    10     2     6    14     6    14    10     2    -2     2     2 
   -2     8    -8     8    -2   -18    -2   -18    -8     8    -8    14    -2 
