1 0
200
   -1 
    0 
    6 
    1 
    1 3 
 3456 
  -46 73 
    1 0 
 -266 154 
    1 3 
 -288 

    1 
    1 
    1 
    1 

   -2 
   -1 
   -1 
    0 
   -1 
   -3 
   -4 
   -5 
    6 
    7 
    6 
    4 
    3 
   11 
    7 
  -13 
    5 
   -4 
   -1 
   -4 
  -11 
   -7 
  -13 
   -9 
   12 
   -8 
   -8 
  -10 
    0 
    2 
    0 
  -19 
  -20 
   19 
    5 
   20 
    4 
   -8 
  -14 
    4 
  -10 
    8 
   13 
  -18 
    7 
   -8 
  -26 
  -22 
  -16 
  -14 
   -6 
    9 
    3 
   28 
  -20 
  -14 
  -26 
    8 
   14 
  -26 
   31 
   28 
    4 
  -16 
  -20 
    8 
    8 
   -2 
   -8 
   -2 
   10 
  -20 
   22 
   18 
   11 
   20 
  -20 
  -28 
   -2 
   -5 
   16 
   10 
   33 
   36 
  -10 
   28 
  -10 
   41 
    2 
  -17 
    4 
   -4 
    7 
  -36 
  -23 
  -31 
   33 
  -34 
    7 
   -4 
   17 
   17 
    0 
  -10 
  -43 
    0 
   34 
  -22 
    4 
   14 
  -36 
   -6 
  -38 
   35 
    8 
   -8 
   16 
  -21 
  -14 
   22 
   -1 
   47 
   23 
  -34 
    9 
   32 
  -43 
   28 
  -22 
    2 
    2 
  -27 
    2 
   -6 
  -37 
   21 
    2 
    7 
   -9 
  -30 
  -20 
  -26 
  -44 
   -8 
  -25 
   18 
  -25 
  -37 
  -48 
  -14 
  -56 
    2 
  -27 
   48 
  -54 
  -32 
   12 
   15 
    0 
  -28 
   32 
   27 
    4 
  -16 
  -38 
   18 
    8 
   -2 
  -55 
  -14 
  -43 
  -38 
   14 
  -14 
  -22 
  -12 
  -35 
    6 
   -2 
  -34 
   50 
   46 
  -20 
   33 
   19 
   36 
   40 
  -56 
   26 
  -58 
   46 
   55 
   13 
   -9 
  -35 
   18 
  -10 
  -21 
   46 
   20 
