2 0
25
    1     1 
 7488  5616 
    8     6 
    2     1 
    1 0     1 0 
 7488  5616 
  -27 -31   -27 -31 
    1 0     1 0 
  -24 -120   -24 -120 
    2 1     2 1 
 1248   936 

   -1    -1 
    1    -1 
    1    -1 

    0     0 
    0     0 
    0     2 
    0    -1 
   -6     2 
    6     3 
    8    -4 
   -4     3 
    6     7 
    4     5 
   -1     1 
    6    -2 
   -2    -7 
   -4     8 
    8     6 
   -2    -4 
    6    -7 
    4     4 
   -8    14 
   10     0 
   -2   -13 
    4    -8 
  -16     1 
   -6    10 
   10    -8 
