5 0
25
    1    -1    -1    -1     1 
    0     0     0     0  -360 
    6     6     4     2     2 
    1     1     1     1     3 
    3 1     1 3     5 0     5 0     1 0 
  240   120   240   120  -360 
  -28 43   -28 -47    55 -54    55 -54   -90 53 
    1 0     1 0     1 0     1 0     0 -1 
 -128 144   112 -272   272 -160   272 -160   128 -144 
    3 1     1 3     3 2     3 2     1 1 
   20   -10    10   -10  -180 

    1    -1    -1    -1     1 
   -1    -1    -1    -1    -1 

   -2    -2     0     2     2 
    0     0     0     0     0 
   -2     2     0    -2    -2 
   -4     0     0     0     4 
   -6     2    -2     2     2 
   -2    -6    -6    -6     2 
   -6     2     0    -2    -2 
    2     2     8    -2    -2 
   -6    -6     2    -6     2 
   -6     6     8    -6    10 
   -4    -8     0     8     4 
  -10    -6    10    -6     2 
    6     2    -6     2     2 
   -6    10    -8   -10    -2 
   -4    -8    -4     8     4 
   -2     6   -10     6   -10 
    2     2   -10     2     2 
   12     8    -4    -8     4 
   -8    -4   -12     4    -8 
    2   -14    10   -14     2 
    1     1     1     1     1 
   10   -10    -8    10    10 
   -6   -10    16    10   -14 
    2     2     2     2     2 
  -18    -2   -14    -2    14 
