5 0
25
    1    -1    -1    -1     1 
    0     0     0     0   720 
    6     6     4     2     2 
    1     1     1     1     3 
    1 3     3 1     5 0     5 0     1 0 
  480   240   480   240   720 
  -28 -15   -28 75    71 -22    55 -1    38 53 
    1 0     1 0     1 0     1 0     0 -1 
   16 -144  -160 272   256 32   112 160  -128 -16 
    1 3     3 1     3 2     2 3     1 1 
  -40   -20   -20   -20   360 

    1    -1    -1    -1     1 
   -1    -1    -1    -1    -1 

   -2    -2     0     2     2 
    0     0     0     0     0 
   -4     0     0     0     4 
   -2     2     0    -2    -2 
   -2    -6    -6    -6     2 
   -6     2    -2     2     2 
    2     2     8    -2    -2 
   -6     2     0    -2    -2 
   -6    -6     2    -6     2 
   -4    -8     0     8     4 
   -6     6     8    -6    10 
    6     2    -6     2     2 
  -10    -6    10    -6     2 
   -4    -8    -4     8     4 
   -6    10    -8   -10    -2 
    2     2   -10     2     2 
   -2     6   -10     6   -10 
   -8    -4   -12     4    -8 
   12     8    -4    -8     4 
    1     1     1     1     1 
    2   -14    10   -14     2 
   -6   -10    16    10   -14 
   10   -10    -8    10    10 
  -18    -2   -14    -2    14 
    2     2     2     2     2 
