7 0
200
   -1    -1    -1     1     1     1     1 
    0     0     0  6000   240 30240   240 
   10     6     6    10     6     6     4 
    1     1     1     1     1     1     1 
    3 1     3 1     3 1     1 0     1 0     1 0     1 0 
  120   840   480  6000   240 30240   240 
   76 -19    76 -19    76 -19    59 -47    59 -47    59 -47    59 -47 
    1 0     1 0     1 0     1 0     1 0     1 0     1 0 
  246 0   246 0   246 0   164 -82   164 -82   164 -82   164 -82 
    3 1     3 1     3 1     2 1     2 1     2 1     2 1 
   10    70   -40  1000    40  5040    40 

    1     1     1    -1    -1    -1    -1 
   -1    -1    -1    -1    -1    -1    -1 
   -1    -1    -1    -1    -1    -1    -1 

   -1    -1    -1     1     1     1     1 
    1     1     1     1     1     1     1 
   -2     2     2    -2     2     2     4 
   -2     2     2    -2     2     2     4 
    1    -7    -4    -1    -1     4     2 
    1    -7    -4    -1    -1     4     2 
   -1     7    -8     5     5     0    -4 
   -1     7    -8     5     5     0    -4 
   -1    -9    -6    -9    -1    -6    -6 
    3    -5     4     7    -1     4    -8 
    3    -5     4     7    -1     4    -8 
   -6   -10     2    -2     2     2    -2 
   -6   -10     2    -2     2     2    -2 
   -4    -8     4     4     8   -12     4 
   -4    -8     4     4     8   -12     4 
   10     6    -6     2   -10    10   -10 
   10     6    -6     2   -10    10   -10 
   -7     1    16     3   -13    -8    12 
   -7     1    16     3   -13    -8    12 
    1     1    -2     9    -7    -2    -6 
    1     1    -2     9    -7    -2    -6 
   12    -8   -14     0    -4   -14    12 
   12    -8   -14     0    -4   -14    12 
  -10    10    -2    -2     2   -18    10 
  -10    10    -2    -2     2   -18    10 
   -9     7   -20    19   -13    12    16 
   -9     7   -20    19   -13    12    16 
  -10    -2     4    10     2    12   -14 
  -10    -2     4    10     2    12   -14 
  -18   -18    -6   -18    14    -6    -6 
    9   -15    12    13     5   -20    -8 
    9   -15    12    13     5   -20    -8 
    0     8    -4    20    -4    -4    20 
    0     8    -4    20    -4    -4    20 
  -20    12   -18    -8     8    -2   -20 
  -20    12   -18    -8     8    -2   -20 
  -14     2    -4    -2    14     4   -14 
  -14     2    -4    -2    14     4   -14 
   16    24   -12   -16     8   -12    20 
   16    24   -12   -16     8   -12    20 
   15     7    16   -23    -7     8   -14 
   15     7    16   -23    -7     8   -14 
  -12   -20    22     4    -4     6    10 
  -12   -20    22     4    -4     6    10 
   -4     0   -18   -20   -16    14    28 
   -4     0   -18   -20   -16    14    28 
  -11    -3     0     7    23     8   -20 
  -11    -3     0     7    23     8   -20 
   25    -7     8    29   -19   -24   -16 
   25    -7     8    29   -19   -24   -16 
    6     6    24    10    26    16   -14 
    6     6    24    10    26    16   -14 
   -7    25    -2   -23    -7    -2   -14 
   -7    25    -2   -23    -7    -2   -14 
   28    12   -12   -28    20    20     8 
   28    12   -12   -28    20    20     8 
  -32    -8   -14   -32     8    18    -2 
  -32    -8   -14   -32     8    18    -2 
   16   -16    20     4    20    20     4 
   16   -16    20     4    20    20     4 
   -9    15   -30    15   -25   -30   -30 
  -28     8    -4     8    20   -20    20 
  -28     8    -4     8    20   -20    20 
   -6   -14   -26    14   -10   -10     2 
   -6   -14   -26    14   -10   -10     2 
   28    -4     8   -28    20     0   -28 
   28    -4     8   -28    20     0   -28 
  -31     9    18    33    -7    18    18 
  -31     9    18    33    -7    18    18 
    8    -8   -26    20    20   -10    14 
    8    -8   -26    20    20   -10    14 
   -8     8     8     8     8     8   -16 
   -8     8     8     8     8     8   -16 
   12   -16    14     4   -16    14    22 
   12   -16    14     4   -16    14    22 
  -34   -22   -28    10    14     4     4 
  -34   -22   -28    10    14     4     4 
   -3    -3   -24   -37   -13    32   -22 
   -3    -3   -24   -37   -13    32   -22 
  -23     1    34    25   -31    34    10 
  -23     1    34    25   -31    34    10 
  -13    35     8    -3     5     0    18 
  -13    35     8    -3     5     0    18 
    5   -11    -2    29   -19   -34     2 
    5   -11    -2    29   -19   -34     2 
   14    14    14    10    26   -34    28 
   14    14    14    10    26   -34    28 
    2    22    22   -42   -22    38    18 
    2    22    22   -42   -22    38    18 
   38   -18   -30   -26    14    34    28 
   38   -18   -30   -26    14    34    28 
  -27    13     4    -7    17   -28   -16 
  -27    13     4    -7    17   -28   -16 
   -7   -23    40    -5   -13    32   -20 
   -7   -23    40    -5   -13    32   -20 
  -32     0   -12     4    20    20   -20 
  -32     0   -12     4    20    20   -20 
  -10   -42   -30   -10   -10   -30   -46 
  -30   -10    14     2   -34   -34   -34 
  -30   -10    14     2   -34   -34   -34 
   15   -25    44    13   -19    36     4 
   15   -25    44    13   -19    36     4 
  -20   -12   -24    12    20     0   -12 
  -20   -12   -24    12    20     0   -12 
   20   -24    42   -32    20    10   -14 
   20   -24    42   -32    20    10   -14 
   12    12   -30    32   -16    34   -22 
   12    12   -30    32   -16    34   -22 
    0   -16     8     8   -40    40    32 
    0   -16     8     8   -40    40    32 
    2    14   -34    -6   -34    46     6 
    2    14   -34    -6   -34    46     6 
   12    16   -20   -40   -28    12    20 
   12    16   -20   -40   -28    12    20 
   -7   -23    -8    37   -43    -8    40 
   -7   -23    -8    37   -43    -8    40 
   13    37    40   -41    23   -32   -20 
   13    37    40   -41    23   -32   -20 
    6   -14    -2   -38    14    14   -26 
    6   -14    -2   -38    14    14   -26 
   30   -14    22    -6    14   -26    -6 
   30   -14    22    -6    14   -26    -6 
   24    24    12    32   -16     4   -28 
   24    24    12    32   -16     4   -28 
   -5   -21    24     5   -19    16   -46 
   -5   -21    24     5   -19    16   -46 
   36   -12   -42    28    44   -26    28 
   36   -12   -42    28    44   -26    28 
   38    14   -46    -6     2     2     6 
   38    14   -46    -6     2     2     6 
    2    14    44   -30   -10   -20   -12 
    2    14    44   -30   -10   -20   -12 
   52   -44   -50    -8     8    -2   -44 
   52   -44   -50    -8     8    -2   -44 
   18   -14    -8    38    38    48     2 
   18   -14    -8    38    38    48     2 
   41    33   -30    25   -31    34    34 
   41    33   -30    25   -31    34    34 
  -22    10     4   -22   -22   -12    20 
  -22    10     4   -22   -22   -12    20 
   26   -14    28   -38     2    12    28 
   26   -14    28   -38     2    12    28 
   26     6    54    14   -22    38   -52 
   26     6    54    14   -22    38   -52 
    2   -50   -26   -10   -22   -42    14 
    2   -50   -26   -10   -22   -42    14 
    6     6     6   -58   -58   -58   -22 
  -34   -42   -30    34    26   -14    -2 
  -34   -42   -30    34    26   -14    -2 
    2    30    36   -30    38   -12    12 
    2    30    36   -30    38   -12    12 
   28    24   -18    48    20   -50   -18 
   28    24   -18    48    20   -50   -18 
  -31    57    36    59    11    -4    20 
  -31    57    36    59    11    -4    20 
  -28    -4    20   -32    56    36    28 
  -28    -4    20   -32    56    36    28 
  -38   -46   -22    10     2   -38     4 
  -38   -46   -22    10     2   -38     4 
  -34    26     2   -22   -58     2    26 
  -34    26     2   -22   -58     2    26 
  -40     4    22    28   -40   -10   -20 
  -40     4    22    28   -40   -10   -20 
   -8    -4    38   -48    20   -10   -12 
   -8    -4    38   -48    20   -10   -12 
   23   -49    44   -47    17    52    10 
   23   -49    44   -47    17    52    10 
   38   -58    14    30   -34    46   -30 
   38   -58    14    30   -34    46   -30 
   28   -40   -22   -28   -40    10    38 
   28   -40   -22   -28   -40    10    38 
  -22    42    54    -6   -22   -42    -6 
  -22    42    54    -6   -22   -42    -6 
   40   -64   -22     0    56    26   -36 
   40   -64   -22     0    56    26   -36 
   17     1   -20    27   -13   -28   -36 
   17     1   -20    27   -13   -28   -36 
  -48   -32    22    24     8    38    60 
  -48   -32    22    24     8    38    60 
    3   -21    36   -35    29    44   -14 
    3   -21    36   -35    29    44   -14 
  -12     4     4    28    44     4    40 
  -12     4     4    28    44     4    40 
   25     1     4   -41    23   -52    58 
   25     1     4   -41    23   -52    58 
   52    28    22     8   -16    54    62 
   52    28    22     8   -16    54    62 
  -56    36    36    24    -4    36    12 
  -56    36    36    24    -4    36    12 
   22   -54    30   -50    50   -50    34 
   22   -54    30   -50    50   -50    34 
   14   -66    30   -26    38    -2   -14 
   14   -66    30   -26    38    -2   -14 
  -14    14    -4    22   -22    28   -44 
  -14    14    -4    22   -22    28   -44 
   -8   -16    26   -28    44    -6     2 
   -8   -16    26   -28    44    -6     2 
    5    21   -60    59    35   -20     2 
    5    21   -60    59    35   -20     2 
   23    -1     8   -53    35    40    16 
