4 0
200
    1     1     1     1 
   24    24    24    24 
   12     6     6     3 
    1     1     1     1 
    1 0     1 0     1 0     1 0 
   24    24    24    24 
   39 -62    39 -62    39 -62    39 -62 
    1 0     1 0     1 0     1 0 
  162 -108   162 -108   162 -108   162 -108 
    1 2     1 2     1 2     1 2 
    4     4     4     4 
    0     0     0     0 
    0     0     0     0 

   -1    -1    -1    -1 
   -1    -1    -1    -1 
   -1    -1    -1    -1 

    0     0     0     0 
    1     1     1     1 
    1     1     1     1 
   -4     2     2     5 
   -4    -4     5     5 
    5    -4    -4    -4 
   -1     5    -4    -1 
    5    -1     8    -4 
   -4     2     2    -4 
    8     2    -7     8 
   -7     8    -1     2 
   11     2     2     2 
    5     8     8    -4 
   -4    11     2     5 
    8    -1    -1   -10 
   -1   -10     8   -10 
   -4     2    -7    14 
    8    11    -7   -10 
   -4   -13    -4     5 
  -10     5    14    -1 
   -4    -1   -10    14 
    2    -4    14    11 
   -1   -10     8   -10 
   11   -13     5    -7 
  -10    17   -10   -10 
   -4    14   -13    -4 
   11   -10     8     2 
  -16   -16    11    11 
   20     2    11     2 
    2    17   -10     2 
    2   -16     2    20 
   11     2    -7     2 
  -22     5     5    14 
   14    23    -4    14 
   17     8   -19   -10 
  -10     8   -10    -1 
   14    14    14     5 
   14    -4    -4    -4 
    8    -4    -4    -1 
  -16    20    -7     2 
   20     2   -25    11 
   11   -16   -16     2 
   -4   -13    -4   -22 
   26    11    20     8 
   20    20    20   -25 
    8    -4    14   -19 
   26    20    11     8 
   -4    -4    -4    -4 
   20    14    -4    -7 
    2    -4    14   -25 
  -10     2    20   -10 
   14   -22     5     5 
  -10    17   -10   -28 
   17    -1    -1   -10 
  -19   -22   -13   -10 
   11    20    -7   -16 
  -10   -10   -10     8 
   11   -22    -4   -16 
   29     8   -10    20 
   -1    20     2    -1 
  -16    11   -16   -16 
   -7    11   -16    -7 
  -25    29     2   -25 
  -10   -19   -19    17 
    8    -1    26   -10 
  -28   -28    -1    26 
   17   -28   -28    35 
  -13   -31    23   -13 
   -7   -19   -19     2 
   -1   -10   -10   -28 
    2    -4    23    11 
  -28   -10     8    17 
    2    32    14   -16 
  -10   -16   -25    -1 
   -4    -4     5     5 
  -19   -13    14    -1 
  -10    23   -31     8 
   -7     2     2    20 
   38    20    29    -7 
   17    11    38    26 
  -22   -31    -4    32 
   35   -28    26     8 
   23    20   -34   -22 
   11    -7    29    -7 
    2   -25    38   -16 
  -10   -10   -10   -37 
  -10   -10   -10   -37 
   -7   -13    23   -34 
    5    11   -34    23 
  -40    14     5   -22 
  -34   -10   -28    20 
  -22   -10   -28   -31 
   -1   -22    23   -28 
  -19    11    38   -19 
  -22    23    -4   -22 
  -16    20    -7   -16 
  -22     8    -1    -4 
  -40     2     2    14 
   17    14   -40     8 
   14   -10   -10   -22 
   20     5   -13     2 
  -19   -19     8   -19 
   -4     5    32   -22 
  -31     5   -22    23 
  -22   -19   -28    -4 
   38   -25   -25    11 
  -28   -19     8    44 
  -13   -25    38   -22 
    8   -16   -16    17 
   -4    -4    -4    23 
  -28    32   -13   -46 
  -16     2     2    11 
   26    17    17    26 
   14    11   -25   -22 
   14     8     8     5 
    5     8    35    -4 
  -13    23    -4    41 
  -43    17   -10   -16 
    5   -40    14   -22 
   14   -40   -13   -13 
   44   -10     8     8 
   -4     2   -16    50 
   20    -4    32    20 
  -40    20   -25    32 
  -40   -16   -34    14 
  -28     8   -10   -19 
   35     8   -19   -46 
  -13   -16   -43    14 
    5    -4    -4    14 
   26    20     2    -1 
   20    -7   -25     2 
   11    -7   -34    11 
  -13    -4    -4    14 
    8     2     2    17 
  -40    26   -10   -22 
   32   -28   -37    23 
  -34   -10    26    20 
   14    14     5     5 
  -40   -40     5   -22 
   20   -28    44   -16 
    2    11    11     2 
   38   -43   -16   -16 
   29   -10    -1    56 
  -22    32    14   -40 
  -40   -46    17     5 
   -1    -4    14    26 
   -1    38   -43    26 
  -28    44    -1   -46 
   50   -34   -16   -40 
   23   -13    14    -4 
   -4    41   -40     5 
  -22    -4    50    14 
   -4    -4    23    23 
  -34   -43   -16    56 
   11   -43    38    20 
   -4    -7   -52    50 
  -37    17    44    17 
    2    38    38   -25 
   11   -16    11   -16 
  -10   -22   -22     8 
   53   -22   -22    17 
  -58    32   -58    41 
  -49   -40   -13    32 
    2   -34   -34   -25 
    5   -10   -19    50 
   26   -28    26    26 
  -52    14   -13     2 
  -10   -22    14   -28 
  -10    50    32    26 
  -10   -16    38   -10 
    8   -34   -34   -19 
    8   -37   -10   -46 
   56    59    32   -16 
   14    -4   -40   -49 
  -46   -34    38    17 
   26    53   -55   -10 
  -40    29    38    59 
    5    62    44    -4 
   32   -10   -28    50 
   50   -34    56    14 
  -16    32    14    11 
  -10   -10    44   -28 
  -28     8    35   -28 
   11   -10   -64   -16 
  -31   -22    32    50 
   56    38   -43    29 
  -46   -58   -22   -37 
  -52   -40   -13    38 
   26    44   -37    26 
   14    41   -40   -40 
   56    17    26   -52 
   -4    -1   -46    14 
  -46   -31    41    62 
  -43    11   -16   -25 
  -28   -49     5   -10 
  -40   -67   -40   -40 
   50   -31    -4   -40 
   50     2   -16    -4 
   17     8   -64    26 
  -46    62     8    -1 
