2 0
25
   -1     1 
    0    24 
    4     4 
    1     1 
    5 4     1 0 
   72    24 
   68 -35    85 -52 
    1 0     0 -1 
  273 -39   -65 169 
    3 2     2 0 
    2     8 

   -1    -1 
   -1    -1 
    1    -1 
    1     1 

    1     1 
    1     1 
   -2     4 
   -2    -4 
    1     1 
   -1     1 
    4     8 
   -8     0 
    2    10 
    4    -4 
   -2    -4 
   -8     6 
   -6    -2 
   -8     4 
   -1    -1 
   14    -2 
    6    -2 
   10    -8 
    0    -8 
    4    10 
   -6     2 
    0     0 
   -4     0 
   -8     2 
  -12   -14 
