4 0
25
   -1     1    -1    -1 
    0     0     0     0 
   13    10    11     9 
    1     1     1     1 
    1 3     3 1     1 3     1 3 
19296 38592 19296 19296 
   28 -81    18 -47    28 -81    28 -81 
    1 0     1 0     1 0     1 0 
  270 -240   100 -170   270 -240   270 -240 
    1 3     3 1     1 3     1 3 
 1608  3216 -1608 -1608 

    1     1    -1    -1 
    1     1    -1    -1 
   -1     1     1    -1 
   -1    -1     1    -1 

   -1    -1     1     1 
   -1    -1     1     1 
   -5    -2    -3    -1 
   -3    -4    -1    -1 
   -1    -6     1    -7 
    2    -4     0    -4 
   -2    -4     0     8 
    7    -4    -5    -7 
    1    -1    -1     1 
    6    -8   -10     2 
   -2     2    -4     8 
    4    -2    -6   -10 
    0    -2    -8    -4 
   -1     4    -1     5 
  -12    -4     4    -4 
    4    -2    10   -10 
   14   -10    -8     8 
    4    -4     4    -4 
    8     4     4    -4 
    1     1    -1     1 
    0    -2     6     2 
   -8     2    -4    -4 
  -12     2    10   -10 
    7   -10    -5    -7 
    2   -10   -10     2 
