6 0
200
   -1    -1    -1    -1     1     1 
    0     0     0     0   -60   -60 
   11     9     7     5     5     5 
    1     1     1     1     1     1 
    1 3     1 3     1 3     1 3     1 0     1 0 
   12    36    12    12   -60   -60 
  -44 -39   -44 -39   -44 -39   -44 -39   -27 65   -27 65 
    1 0     1 0     1 0     1 0     1 0     1 0 
   72 -288    72 -288    72 -288    72 -288  -120 168  -120 168 
    1 3     1 3     1 3     1 3     2 1     2 1 
   -1    -3    -1     1   -10   -10 

   -1     1     1    -1     1    -1 
    1     1     1     1    -1    -1 
   -1     1     1    -1     1    -1 

    0     0     0     0     0     0 
    0     0     0     0     0     0 
   -3    -1     1     3     3     3 
    1     1    -1    -5    -3     3 
    1    -1    -1     1    -1     1 
   -5     3     1     1     7     1 
    0    -2    -8     6     2    -2 
    4    -2     0    -2     2    -2 
    3    -7    -7    -9     9    -1 
   -8     0     4     4     8    -4 
   10    -8     6    -8    -4     0 
   -3     3   -11    -9    -9    -1 
   -4   -10     4   -10    -6    -2 
  -12    -2     4    -6    10     2 
   -1    -1    -5    -1     7     7 
   -8   -12     4    -8     4     0 
   10    -6    14    -2   -14     6 
    8    12    -8    -4    -4    12 
   -1     3    -5    11   -13     3 
   -9    -3   -11     3    13    11 
   -6     0   -14    12     4    12 
    0    14    -4    -6   -14    10 
  -15     1    -9     3   -11    -5 
   14    12   -14    -4     8     4 
   -2    -6     2    -2     2    -2 
    8     2   -12     2    -2   -14 
   -1    -3    19    -7     1     9 
  -19   -11    15    -1     1    15 
  -10    -4    -6    -4    16   -12 
    4   -14     4   -14     6    10 
   -6    12    -2     0    -8   -16 
    8    -8    16   -16    -8    16 
   20   -20     4    20   -12     4 
  -14    -2    10    22     6    14 
   -2    20    22     4   -16   -20 
  -14    -6    -2    -2     2   -18 
   25   -13   -15   -17     7    -9 
    1    -5    -7     7     7   -17 
    2     6     6     2     6    10 
   20    20   -16     8    12   -16 
  -16    -2     4    14    18    14 
  -14    10   -22   -14    -6    10 
   -6    -2     2   -18    14    14 
  -26    16    14    -8    -4   -16 
   -4     4    -4    20     4    20 
  -17    -1    -7   -11    -5    13 
   10    14    -6   -26    22    22 
    3    17    -3    -9     1    23 
   16   -26     8   -26   -14   -18 
   10   -10   -14    -2    -2   -26 
  -24   -10   -24    18   -14    -6 
   -6    10    14   -18    10    -2 
    6    16   -26    12    12    -4 
    5    11   -17     5   -21   -19 
  -16    -8    24     8   -16     8 
   -9    -7    -5    21     5   -27 
  -14    18    -2    -2    10    14 
   -8    24    -4   -20    16     4 
  -11   -25   -13     1   -25    17 
  -24    -2    20    -6    26   -22 
  -20    -8     8     4    24    -4 
    8   -16    16   -16     0   -32 
    7   -19    -7    19   -27   -13 
  -12     4    32     0    12   -24 
  -30    20   -10   -24    24     8 
    4    -8     4    -8     8     8 
  -20   -12   -20     4    20    20 
   13    11   -17    13    27    21 
   -9   -31   -11    15   -15   -25 
  -14     8    14   -20    12   -20 
    7    25     7   -35    -3   -27 
  -28    16    12    32    -8    16 
  -16    -8    16     8    -8     8 
   18    22    26     6   -34     6 
   20   -36     4    -4    -4    -4 
   26    26   -10   -10     2     6 
   -2    32   -22     4    20     4 
  -33   -15    23   -27     5    13 
   -2    -8   -22    28   -28   -20 
   32    10    -4   -22    30    10 
  -23    -5   -21   -35   -21   -11 
  -20    26     4    -2   -10   -26 
   26   -30   -18    14    26    -2 
   18     6    -2   -30    22   -38 
  -10   -28   -14    32    16   -32 
   -4    36    -8   -16   -36     8 
   19   -11    -1     1     9     1 
  -18   -34   -22    18   -10   -14 
  -14    10    -2    22   -22   -10 
   39    -5     9     9    -1   -31 
   40   -20   -16     4    20    36 
  -12    12   -16    24     4    16 
  -40   -26   -36   -22    10    10 
  -13     5    37   -13   -27   -13 
   21   -23   -31     9   -15     1 
   34    42    34    34   -38   -38 
   19    11    -1   -29    -5    -5 
   -7   -15   -39    17   -15   -15 
   45    33    -9   -45   -27   -13 
  -36   -18    16   -42    -6    22 
  -18   -40    30    12    20    44 
  -15    -7    13     9    -7     1 
   13    47    -5    25    -9     9 
   44   -30     0   -10    30    22 
  -17     7     7   -17   -25   -17 
  -10   -28    18    32   -16    32 
   -2   -10    26   -14    -2    -6 
   -2     8    -2    -8     4   -32 
   25    27     5    31    23    -1 
   -4    34    28    14    14   -42 
  -17   -43    39   -23    41    17 
   20    16    16    20   -16    28 
    5   -25   -21   -31     7     1 
   19   -45    31   -29    -5    27 
  -22   -38    34     2   -38    18 
  -10    16    50   -40   -20    32 
   21    47    -5     9    -9   -23 
   16   -36    24    28    12    12 
   24    -4   -16    36   -28     4 
  -19   -17   -35   -13    11    -5 
   23   -41    31    -1   -41   -33 
   46   -10   -26    -2    -2    -2 
   11    15   -49    -1   -25     7 
  -39    -1    39    33   -49   -15 
   -7   -31    27    35   -19    35 
   30    -4    26   -12   -16    -4 
  -19    -7    35   -37   -27    19 
   26     6     6    26     6   -30 
    2     0    -2     8    20    32 
  -17   -41     5    37   -13   -27 
   25    23    15   -23    23     9 
  -31   -19     5   -43   -19    29 
    8    16    -8   -16     0   -16 
  -18   -10   -46    18    30    34 
  -29    43   -23    49   -25   -47 
   27    15    41   -27   -13    21 
   12    10   -40   -42   -10    22 
  -19   -23     5    41    -7   -39 
  -28   -20    12    20     4     4 
  -43     7    11    17     7    17 
  -44    -2   -12   -38   -38   -30 
   56    46   -36     2   -38     2 
   22   -22    -2    34     2   -38 
   39    49     3    45   -43    29 
  -14    -2   -10    34    46   -30 
  -19    17    47   -13    37    35 
   44    26   -28   -10    14    46 
    4    40    12    16   -16    16 
   49    -9    49   -29    35   -37 
   13   -13   -29   -11    51     5 
   28     0   -40   -20     0   -28 
  -14   -42    -6    22   -18   -58 
  -14   -20   -22     4    48    12 
  -24     6   -40     6   -22    46 
   36   -24    44    24     8    56 
   20   -48   -28   -16    -8   -32 
   53    -1   -45    17   -17    17 
   16    20   -32     4   -20   -44 
    4    44   -16   -32    52   -40 
  -10   -16    14     8   -36    32 
  -10     8   -26     8   -12    16 
   20    12   -28    44    -4    12 
   26   -32    34    -4    -4    44 
   38     4   -26     8    16    -8 
    0    24    56    48    -8     0 
   42    26   -14    -6    10   -38 
   -7   -41    17    35    19    11 
  -11    19    23   -59   -37    61 
    2    38   -14    14   -34   -10 
   -5    17    59    61    21   -59 
   62    34   -50   -22   -54   -38 
   44   -26    48    62    10   -34 
  -14     6    54   -14   -26    34 
  -26   -24   -10   -44    44   -44 
  -13   -59    -9   -31    17    49 
  -44    24    28    40    56    40 
   57   -23    53    33    -7     9 
  -47    51   -35     7     7    23 
    8   -10   -56   -46   -14    42 
   60    34    36    18    14    42 
   20    -8    -8   -28   -40    -4 
   17    47   -35    35    35   -45 
  -13   -37   -27    17    -1   -23 
   26   -22     6   -10   -30     6 
   -5   -25     1   -11   -21     5 
    4   -52   -16    -8     4    16 
  -26    40   -10   -20   -20    -4 
   32    56    32   -40   -24    24 
   22     0   -30    52   -12   -44 
   16    18    40    22    46   -50 
  -50    -6   -46    22   -14    38 
   42    12    14    36    16   -52 
   40    56   -20     4    16    12 
  -34    34    38    26   -38   -30 
   59    -1     7    23     7   -33 
   -1   -37   -49   -13   -53   -45 
   16    48   -64   -32    16    32 
   25     5     3    31     1    -1 
  -62    46   -66    10   -50   -38 
   40    56   -48    16    32   -16 
