2 0
25
    1     1 
 4272  2136 
    2     2 
    1     1 
    1 0     1 0 
 4272  2136 
  -67 81   -67 81 
    0 -1     0 -1 
  -27 -135   -27 -135 
    2 0     2 0 
 1424   712 

   -1    -1 
    1     1 

    0     0 
    3     3 
   -2     4 
    2     2 
   -1     5 
    3     0 
    6    -6 
   -2    -5 
    1     1 
   -8     4 
   -1    -1 
    9    -9 
    5     2 
   -2     4 
    2     2 
   -7    -7 
  -11    -8 
    6   -12 
   10    -2 
   13    16 
    9    -9 
  -10    -4 
   10    10 
   -6   -12 
   18     0 
