1 0
100
    1 
   18 
    9 
    1 
    1 0 
   18 
   21 -13 
    1 0 
   54 -18 
    2 1 
    3 

   -1 
   -1 
   -1 

    0 
    1 
   -1 
    1 
    5 
   -4 
    2 
    2 
    8 
   -4 
   -4 
   -7 
    2 
   -1 
    8 
    8 
   -1 
   -4 
  -13 
    2 
   11 
  -10 
   -1 
  -10 
  -10 
   -4 
   -4 
  -16 
    2 
   -4 
  -16 
   11 
    5 
  -13 
   -1 
  -10 
    5 
   14 
   20 
    2 
   11 
  -16 
  -22 
   14 
   20 
   -7 
   -4 
   -4 
   -1 
   -1 
  -22 
    5 
   26 
    8 
    2 
   20 
   -1 
   -1 
  -22 
   14 
   20 
  -16 
  -16 
   26 
  -10 
   26 
  -19 
    5 
  -13 
  -28 
   -1 
   17 
  -19 
  -22 
   -4 
  -25 
    2 
    2 
   -7 
   32 
    5 
   35 
  -10 
   38 
   11 
  -19 
    8 
   26 
   17 
  -13 
   -4 
  -16 
  -16 
  -40 
   32 
   -7 
   11 
   26 
   38 
    2 
