2 0
100
    1     1 
   48    48 
    8     8 
    4     4 
    1 0     1 0 
   48    48 
   21 -7    21 -7 
    1 0     1 0 
   48 0    48 0 
    2 1     2 1 
    8     8 

   -1    -1 
    1     1 

    0     0 
    0     0 
    0     0 
    0     0 
    2     2 
    2     2 
   -4     4 
    4    -4 
    6     6 
    8    -8 
   -8     8 
    6     6 
    6     6 
   -4     4 
    4    -4 
   -2    -2 
   -2    -2 
    4    -4 
   -4     4 
  -10   -10 
  -10   -10 
   -8     8 
    8    -8 
   -2    -2 
   -2    -2 
  -16    16 
   16   -16 
    2     2 
    2     2 
   -6    -6 
   -8     8 
    8    -8 
  -12    12 
   12   -12 
  -16    16 
   16   -16 
   -2    -2 
   -2    -2 
   12   -12 
  -12    12 
   -6    -6 
   -6    -6 
    2     2 
    2     2 
   16   -16 
  -16    16 
  -20    20 
   20   -20 
   -8     8 
    8    -8 
  -22   -22 
  -22   -22 
  -18   -18 
  -18   -18 
   -8     8 
    8    -8 
   26    26 
   26    26 
   28   -28 
  -28    28 
   30    30 
   12   -12 
  -12    12 
   -6    -6 
   -6    -6 
   20   -20 
  -20    20 
  -18   -18 
  -18   -18 
   30    30 
   30    30 
   -8     8 
    8    -8 
  -10   -10 
  -10   -10 
  -20    20 
   20   -20 
   14    14 
   14    14 
    6     6 
    6     6 
   10    10 
   10    10 
  -14   -14 
  -14   -14 
    0     0 
    0     0 
   22    22 
   22    22 
   -8     8 
    8    -8 
   32   -32 
  -32    32 
  -12    12 
   12   -12 
   -4     4 
    4    -4 
   18    18 
   18    18 
   18    18 
