1 2
200
    1 
  108 
    3 
    1 
    1 0 
  108 
  -99 69 
    0 -1 
  130 -169 
    1 1 
   54 
    0 
    0 

   -1 
   -1 
   -1 

    1 
   -1 
    2 
    2 
    1 
    1 
   -7 
    2 
    8 
   -4 
    2 
   11 
   -4 
    2 
    8 
    8 
   11 
  -10 
   14 
   11 
   -1 
   14 
  -13 
    2 
   17 
    5 
    5 
    2 
   14 
  -10 
    8 
  -16 
    1 
  -13 
    5 
   20 
   -1 
    2 
  -16 
    8 
    8 
  -16 
  -16 
    5 
  -25 
  -16 
   11 
   23 
    2 
   17 
    5 
  -13 
  -28 
   20 
  -25 
    2 
  -13 
  -22 
   14 
    5 
  -22 
   -4 
   -7 
    2 
   26 
  -10 
  -31 
  -25 
    2 
  -16 
   26 
  -19 
    8 
   11 
  -16 
    8 
   20 
   38 
  -25 
   23 
    8 
  -37 
  -10 
   14 
  -25 
    8 
  -19 
   11 
   17 
  -16 
  -31 
  -43 
  -22 
   -4 
   14 
  -16 
   17 
    5 
  -13 
    8 
  -16 
   41 
  -40 
  -10 
  -10 
    2 
   23 
   23 
   32 
  -13 
   11 
   14 
   26 
  -10 
   20 
  -25 
   26 
   -4 
   11 
   -7 
    8 
   44 
   17 
  -40 
  -43 
  -37 
   32 
    2 
  -22 
  -34 
   20 
   14 
  -10 
   50 
   -4 
  -25 
   23 
   41 
  -28 
  -49 
   47 
   29 
   53 
   -4 
  -16 
  -10 
  -19 
  -46 
    8 
  -13 
   -4 
  -34 
    5 
  -28 
   14 
  -16 
    8 
    8 
   32 
  -55 
    8 
   32 
   32 
   29 
   20 
  -28 
  -28 
  -34 
   20 
    2 
  -25 
    8 
  -40 
    8 
  -40 
   35 
   23 
  -34 
  -10 
   14 
  -64 
   17 
   14 
  -13 
   -1 
    2 
  -34 
   44 
   59 
  -40 
    8 
   38 
  -28 
   20 
  -34 
   59 
   14 
   47 
  -52 
    2 
