1 2
200
    1 
   48 
    3 
    1 
    1 0 
   48 
   31 69 
    0 -1 
 -130 -39 
    1 1 
   24 
    0 
    0 

   -1 
   -1 
   -1 

    1 
   -1 
    2 
    2 
    1 
    1 
    2 
   -7 
    8 
    2 
   -4 
   -4 
   11 
    8 
    2 
   11 
    8 
   14 
  -10 
   -1 
   11 
  -13 
   14 
   17 
    2 
    5 
    5 
   14 
    2 
  -10 
  -16 
    8 
  -13 
    1 
   20 
    5 
    2 
   -1 
    8 
  -16 
  -16 
    8 
    5 
  -16 
  -16 
  -25 
   23 
   11 
   17 
    2 
  -13 
    5 
   20 
  -28 
    2 
  -25 
  -22 
  -13 
    5 
   14 
  -22 
   -7 
   -4 
   26 
    2 
  -31 
  -10 
    2 
  -25 
   26 
  -16 
    8 
  -19 
  -16 
   11 
   20 
    8 
  -25 
   38 
    8 
   23 
  -10 
  -37 
  -25 
   14 
  -19 
    8 
   17 
   11 
  -31 
  -16 
  -22 
  -43 
   14 
   -4 
   17 
  -16 
    5 
    8 
  -13 
   41 
  -16 
  -10 
  -40 
    2 
  -10 
   23 
   23 
  -13 
   32 
   14 
   11 
  -10 
   26 
  -25 
   20 
   -4 
   26 
   -7 
   11 
   44 
    8 
  -40 
   17 
  -37 
  -43 
    2 
   32 
  -34 
  -22 
   14 
   20 
   50 
  -10 
  -25 
   -4 
   41 
   23 
  -49 
  -28 
   29 
   47 
   -4 
   53 
  -10 
  -16 
  -19 
    8 
  -46 
   -4 
  -13 
    5 
  -34 
   14 
  -28 
    8 
  -16 
   32 
    8 
    8 
  -55 
   32 
   32 
   20 
   29 
  -28 
  -28 
   20 
  -34 
  -25 
    2 
  -40 
    8 
  -40 
    8 
   23 
   35 
  -10 
  -34 
  -64 
   14 
   14 
   17 
   -1 
  -13 
  -34 
    2 
   59 
   44 
    8 
  -40 
  -28 
   38 
  -34 
   20 
   14 
   59 
  -52 
   47 
   50 
