3 4
25
   -1    -1     1 
    0     0 23040 
    4     4     2 
    1     1     1 
    1 3     3 1     1 0 
23040 23040 23040 
  -60 -25   -32 99    -4 93 
    1 0     1 0     0 -1 
   14 -280  -196 364   -84 -98 
    1 3     3 1     1 1 
-1920 -1920 11520 

    1    -1     1 
   -1    -1     1 
    1    -1    -1 
   -1    -1     1 

    0     0     2 
   -1     1    -1 
    1     1    -1 
   -1     1     1 
   -2    -4     6 
    6    -4     4 
    4     0     0 
   -2    -2    -6 
   -2    -2     2 
   -4    10     0 
  -10     4    -4 
  -10    -6     8 
    2    -2    -4 
   -2    -4    10 
   -4    -4     8 
    6    -8    -8 
   14    -8   -10 
  -12    16    10 
    4   -16     4 
   14   -10     2 
    6   -14    10 
   -8    16     4 
  -14   -12     0 
  -18     4    -2 
   10    18    -2 
