1 2
100
    1 
    6 
    2 
    1 
    1 0 
    6 
    7 25 
    0 -1 
  -38 -19 
    1 1 
    3 

   -1 
    1 
    1 

    2 
    1 
    1 
    0 
   -2 
    4 
   -1 
   -1 
    2 
   -6 
   -6 
   -8 
    8 
    4 
   12 
   -6 
    2 
   -2 
  -12 
   -6 
   10 
    4 
   10 
   -6 
   16 
  -14 
   18 
    2 
   18 
  -10 
   -8 
  -18 
    0 
   16 
    6 
  -20 
   18 
  -10 
   12 
    8 
    2 
   16 
  -20 
  -12 
   24 
  -16 
   18 
  -12 
   12 
  -16 
   10 
  -10 
   -8 
  -10 
  -20 
   16 
   -6 
  -14 
   28 
   -4 
   26 
   16 
  -12 
  -10 
  -26 
   10 
   20 
   22 
  -14 
    2 
   18 
   24 
   16 
  -10 
  -14 
    8 
   14 
   -6 
   18 
   14 
   -8 
  -32 
   20 
    6 
  -16 
  -20 
   28 
  -42 
   18 
   24 
    8 
    8 
  -22 
    4 
  -28 
   26 
   22 
  -26 
  -14 
   18 
