1 0
200
    1 
  360 
    6 
    1 
    1 0 
  360 
 -102 93 
    0 -1 
  112 -196 
    1 1 
  180 
    0 
    0 

    1 
   -1 
   -1 
   -1 

   -2 
    0 
    1 
    1 
    2 
   -4 
    2 
    8 
    2 
    8 
    2 
    1 
    2 
    8 
   -4 
  -10 
    8 
   -4 
   -4 
  -16 
    8 
   -4 
  -16 
   -4 
    2 
   -4 
    2 
    2 
    2 
    2 
    8 
   20 
   -4 
   -4 
  -16 
   -4 
   -4 
   -4 
   20 
  -16 
    8 
   -4 
   14 
    2 
   20 
  -10 
   20 
    8 
   14 
    2 
  -22 
   26 
   20 
   14 
    8 
   32 
    2 
  -10 
   32 
   14 
   26 
  -22 
   14 
    2 
  -16 
  -28 
  -28 
  -22 
   26 
  -16 
   20 
  -10 
  -10 
   14 
   38 
   20 
   -4 
  -28 
   20 
  -34 
    8 
  -10 
    2 
    8 
  -28 
   26 
  -28 
   38 
   26 
   32 
  -16 
  -16 
   20 
  -40 
   -4 
  -34 
   -4 
   14 
    2 
  -22 
   32 
   20 
   20 
   -4 
  -10 
  -16 
   20 
  -28 
   14 
  -28 
   26 
   26 
   26 
  -10 
  -16 
  -16 
  -16 
  -22 
  -10 
  -28 
   26 
  -22 
  -16 
   20 
   26 
   26 
   38 
  -28 
    2 
  -22 
   20 
  -52 
   32 
  -40 
    2 
   38 
   -4 
   14 
  -22 
  -22 
   20 
  -16 
   32 
  -40 
   -4 
   38 
   50 
  -28 
  -46 
  -22 
  -28 
  -22 
   26 
   20 
   -4 
   -4 
  -28 
  -16 
   -4 
   26 
   38 
    8 
  -40 
  -16 
   56 
   44 
  -10 
   14 
   50 
    8 
  -22 
  -34 
   26 
  -16 
   56 
  -52 
   44 
  -34 
  -34 
   26 
   38 
   56 
  -64 
   14 
   38 
  -34 
  -34 
  -64 
   26 
   50 
  -22 
   20 
  -34 
   20 
   -4 
  -34 
  -46 
  -46 
  -10 
  -46 
