1 0
200
    1 
49392 
    4 
    1 
    1 0 
49392 
   98 -60 
    0 -1 
  -75 195 
    2 0 
16464 
    0 
    0 

    1 
    1 
   -1 

    0 
    1 
    1 
    2 
   -3 
   -2 
    4 
    2 
   -1 
    1 
    7 
    3 
  -10 
    4 
    1 
   15 
   12 
   -6 
   12 
   -2 
    9 
   16 
    1 
    8 
   10 
    3 
    8 
   -5 
    9 
   10 
  -11 
   16 
   22 
  -10 
  -20 
    3 
    4 
  -18 
   -9 
   -8 
   14 
  -20 
   22 
   -3 
   -7 
    8 
  -14 
   -5 
    8 
   -1 
    6 
   25 
   27 
  -10 
    7 
  -17 
  -11 
    2 
  -14 
  -26 
   10 
   28 
  -32 
  -22 
   -1 
  -13 
   28 
  -34 
  -10 
   22 
    5 
   10 
  -10 
   -4 
   25 
   28 
   -1 
  -31 
  -21 
   -8 
  -19 
    8 
  -17 
   18 
   14 
  -20 
    8 
  -38 
  -35 
   21 
   36 
    8 
  -41 
   26 
   13 
   29 
    8 
  -12 
  -34 
  -20 
  -10 
    6 
   43 
   16 
  -23 
  -18 
   -6 
   -5 
  -44 
   -8 
    1 
    5 
  -20 
   -1 
   -2 
   -8 
  -23 
   -7 
  -34 
  -38 
  -39 
   12 
  -29 
  -48 
  -34 
   32 
   30 
  -47 
   -6 
   34 
  -31 
   10 
   52 
    8 
  -16 
  -11 
  -42 
  -36 
   -4 
   11 
  -32 
   48 
  -44 
   50 
   -4 
   19 
    5 
   26 
   10 
   29 
   52 
   22 
   42 
   -7 
   -4 
  -52 
   26 
   24 
   39 
    8 
    1 
   41 
   33 
  -20 
  -56 
   38 
   27 
   20 
  -35 
   14 
    4 
   19 
   -7 
   58 
  -39 
   22 
    8 
    5 
   25 
  -24 
  -43 
   33 
   28 
   19 
  -56 
  -46 
   -2 
    8 
   20 
   32 
   58 
  -52 
  -14 
   -4 
   42 
   18 
   48 
   24 
  -46 
   16 
