2 10
25
    1     1 
    0     0 
    8     6 
    1     1 
    5 0     5 0 
   24    72 
   43 0    43 0 
    0 1     0 1 
  171 -171   171 -171 
    4 0     4 0 
    2    -2 

   -1    -1 
    1    -1 
    1    -1 

    0     0 
   -3    -1 
   -2    -4 
   -2    -4 
   -4    -4 
   -4    -4 
   -1     1 
   -1     1 
  -10     2 
   -3    -7 
   -3    -7 
    0   -10 
    0   -10 
  -10     8 
  -10     8 
    5    -1 
    5    -1 
   -1   -13 
   -1   -13 
    7    -7 
    7    -7 
  -11    -1 
  -11    -1 
    8     2 
    8     2 
