4 2
25
    1    -1     1     1 
 -330     0  -150  -162 
    5     8     5     9 
    1     1     1     1 
    1 0     3 1     1 0     1 0 
 -330    48  -150  -162 
   71 -60   -64 111    71 -60    71 -60 
    1 0     1 0     1 0     1 0 
  190 -38  -304 380   190 -38   190 -38 
    1 2     3 1     1 2     1 2 
  -55    -4   -25   -27 

    1     1    -1    -1 
    1    -1     1    -1 
   -1     1    -1    -1 
    1     1     1    -1 
    1    -1    -1    -1 

   -1    -1     1     1 
   -1     1    -1     1 
    1    -1     1     1 
    3     0     3    -1 
    4    -2     4    -4 
    1    -2    -1     5 
   -1    -1    -1     1 
   -1     1     1     1 
    5    -6     1    -1 
    0    -8    -8    -4 
    9     8     7     5 
   10     6    -2     2 
    2    -2    -2     2 
   -2    12    -6   -10 
  -12    -4     4     8 
   -9    -2     7    -1 
    8    -2    12     8 
   10     4    -2    14 
  -12    -4     8    -4 
   12    -6     4   -16 
    7    10    -1    11 
    1     0    15    17 
   -8    -8     0     8 
    3    -6    -7    17 
  -14   -14    -2   -10 
