2 15
25
   -1    -1 
    0     0 
    9     5 
    1     1 
    3 1     5 0 
  192    48 
  -23 -70    80 -32 
    1 0     1 0 
    0 -303   303 0 
    3 1     3 2 
  -16     3 

   -1    -1 
   -1    -1 

    1     1 
   -4     0 
    0    -2 
    0    -2 
   -3     1 
   -3     1 
   -5     7 
   -5     7 
   -1    -9 
    7    -1 
    7    -1 
   10   -10 
   10   -10 
    4   -12 
    4   -12 
   -2    10 
   -2    10 
   10    -2 
   10    -2 
   -8     2 
   -8     2 
    7    11 
    7    11 
  -10   -10 
  -10   -10 
