1 3
200
    1 
  108 
    6 
    1 
    1 0 
  108 
  -84 91 
    0 -1 
  -13 -169 
    2 0 
   36 

   -1 
    1 
    1 
    1 

    1 
   -1 
    4 
    4 
   -1 
   -1 
    8 
   -4 
    6 
   -8 
    0 
   10 
   -2 
   -4 
    4 
  -14 
   -1 
   12 
    4 
  -14 
  -14 
    0 
   16 
    6 
   -2 
  -16 
    8 
   -2 
    6 
    6 
  -16 
   -8 
    4 
   20 
   20 
    4 
  -10 
   -2 
  -16 
    4 
   14 
    6 
    2 
   -2 
  -16 
   24 
    4 
   12 
    0 
  -16 
   -6 
  -22 
   -2 
  -18 
    8 
  -12 
  -10 
  -10 
   -4 
   -4 
   -6 
   -4 
  -20 
    6 
   -2 
    0 
  -16 
   22 
   14 
    2 
  -10 
    0 
  -24 
   -6 
   34 
  -32 
    4 
  -34 
   -6 
   10 
   22 
   22 
    2 
  -26 
   14 
    0 
  -32 
   22 
  -22 
   36 
  -32 
  -36 
  -16 
   20 
    4 
  -28 
   36 
  -14 
   18 
   30 
   20 
   12 
    4 
   28 
   30 
  -38 
  -26 
   22 
   32 
  -32 
   42 
    2 
  -24 
   44 
   16 
  -40 
   32 
  -24 
  -38 
  -26 
  -46 
  -14 
  -12 
  -48 
    6 
  -38 
   -8 
   -8 
   22 
  -42 
   20 
  -36 
  -48 
  -24 
   34 
  -46 
  -42 
   50 
   40 
   24 
   20 
  -12 
   24 
   -8 
   50 
  -30 
  -14 
   14 
    6 
   12 
  -12 
   10 
  -10 
  -44 
   20 
   52 
  -28 
   56 
   40 
  -26 
  -42 
  -24 
   20 
   40 
   56 
  -10 
   38 
   -6 
  -18 
   30 
  -34 
   18 
  -14 
  -56 
   32 
   52 
    8 
   16 
   24 
   10 
  -14 
   20 
   28 
   34 
   34 
    6 
  -10 
  -48 
   12 
  -38 
   22 
  -46 
  -46 
    4 
  -60 
   30 
   46 
   18 
   26 
   16 
