1 2
200
    1 
    0 
    6 
    1 
    4 5 
   48 
   25 -47 
    1 0 
  190 -160 
    2 3 
   -4 
    0 
    0 

   -1 
   -1 
   -1 

   -2 
    1 
   -4 
   -2 
   -6 
   -2 
   -6 
   -2 
    1 
   -8 
    6 
   -6 
  -10 
   -2 
   -8 
   -2 
   -2 
   12 
  -10 
   -6 
   -6 
    4 
    4 
  -14 
    2 
   -8 
   20 
  -10 
   14 
  -10 
   -8 
   -2 
  -20 
   12 
    2 
  -22 
    2 
   18 
   -8 
   20 
  -10 
   -2 
  -14 
   18 
   10 
    2 
  -28 
   18 
  -12 
  -14 
   18 
  -10 
  -10 
   14 
  -10 
   -4 
   30 
  -18 
    4 
    2 
   10 
  -22 
   22 
  -22 
    1 
  -10 
  -10 
  -30 
    2 
   -6 
   26 
  -10 
   10 
  -10 
  -18 
  -10 
   22 
  -22 
   22 
   10 
   22 
   10 
  -22 
   18 
   14 
   30 
    4 
    6 
  -34 
  -24 
    4 
  -20 
   16 
   18 
   32 
   16 
  -44 
   10 
  -34 
  -30 
    2 
  -22 
   16 
   22 
  -14 
   10 
    2 
    2 
  -24 
   12 
   14 
  -10 
   26 
   28 
  -28 
  -22 
  -36 
   26 
  -10 
  -34 
  -30 
  -22 
  -28 
   46 
  -10 
  -14 
  -36 
    2 
   10 
   30 
  -46 
  -50 
  -10 
  -28 
   34 
   38 
  -54 
  -22 
  -18 
   18 
   34 
  -38 
   -8 
  -16 
  -34 
   38 
  -34 
  -10 
    6 
  -46 
   36 
   -2 
  -18 
   18 
   52 
  -12 
   44 
   28 
  -14 
  -38 
   26 
  -48 
    2 
   52 
   32 
  -10 
  -50 
   -6 
    2 
   14 
  -42 
  -26 
  -62 
   28 
   40 
   12 
   10 
  -34 
    4 
  -42 
  -14 
   58 
   32 
  -30 
  -10 
  -42 
  -34 
  -38 
   20 
   30 
  -38 
   50 
   -2 
   38 
  -14 
  -30 
  -30 
   10 
  -38 
  -66 
