2 6
200
    1    -1 
  144     0 
   12     8 
    1     1 
    1 0     1 3 
  144    12 
   45 -79   100 -39 
    1 0     1 0 
  168 -192   216 144 
    2 1     1 3 
   24     1 
    0     0 
    0     0 

   -1    -1 
    1    -1 
    1     1 

    0     0 
    0     0 
   -4     0 
    2     2 
    0     4 
   -1    -5 
   -6     2 
   -1    -1 
   -2    -6 
   10    -6 
    7    -5 
    6     6 
    7    -9 
    9    -3 
   -7    -7 
    0   -12 
   -8     0 
   -1    -5 
    8     4 
  -11     9 
  -14   -14 
   -5   -13 
   10   -10 
   -7     5 
  -16     8 
   -6    14 
   13   -11 
   10     2 
   11   -17 
    4     8 
   18   -10 
   -1    11 
   16   -12 
    0     4 
   16    -8 
    8    16 
   -4    -8 
    0    20 
    0    24 
   12    24 
   26     2 
   -6    18 
  -11    13 
   14    14 
    3    -5 
  -19    25 
    8     8 
   15   -13 
    0     0 
   26    -2 
   24   -20 
    6    14 
   30     2 
   11   -25 
  -24    16 
   19   -21 
    2   -26 
   16    -4 
   -4    12 
    9     9 
  -20   -20 
   17    17 
   -2     2 
  -10    26 
   28    -8 
   20    -4 
   14    10 
  -14   -22 
   18     2 
   -3     5 
   -9    -1 
  -21    27 
    7     3 
   30    18 
  -27   -35 
   -2   -10 
  -29   -13 
   -7   -39 
    2    26 
   22    26 
   17     5 
   26    -6 
    0   -32 
    0    -8 
   13    21 
   14    -6 
  -24   -16 
   21    33 
  -18   -26 
   40     8 
   19   -13 
    0     8 
   38    14 
  -24    16 
  -28    28 
   24   -16 
    4    -8 
    8    -4 
   29    17 
   -5    31 
   40    12 
  -28   -36 
  -21    23 
  -12   -20 
   40   -32 
   38   -38 
  -37   -13 
   -2   -10 
   16    44 
   25    -3 
  -10     2 
  -42   -14 
  -46   -10 
   10    14 
  -10    14 
  -32    -8 
   21    25 
  -44    -4 
  -14   -14 
  -11   -35 
    1     9 
   -2   -38 
  -19   -35 
   41    13 
  -10   -10 
  -27    25 
  -24    32 
   16    24 
   -7   -11 
  -38     2 
  -16    52 
  -10   -30 
  -53    43 
   -2    14 
  -18     2 
   16   -16 
   -4    16 
  -18    26 
   32   -40 
   -8   -32 
  -24     8 
  -19   -35 
    4    28 
  -38    54 
  -19    -7 
   26    26 
   -1   -21 
  -31    -7 
  -31   -39 
   28     4 
  -32     4 
   26    18 
  -44    12 
   16    44 
  -24    20 
   -2   -14 
   -5    -9 
   34   -46 
  -14   -38 
    5     5 
  -25     7 
   46     2 
   40    20 
  -15   -43 
  -22   -14 
   18    58 
    2   -58 
   37    25 
   -6   -14 
  -28    20 
  -45   -53 
  -24    16 
  -46    50 
   -8   -64 
  -36    12 
    2    58 
  -24   -40 
    8   -24 
  -37    39 
   25   -55 
    5   -59 
   52   -28 
   -3    49 
  -30    14 
  -14    -6 
  -56   -12 
   54    -2 
  -53   -25 
   62   -34 
   15   -29 
  -54     6 
   55    -5 
  -18    26 
  -16     0 
  -39   -63 
   26   -54 
   19    19 
  -37   -17 
  -35   -23 
   38   -10 
