6 6
200
   -1     1    -1    -1    -1     1 
    0  -360     0     0     0    72 
    6     6     9     9     7     4 
    1     1     1     1     1     1 
    8 3     1 0     3 4     3 4     3 4     1 0 
   36  -360    12    12    12    72 
  -85 52    69 -73   -85 52  -115 3   -85 52    69 -73 
    1 0     1 0     1 0     1 0     1 0     1 0 
 -360 90   210 -150  -360 90  -240 -330  -360 90   210 -150 
    3 2     2 1     3 2     2 3     3 2     2 1 
    1   -60     2    -2     4    12 

   -1     1    -1    -1     1    -1 
    1     1    -1    -1    -1    -1 
   -1     1    -1    -1    -1    -1 
    1    -1    -1    -1     1     1 

    0     0     0     0     0     0 
   -1    -1     1     1     1     1 
    2     2    -1    -1     1     4 
   -1     5    -4     2    -2     4 
   -4     4    -4    -4     4    -5 
    1    -1     1     1     1     1 
    0     4     5    -1    -5     7 
    1    -3    -1    -4    -8    -8 
   -1     1     1     1    -1    -1 
    1     1    -1     2     6     6 
    0     0     8    -7    -7    -4 
   -2    10    -1     5    -1     2 
   -3    -9    -4   -10    -6    -9 
   -2    -6    -7    -4   -12     9 
   -4     4     8   -10     6     0 
   -6    -6     2    14   -10     5 
  -12    -4     8   -10    10    13 
   10   -14     5   -13     1    -8 
    1     7   -13    -4     8    11 
   -7    11   -13   -10    -6    -6 
   14    10    -4    -1   -11    16 
   11    -1   -16    14    -2   -11 
   12     4    11     5     5   -10 
  -17    -7   -10    -1   -19   -10 
   -7   -13    -7     5   -13    -7 
    5    -1    11     8   -12     0 
   -2    10   -16    -1     5    -1 
  -11     5    14    17    -7    -1 
  -15    13     5   -19    -7    -4 
  -13    -9    -4   -13     7     4 
    0    12    -7   -16    -8     4 
  -16    16     2     2   -18     0 
   20    12    -7    -1    11    -1 
   -5     3    14    -4     8    -4 
    0    -8   -19     8    16    10 
   16     4   -19     8    16    -2 
  -23    11    20    17    23     2 
   15    -3   -16    -1    17    17 
   -7   -21   -16   -16    -4    14 
    2   -22   -16    11    13    -8 
   13    21     2    -7    -7    17 
  -25   -25     2   -25     7    22 
   14    10     5    -4   -16    26 
  -14   -18   -16    26    10     4 
  -17   -21   -16     2    -6     3 
   22   -26    11    -7     1    10 
   10   -14    -4    23    15   -12 
  -17    -5    -4    -4    12     9 
   26     2    -4   -16    16    -5 
  -16    16   -16    14     6    21 
  -10    14     5     5    25     4 
   -7   -23   -22   -22    -6     9 
    4     8    -1     8     8   -19 
  -22   -26   -10   -10   -22     8 
   28     4    -4    17   -27     3 
    1     5     2    20    20   -31 
   28    12    -7    14   -26    -8 
  -24     8    14   -16     4   -20 
   10    18    -4   -13    13   -26 
   11    13    20   -28    16   -11 
  -22    14   -16    20   -32   -20 
  -17     9    -4     8   -28    -4 
  -22   -34    23    17    19   -11 
   -2    14   -10    26   -14   -23 
   28     0    17     8   -24   -27 
  -20    12    -4    29   -35    -8 
   11    19   -10   -28   -24    18 
   23    -7    -4    23    13    -2 
   15     9    32    23    -3   -30 
  -16    -8   -19   -10   -26    22 
   -8    36    14    20   -32    13 
   20    -8   -10    17     3   -12 
  -33    -3     8   -10   -10     8 
  -11   -29    23   -31    19    16 
   23   -23   -34    -1   -27   -36 
   -8     0    11   -16     8    -1 
  -24    -8    11    20   -20   -29 
  -25    -7    14   -37     1    34 
   15   -35   -16    11     5    -7 
  -28    -8   -22    32    -8    -5 
    8   -20    32    32   -20   -26 
   -3     1   -22   -34   -10   -10 
   -2     6   -22    29    37   -29 
   16    -8    17    -4   -12   -30 
   -8   -12    29   -34     2    17 
    8    -4   -10    35    31    16 
  -19    37   -16   -40    20   -22 
  -17   -23   -28   -37    33     0 
   -3    31    -1    17     7   -29 
  -31    11   -19   -16    32   -34 
  -10    14     8    -7    -1    20 
  -13    -3   -16    38   -18    33 
  -12   -20     2   -25    29   -16 
  -25    23   -40   -22   -34    -4 
   30   -30    32     5    -3   -18 
    8    44    41   -37    41    -4 
    7   -19   -28    14   -22    32 
  -21   -13   -19    -1    39   -18 
  -41     7   -10   -13   -13     2 
   -1   -13   -19   -13   -25   -10 
   28   -40    20    -4    20   -43 
   28   -44     2   -22     2     8 
   -4     4    23    32   -40    -7 
   34   -14   -22    32    16   -26 
  -16    24     2     2    38   -25 
   -2   -18   -34    38     6    42 
   10    42   -16   -31    21   -36 
   33   -27   -22     2   -14   -14 
  -40   -44    44   -16    -8    43 
  -24   -16    -7   -10   -18    12 
   18    -2   -46   -22   -10   -40 
   10   -26    38     2   -26   -26 
   27    35   -34   -40     8   -10 
   28    40     2   -31    33   -18 
   16    16   -16    20   -28   -40 
   12    40   -25   -16    16   -38 
  -30    26    32    23    13    31 
   49     7   -31    14   -22    -1 
   18    38   -22    -4   -20    46 
  -12    28   -28    38    34     1 
   34    34     8   -28   -20   -20 
  -24     4    50   -16    32   -46 
   -8    36   -10    44    -4     2 
  -20    36   -10   -28    24    -6 
   -9    -1    -4   -25   -25   -22 
   19    -1    35    -1   -29     4 
  -16     8    14     2   -46    11 
   16    -4   -40    20    -4    14 
  -38   -22    14   -40    16   -26 
  -14    26    41    -4   -32   -14 
   36   -36   -16   -16   -28    44 
  -16    -4    38    20   -44   -32 
   16     8     8     2    38     8 
  -16   -32    20     8   -32     7 
  -54    -2   -46    -4    20    53 
   -8     8    50    26    14    29 
   -1     7    23    14   -26   -14 
    2    50    14     5    17   -52 
  -31     7    23    32    -4    44 
   34   -38   -37   -25   -27   -39 
  -35   -15     8    -4    36     3 
  -44    12    -1   -13    15   -12 
   32   -16    23    -4   -24     6 
    0    40    32    -4    -4     8 
    2   -46   -10   -49   -13    50 
  -27     9    11   -34    22   -38 
   26   -30    14   -40    44   -52 
   11    -7   -46   -37    37    19 
   -1    17   -19    -1    13    28 
   -9    35    11    44     0    51 
   20   -12   -34    -1    -1    20 
   17    23    29   -10   -14   -38 
   14   -46    44   -43   -37    59 
    4   -12    44    50   -34   -19 
   34    18    26   -40    40    -8 
   13     3    47   -40    32   -28 
   20   -48    50   -43   -45   -12 
  -50   -30   -13    -1    31    46 
   -3   -55   -10    -4    24     3 
  -12   -40   -43    38   -30     3 
   30    10   -25    38    54   -27 
  -12   -20    -4   -13    -7     5 
  -25   -39    -4   -22     6   -24 
  -12    40    26     5   -23   -11 
   23   -17     5    26   -10    50 
   22    18   -46   -55    31    49 
  -29   -55   -10    26    22   -14 
  -40    32   -22   -10    -2    -2 
   28    32    14   -28   -44    37 
    2   -58     2   -10    -2   -35 
   50    46   -37    20    40     4 
   -5    37   -52    23   -35   -26 
    1     3    26   -19    -5   -11 
  -20    16   -40    41    21     0 
  -45   -45   -13   -22   -34   -10 
   55   -41     8   -10    30    60 
   48   -40   -22    29   -35    -2 
  -44   -40    20    20   -44    31 
  -56    -8    11    38    58   -26 
  -16     8    20    32   -64   -58 
  -18    58     8   -46    14   -25 
  -28    44    53    35    13    16 
  -21    17     8    62    18   -36 
   36    20   -28   -16   -12     6 
   34    -2    44   -34     2    14 
   22    26    38   -16    24    54 
  -62   -26   -25    38   -42    -6 
   32     4    62    44    52   -14 
   28    28    44    44    44     8 
  -34    46    -1    56   -52    29 
    8    -8    50   -40     8    20 
   34    14   -34   -34    -6    63 
  -26   -54   -46    14   -46    26 
  -28   -36    50     8    16    10 
   10    30     5   -28    28    -8 
   17    21   -52    53     9   -48 
   59    11   -43   -37    19   -23 
   34    66   -16   -22   -10   -19 
   20    -4    44   -10    10   -47 
  -25    55   -61    -4   -40    44 
