1 0
200
    1 
    0 
    5 
    1 
    5 0 
   24 
  -41 -11 
    0 1 
 -209 165 
    4 0 
    2 

    1 
    1 
   -1 

   -1 
    0 
   -1 
   -4 
   -4 
   -2 
   -2 
   -4 
    7 
   -9 
   -7 
   -1 
   -7 
    4 
   -1 
    0 
  -14 
    3 
  -13 
  -10 
    4 
   -4 
   10 
    7 
  -19 
   -8 
   -8 
  -10 
    2 
    1 
    2 
   16 
  -10 
  -14 
  -24 
   10 
   -7 
  -11 
  -20 
   12 
    3 
   25 
  -20 
    4 
  -16 
   24 
    8 
   16 
   13 
   13 
   19 
   25 
   26 
    4 
    2 
    8 
  -30 
    6 
   14 
   14 
  -18 
  -18 
    8 
   -1 
   -9 
  -25 
   17 
  -10 
    8 
   20 
   16 
   21 
  -37 
  -38 
   14 
   31 
  -29 
   14 
  -14 
    4 
  -28 
   22 
   -2 
    7 
  -41 
  -20 
  -18 
   -8 
   40 
   -3 
   15 
  -11 
  -19 
  -28 
  -28 
  -26 
  -12 
  -17 
   16 
  -40 
   16 
   38 
   36 
  -22 
    1 
   37 
  -12 
   28 
   24 
  -38 
   -4 
  -16 
   13 
  -37 
   -1 
  -27 
    7 
    1 
  -47 
  -13 
  -10 
  -20 
    5 
   -3 
   -1 
   27 
   13 
  -11 
   26 
    4 
    4 
   16 
  -43 
  -41 
   18 
  -38 
    2 
   10 
  -44 
  -12 
  -32 
    0 
   53 
   -7 
  -23 
   -3 
  -50 
   42 
   -6 
  -19 
    1 
   38 
   46 
  -12 
  -32 
  -36 
   44 
  -14 
  -30 
  -38 
   28 
  -58 
   28 
    0 
   44 
  -38 
   16 
   28 
   -4 
  -18 
   10 
   -6 
   22 
  -21 
  -13 
  -60 
   -8 
  -54 
  -28 
   42 
   46 
  -32 
  -36 
  -13 
    5 
   16 
   14 
  -24 
  -60 
  -66 
  -10 
  -15 
  -49 
   39 
   27 
   52 
   -8 
  -25 
   15 
  -26 
