5 0
25
   -1     1    -1     1     1 
    0   -54     0   336   180 
   15     9    14    14    15 
    1     1     1     1     1 
    5 4     1 0     1 3     1 0     1 0 
   24   -54    24   336   180 
  -97 22    52 -55    10 87    52 -55    52 -55 
    1 0     1 0     1 0     1 0     1 0 
 -336 -84   210 -168  -252 378   210 -168   210 -168 
    3 2     3 1     1 3     3 1     3 1 
    1    -3     2    22    14 

   -1     1     1     1    -1 
    1     1     1    -1    -1 
    1     1    -1     1    -1 
   -1    -1    -1     1     1 

    0     0     0     0     0 
   -1    -1    -1     1     1 
   -1    -1     1    -1     1 
    0     0     0     0     0 
   -1     5     0     0    -1 
   -2     4     3    -3     2 
   -5     7    -8     8     5 
    2     2    -4    -4     2 
    8    -1    -3    -3     8 
    2     5     3     3     2 
    7     4     0     0    -7 
   -2     7    -2     2     2 
   -8     7    -2     2     8 
    4    -8    -5     5    -4 
  -11    -8     7    -7    11 
  -10   -10    12    12   -10 
   10    10    -6     6   -10 
  -16     5    -8    -8   -16 
   -7     5    10    10    -7 
    8   -16    -8    -8     8 
    4    -2    -1     1    -4 
  -10   -10     6     6   -10 
    8     8   -12   -12     8 
    8     8    -2    -2     8 
   -8   -17     5    -5     8 
