1 0
200
   -1 
    0 
    8 
    1 
    1 8 
   24 
 -139 -60 
    1 1 
 -564 132 
    5 0 
   -3 

   -1 
    1 
    1 
   -1 

    0 
    0 
    0 
   -1 
    2 
    2 
   -4 
    0 
   -2 
   -4 
   -8 
    6 
    1 
   -4 
   -8 
  -10 
   -2 
   12 
   12 
   -2 
  -10 
   -8 
    4 
   -2 
   -2 
   -4 
    0 
  -14 
   -6 
   10 
   12 
  -20 
   12 
  -20 
  -20 
    4 
   14 
    6 
   16 
  -12 
   26 
    2 
  -14 
   -6 
   -4 
   16 
   16 
  -16 
   -4 
  -28 
   10 
   -6 
   -2 
   22 
  -32 
    8 
   10 
  -22 
  -24 
   -4 
   22 
   16 
  -16 
  -14 
  -22 
   12 
  -24 
   -2 
   14 
   22 
   14 
  -12 
   12 
   14 
   14 
   28 
   36 
   38 
   -2 
   14 
  -26 
  -22 
   26 
  -22 
   34 
  -24 
  -28 
  -42 
   38 
    8 
    4 
  -28 
  -16 
  -12 
   -8 
   -4 
  -16 
   10 
    2 
  -30 
   -4 
   -8 
   12 
  -44 
  -30 
   34 
   42 
  -14 
  -16 
   20 
   22 
  -10 
   -8 
    8 
   16 
  -44 
  -16 
   20 
   -2 
   22 
   10 
   -6 
    4 
   20 
   18 
  -38 
  -40 
   44 
  -14 
   34 
    0 
  -40 
   16 
    0 
   42 
    2 
  -30 
   -6 
   -8 
    0 
   44 
   20 
  -20 
  -36 
    2 
   10 
    6 
  -42 
   -2 
  -28 
    0 
   22 
  -42 
    4 
   24 
   -8 
  -52 
  -28 
  -24 
   42 
  -38 
  -12 
  -56 
  -48 
   44 
   38 
   54 
   -2 
   -2 
  -18 
  -34 
  -58 
   38 
   56 
    8 
    0 
    4 
  -12 
  -12 
  -50 
   46 
   48 
  -28 
   26 
  -54 
   18 
    2 
    0 
   36 
  -42 
   -2 
  -50 
  -42 
  -20 
   48 
   10 
   50 
  -14 
   34 
   52 
