2 8
200
   -1    -1 
    0     0 
    5     3 
    6     6 
    0 0     0 0 
    0     0 
  -41 -62   -41 -62 
    1 0     1 0 
    0 -392     0 -392 
    3 2     3 2 
   -6   -18 

    1     1 
   -1     1 
   -1     1 

   -1     1 
    0     0 
    0     0 
    0     0 
   -2     2 
   -2     2 
    1    -1 
    1    -1 
   -1    -1 
    7    -7 
    7    -7 
   -1    -1 
   -1    -1 
   -4    -4 
   -4    -4 
    1    -1 
    1    -1 
   -7    -7 
   -7    -7 
    1    -1 
    1    -1 
  -13   -13 
  -13   -13 
   10   -10 
   10   -10 
  -11    11 
  -11    11 
   -1    -1 
   -1    -1 
  -13   -13 
    8     8 
    8     8 
  -20    20 
  -20    20 
   17    17 
   17    17 
   13   -13 
   13   -13 
   11    11 
   11    11 
   10   -10 
   10   -10 
   11    11 
   11    11 
    7    -7 
    7    -7 
   -4    -4 
   -4    -4 
   -8     8 
   -8     8 
  -11    11 
  -11    11 
    1    -1 
    1    -1 
  -11    11 
  -11    11 
  -13   -13 
  -13   -13 
  -29    29 
  -29    29 
  -25   -25 
   28   -28 
   28   -28 
  -23    23 
  -23    23 
  -13   -13 
  -13   -13 
  -34   -34 
  -34   -34 
  -26    26 
  -26    26 
   -5     5 
   -5     5 
  -25   -25 
  -25   -25 
    8     8 
    8     8 
   37   -37 
   37   -37 
  -11    11 
  -11    11 
  -22   -22 
  -22   -22 
   10   -10 
   10   -10 
    1    -1 
    1    -1 
   23    23 
   23    23 
  -16   -16 
  -16   -16 
  -19   -19 
  -19   -19 
   11    11 
   11    11 
    1    -1 
    1    -1 
  -37   -37 
   35    35 
   35    35 
    8     8 
    8     8 
   29    29 
   29    29 
    1    -1 
    1    -1 
  -14    14 
  -14    14 
  -47    47 
  -47    47 
  -25   -25 
  -25   -25 
   31   -31 
   31   -31 
  -16   -16 
  -16   -16 
  -20    20 
  -20    20 
  -11    11 
  -11    11 
   14    14 
   14    14 
   13   -13 
   13   -13 
   -1    -1 
   -1    -1 
  -32    32 
  -32    32 
   25   -25 
   25   -25 
  -19   -19 
  -19   -19 
  -25   -25 
  -25   -25 
    2     2 
    2     2 
   34   -34 
   34   -34 
   31   -31 
   31   -31 
   52   -52 
   52   -52 
    5     5 
    5     5 
    1    -1 
    1    -1 
  -22   -22 
   22   -22 
   22   -22 
  -23    23 
  -23    23 
  -13   -13 
  -13   -13 
   44    44 
   44    44 
   41    41 
   41    41 
   -1    -1 
   -1    -1 
  -26    26 
  -26    26 
  -16   -16 
  -16   -16 
  -19   -19 
  -19   -19 
  -59    59 
  -59    59 
  -10   -10 
  -10   -10 
  -50    50 
  -50    50 
   23    23 
   23    23 
    7    -7 
    7    -7 
   32    32 
   32    32 
   16   -16 
   16   -16 
   13   -13 
   13   -13 
  -13   -13 
  -13   -13 
   38    38 
   38    38 
   47    47 
   47    47 
   -5     5 
   -5     5 
   11    11 
   11    11 
    1    -1 
    1    -1 
   47    47 
   47    47 
   11    11 
   11    11 
  -37   -37 
  -37   -37 
   40   -40 
