2 0
200
   -1    -1 
    0     0 
    9     6 
    1     1 
    3 1     3 1 
   12    12 
  -26 -79   -26 -79 
    1 0     1 0 
    0 -342     0 -342 
    3 1     3 1 
   -1    -1 
    0     0 
    0     0 

   -1    -1 
   -1    -1 
   -1    -1 
   -1    -1 

    0     0 
    1     1 
   -1     2 
    2    -1 
   -7    -1 
   -1    -7 
    1     1 
    1     1 
    8     8 
  -10     5 
    5   -10 
   -4    -4 
   -4    -4 
  -10    -7 
   -7   -10 
    2    -1 
   -1     2 
   -4     2 
    2    -4 
   -4    -4 
   -4    -4 
    2    -4 
   -4     2 
  -10   -10 
  -10   -10 
   -7    14 
   14    -7 
    2    -7 
   -7     2 
    5     5 
  -16    -7 
   -7   -16 
   17    -4 
   -4    17 
  -10     8 
    8   -10 
   23   -10 
  -10    23 
   -4    -4 
   -4    -4 
   11    -7 
   -7    11 
   20    -4 
   -4    20 
   11     2 
    2    11 
    2    17 
   17     2 
  -10    29 
   29   -10 
   20   -22 
  -22    20 
   11   -10 
  -10    11 
   20   -25 
  -25    20 
    8     8 
    8     8 
   14     5 
    5    14 
   20    20 
  -16    -7 
   -7   -16 
   17   -19 
  -19    17 
   -4   -25 
  -25    -4 
    5   -19 
  -19     5 
   17    14 
   14    17 
  -25   -28 
  -28   -25 
   -4    32 
   32    -4 
   -1   -10 
  -10    -1 
   17   -37 
  -37    17 
  -31   -22 
  -22   -31 
   17   -37 
  -37    17 
    8   -28 
  -28     8 
   29    32 
   32    29 
  -28    14 
   14   -28 
  -16   -37 
  -37   -16 
  -16   -16 
  -16   -16 
   26   -25 
  -25    26 
  -37   -10 
  -10   -37 
   -1    -1 
  -40   -22 
  -22   -40 
   17    38 
   38    17 
   20   -13 
  -13    20 
    2   -34 
  -34     2 
  -28   -34 
  -34   -28 
   26   -13 
  -13    26 
  -43    47 
   47   -43 
   20    -1 
   -1    20 
  -40    14 
   14   -40 
  -46    29 
   29   -46 
   -4   -40 
  -40    -4 
    2    14 
   14     2 
   17    26 
   26    17 
   32   -16 
  -16    32 
  -40    -7 
   -7   -40 
   -4    32 
   32    -4 
  -40    41 
   41   -40 
   -4   -25 
  -25    -4 
   44     8 
    8    44 
   35     2 
    2    35 
  -28    23 
   23   -28 
   11   -34 
  -34    11 
   14   -13 
  -13    14 
  -25   -34 
  -34   -25 
   -4    -4 
    5   -37 
  -37     5 
   50    20 
   20    50 
  -16    32 
   32   -16 
   -7    38 
   38    -7 
  -10    44 
   44   -10 
  -52    11 
   11   -52 
    5    41 
   41     5 
   29    14 
   14    29 
   -1    44 
   44    -1 
   47   -58 
  -58    47 
   11     2 
    2    11 
   56   -10 
  -10    56 
   26    14 
   14    26 
  -19     2 
    2   -19 
   26    20 
   20    26 
   20   -61 
  -61    20 
   50    26 
   26    50 
    8   -28 
  -28     8 
   29   -46 
  -46    29 
    2     2 
    2     2 
   59    26 
   26    59 
  -22    41 
   41   -22 
   65    -7 
   -7    65 
   -4   -22 
  -22    -4 
  -13    23 
   23   -13 
   -4     2 
    2    -4 
  -10   -19 
