1 0
200
    1 
  -48 
    4 
    1 
    1 0 
  -48 
  -56 133 
    0 -1 
  -20 -190 
    1 1 
  -24 
    0 
    0 

   -1 
   -1 
   -1 
    1 

    0 
    1 
    4 
    4 
    6 
    1 
   -4 
    4 
    1 
   -1 
   -8 
   -2 
  -10 
    8 
   -8 
   14 
   -2 
   -8 
   -8 
   10 
    2 
    0 
  -16 
   -6 
   10 
    4 
   12 
   -2 
   14 
   -6 
    4 
   20 
  -12 
   20 
    8 
    0 
  -10 
   22 
  -16 
   16 
  -10 
    6 
   10 
   -6 
  -24 
   -8 
  -20 
   -4 
   -4 
  -28 
  -10 
    6 
    2 
  -14 
  -32 
  -24 
   14 
   22 
   24 
  -16 
   18 
   -8 
   24 
   34 
   26 
  -28 
  -20 
    2 
  -22 
   30 
   14 
   -4 
   -4 
  -10 
  -26 
  -20 
    4 
  -34 
   -2 
   10 
  -22 
  -26 
  -26 
  -22 
   34 
  -16 
  -16 
   26 
   34 
  -36 
    4 
   28 
  -12 
  -36 
    4 
  -32 
    0 
   34 
   -2 
   30 
    8 
   16 
  -28 
  -12 
   26 
   -6 
   42 
   10 
   28 
   36 
  -18 
   22 
  -12 
  -36 
    8 
  -16 
   -8 
   16 
  -10 
  -10 
  -22 
    2 
  -20 
  -28 
  -26 
  -42 
   -4 
  -44 
  -18 
   46 
   28 
    4 
  -32 
    0 
   -2 
  -26 
  -14 
   34 
   16 
    8 
   36 
   -4 
   36 
   36 
   -2 
   30 
  -22 
   30 
   30 
   -4 
   28 
  -26 
  -26 
   -8 
   40 
  -32 
   -8 
  -40 
   24 
  -14 
   50 
  -20 
  -12 
   32 
  -32 
  -42 
   38 
  -46 
   18 
  -34 
  -50 
    2 
  -14 
   24 
  -24 
  -52 
    4 
  -60 
  -36 
  -50 
   46 
  -44 
   20 
  -50 
   14 
   54 
   38 
    8 
    8 
   10 
   26 
  -14 
   26 
   20 
   20 
  -30 
  -30 
  -18 
   14 
  -48 
