1 0
200
   -1 
    0 
    2 
    8 
    5 0 
  768 
   90 -25 
    1 0 
  319 55 
    3 2 
  112 
    0 
    0 

   -1 
   -1 

    2 
    3 
   -2 
   -2 
   -2 
   -2 
   -6 
    0 
   -6 
   -2 
   -8 
   -6 
    6 
    0 
   12 
   -6 
    6 
  -10 
    8 
   10 
   10 
   -4 
   -4 
    2 
    2 
  -10 
    2 
  -14 
   10 
    1 
    8 
   14 
  -14 
    4 
   20 
  -10 
    2 
  -22 
  -14 
    4 
   10 
   10 
   22 
  -14 
  -24 
   18 
    0 
  -12 
    4 
   -2 
   -6 
   18 
  -14 
   10 
  -10 
    8 
   10 
   10 
  -14 
   10 
   -6 
   -4 
    2 
  -22 
  -22 
    4 
  -32 
   14 
    1 
  -18 
  -30 
   10 
   16 
   10 
   34 
   22 
   10 
   22 
   10 
   -6 
  -30 
  -38 
   22 
  -14 
   34 
   -2 
   28 
  -30 
   -6 
   -8 
    4 
  -34 
  -22 
   14 
    2 
  -34 
  -16 
  -30 
  -14 
  -14 
  -40 
   26 
    2 
   14 
  -18 
   42 
   14 
  -22 
   20 
   38 
   26 
  -22 
  -16 
    8 
   34 
   10 
   14 
   44 
   10 
   10 
    2 
   26 
  -10 
   44 
  -46 
  -34 
   -6 
  -48 
    6 
   42 
  -34 
   44 
  -38 
   28 
  -22 
   50 
   14 
  -10 
  -38 
  -14 
    4 
  -32 
   -6 
  -54 
   -2 
   34 
   50 
    2 
  -22 
  -30 
   48 
   18 
   -6 
   40 
  -56 
   12 
   36 
  -44 
   34 
   26 
  -22 
  -50 
    4 
  -26 
   40 
   26 
  -22 
   26 
   26 
   34 
   22 
   26 
   26 
  -58 
  -10 
  -22 
  -40 
   14 
   26 
  -14 
   10 
    8 
  -10 
  -54 
  -54 
  -30 
  -30 
  -36 
   24 
   26 
  -22 
  -46 
   26 
   42 
    0 
    2 
   26 
   -2 
   10 
  -60 
