1 7
200
   -1 
    0 
    4 
    1 
    3 1 
  144 
   78 31 
    1 0 
  202 202 
    3 1 
   12 

   -1 
   -1 

    0 
    1 
    1 
    1 
    0 
    0 
    1 
    1 
   -6 
    0 
    0 
   -8 
   -8 
   -5 
   -5 
   -1 
   -1 
    2 
    2 
  -16 
  -16 
   -2 
   -2 
   13 
   13 
  -12 
  -12 
    2 
    2 
   -6 
    7 
    7 
    4 
    4 
  -16 
  -16 
   -4 
   -4 
   18 
   18 
    6 
    6 
   19 
   19 
    4 
    4 
   12 
   12 
   -4 
   -4 
   -6 
   -6 
   22 
   22 
   23 
   23 
   -7 
   -7 
   20 
   20 
   -9 
    7 
    7 
   -4 
   -4 
  -10 
  -10 
   -4 
   -4 
    7 
    7 
  -34 
  -34 
   12 
   12 
    9 
    9 
   23 
   23 
  -23 
  -23 
  -32 
  -32 
  -32 
  -32 
  -16 
  -16 
  -26 
  -26 
   -5 
   -5 
  -13 
  -13 
   35 
   35 
   32 
   32 
  -10 
   -8 
   -8 
   46 
   46 
    0 
    0 
   22 
   22 
    9 
    9 
  -20 
  -20 
   14 
   14 
   11 
   11 
   -8 
   -8 
  -20 
  -20 
   31 
   31 
   -2 
   -2 
   25 
   25 
  -43 
  -43 
  -44 
  -44 
   13 
   13 
   46 
   46 
  -31 
  -31 
  -17 
  -17 
  -22 
  -22 
   -3 
   -3 
   16 
   16 
  -12 
  -12 
  -38 
  -38 
  -33 
  -14 
  -14 
   54 
   54 
  -57 
  -57 
   46 
   46 
    2 
    2 
   47 
   47 
  -52 
  -52 
  -36 
  -36 
   50 
   50 
  -22 
  -22 
    9 
    9 
  -45 
  -45 
  -46 
  -46 
    3 
    3 
   52 
   52 
   21 
   21 
  -50 
  -50 
   16 
   16 
   39 
   39 
    6 
    6 
  -28 
  -28 
   44 
   44 
  -28 
  -28 
  -32 
  -32 
  -18 
  -18 
    2 
    2 
  -16 
