5 0
200
   -1    -1    -1     1     1 
    0     0     0   -24   -24 
    6     6     4     2     2 
    4     4     4     2     2 
    0 0     0 0     0 0     1 0     1 0 
    0     0     0   -24   -24 
    7 -54     7 47   -51 64    22 21    22 21 
    2 0     2 0     1 1     0 -1     0 -1 
   64 -128   -64 128   -64 192   -64 0   -64 0 
    3 2     2 3     5 0     1 1     1 1 
    8     8    -8   -12   -12 

    1     1     1    -1    -1 

   -2    -2     0     2     2 
    0     0     0     0     0 
   -2     2     0    -2     2 
    2    -2     0     2    -2 
    2    -2    -6    -2     2 
   -2     2    -6     2    -2 
   -6    -6     0     6     6 
   -6    -6     0     6     6 
   -2    -2    -6    -2    -2 
    2    -2     0     2    -2 
   -2     2     0    -2     2 
    6    -6     2    -6     6 
   -6     6     2     6    -6 
   -2    -2     0     2     2 
   -2    -2     0     2     2 
    2    -2    10    -2     2 
   -2     2    10     2    -2 
   -2    -2     0     2     2 
   -2    -2     0     2     2 
   -6    -6    -6    -6    -6 
   -6    -6    -6    -6    -6 
  -14    14     0   -14    14 
   14   -14     0    14   -14 
  -10   -10    18   -10   -10 
  -10   -10    18   -10   -10 
   14   -14     0    14   -14 
  -14    14     0   -14    14 
  -18    18    -6    18   -18 
   18   -18    -6   -18    18 
   14    14   -22    14    14 
  -18    18     0   -18    18 
   18   -18     0    18   -18 
   10    10     0   -10   -10 
   10    10     0   -10   -10 
   14   -14     0    14   -14 
  -14    14     0   -14    14 
   14   -14   -22   -14    14 
  -14    14   -22    14   -14 
   -6    -6     0     6     6 
   -6    -6     0     6     6 
    6    -6    18    -6     6 
   -6     6    18     6    -6 
  -14   -14   -14   -14   -14 
  -14   -14   -14   -14   -14 
    2    -2     0     2    -2 
   -2     2     0    -2     2 
   -2    -2     0     2     2 
   -2    -2     0     2     2 
   -2     2     0    -2     2 
    2    -2     0     2    -2 
   10   -10   -30   -10    10 
  -10    10   -30    10   -10 
    2     2   -30     2     2 
    2     2   -30     2     2 
   18   -18     0    18   -18 
  -18    18     0   -18    18 
   10   -10    18   -10    10 
  -10    10    18    10   -10 
   10    10     0   -10   -10 
   10    10     0   -10   -10 
   34    34   -30    34    34 
   30    30     0   -30   -30 
   30    30     0   -30   -30 
   -2    -2    26    -2    -2 
   -2    -2    26    -2    -2 
   10    10     0   -10   -10 
   10    10     0   -10   -10 
   22    22    18    22    22 
   22    22    18    22    22 
   14   -14    10   -14    14 
  -14    14    10    14   -14 
  -14    14     0   -14    14 
   14   -14     0    14   -14 
  -26    26   -14    26   -26 
   26   -26   -14   -26    26 
   -2    -2     0     2     2 
   -2    -2     0     2     2 
  -18    18   -38    18   -18 
   18   -18   -38   -18    18 
   26    26    -6    26    26 
   26    26    -6    26    26 
   22   -22   -30   -22    22 
  -22    22   -30    22   -22 
    6     6    34     6     6 
    6     6    34     6     6 
   14   -14     0    14   -14 
  -14    14     0   -14    14 
   10    10    42    10    10 
   10    10    42    10    10 
    2    -2     0     2    -2 
   -2     2     0    -2     2 
   18   -18     0    18   -18 
  -18    18     0   -18    18 
  -34   -34     0    34    34 
  -34   -34     0    34    34 
  -34   -34     0    34    34 
  -34   -34     0    34    34 
  -14   -14   -46   -14   -14 
    2    -2    42    -2     2 
   -2     2    42     2    -2 
  -38   -38     0    38    38 
  -38   -38     0    38    38 
  -22   -22     0    22    22 
  -22   -22     0    22    22 
    6     6     2     6     6 
    6     6     2     6     6 
   10    10    10    10    10 
   10    10    10    10    10 
   14   -14     0    14   -14 
  -14    14     0   -14    14 
    6    -6    34    -6     6 
   -6     6    34     6    -6 
   10    10     0   -10   -10 
   10    10     0   -10   -10 
   30   -30     0    30   -30 
  -30    30     0   -30    30 
   26    26     0   -26   -26 
   26    26     0   -26   -26 
  -10    10    50    10   -10 
   10   -10    50   -10    10 
  -10   -10   -46   -10   -10 
  -10   -10   -46   -10   -10 
   26    26     0   -26   -26 
   26    26     0   -26   -26 
  -38    38   -30    38   -38 
   38   -38   -30   -38    38 
   34   -34     0    34   -34 
  -34    34     0   -34    34 
   46   -46   -54   -46    46 
  -46    46   -54    46   -46 
  -34   -34     0    34    34 
  -34   -34     0    34    34 
   34   -34     0    34   -34 
  -34    34     0   -34    34 
  -38    38    18    38   -38 
   38   -38    18   -38    38 
  -46   -46    50   -46   -46 
  -46   -46    50   -46   -46 
  -38   -38     0    38    38 
  -38   -38     0    38    38 
   30    30     0   -30   -30 
   30    30     0   -30   -30 
    2    -2     0     2    -2 
   -2     2     0    -2     2 
  -18    18   -54    18   -18 
   18   -18   -54   -18    18 
  -50   -50    42   -50   -50 
  -26    26   -46    26   -26 
   26   -26   -46   -26    26 
   -2    -2     0     2     2 
   -2    -2     0     2     2 
   -2     2    58     2    -2 
    2    -2    58    -2     2 
   -6    -6     0     6     6 
   -6    -6     0     6     6 
   -2    -2     0     2     2 
   -2    -2     0     2     2 
  -30    30     0   -30    30 
   30   -30     0    30   -30 
   30    30   -38    30    30 
   30    30   -38    30    30 
   50   -50     0    50   -50 
  -50    50     0   -50    50 
  -18    18     0   -18    18 
   18   -18     0    18   -18 
  -38    38   -62    38   -38 
   38   -38   -62   -38    38 
    6     6   -30     6     6 
    6     6   -30     6     6 
    2    -2   -22    -2     2 
   -2     2   -22     2    -2 
  -34   -34    -6   -34   -34 
  -34   -34    -6   -34   -34 
   62   -62     0    62   -62 
  -62    62     0   -62    62 
  -22   -22     0    22    22 
  -22   -22     0    22    22 
  -30    30     0   -30    30 
   30   -30     0    30   -30 
   14   -14    26   -14    14 
  -14    14    26    14   -14 
    2    -2     0     2    -2 
   -2     2     0    -2     2 
  -58    58    66    58   -58 
   58   -58    66   -58    58 
   34   -34    42   -34    34 
  -34    34    42    34   -34 
   -2    -2     0     2     2 
   -2    -2     0     2     2 
   46    46   -54    46    46 
   46    46   -54    46    46 
  -30   -30    66   -30   -30 
  -30   -30    66   -30   -30 
  -66   -66     0    66    66 
  -66   -66     0    66    66 
  -10   -10    50   -10   -10 
  -10   -10    50   -10   -10 
  -34    34   -54    34   -34 
   34   -34   -54   -34    34 
   46   -46     0    46   -46 
