3 2
25
   -1    -1    -1 
    0     0     0 
    6     6     2 
    1     1     1 
    3 1     5 0     5 0 
   48    12   108 
   10 92    29 -104    29 -104 
    1 0     1 0     1 0 
  -63 378   294 -462   294 -462 
    3 1     3 2     3 2 
    4     1     1 

    1    -1    -1 
    1    -1    -1 
   -1    -1     1 
   -1    -1     1 

    0     0     0 
   -1    -1     3 
   -1     1     1 
    1     1    -1 
    0    -4     0 
   -1    -1    -7 
   -6     2    -2 
    2     2    -6 
    4    -4     4 
    1     1    -1 
    4    -4    -8 
   10     2   -10 
   -5     5     3 
    1    -7    -7 
    0    -4     4 
   -5     5    13 
   -8     8    -4 
  -11    11   -11 
  -11   -13    -3 
  -13     5    -3 
    6   -10   -14 
   -6    14    10 
    0     8     8 
    0   -16   -12 
    2     2    -6 
