3 2
25
   -1    -1    -1 
    0     0     0 
    6     6     2 
    1     1     1 
    1 3     5 0     5 0 
   48    12   108 
   10 -102    50 43    50 43 
    1 0     1 0     1 0 
  315 -378    63 315    63 315 
    1 3     3 2     3 2 
   -4    -1    -1 

    1    -1    -1 
   -1    -1     1 
    1    -1    -1 
   -1    -1     1 

    0     0     0 
   -1    -1     3 
    1     1    -1 
   -1     1     1 
   -1    -1    -7 
    0    -4     0 
    2     2    -6 
   -6     2    -2 
    4    -4     4 
    4    -4    -8 
    1     1    -1 
   -5     5     3 
   10     2   -10 
    0    -4     4 
    1    -7    -7 
   -8     8    -4 
   -5     5    13 
  -11   -13    -3 
  -11    11   -11 
    6   -10   -14 
  -13     5    -3 
    0     8     8 
   -6    14    10 
    2     2    -6 
    0   -16   -12 
