2 2
25
    1    -1 
  -72     0 
    6     5 
    1     1 
    1 0     5 0 
  -72    72 
  -28 114    23 57 
    0 -1     0 1 
 -171 -57   399 -114 
    2 0     5 0 
  -24    -4 

    1    -1 
   -1    -1 
   -1    -1 
   -1    -1 

    0     0 
   -1     0 
    2    -3 
    2     1 
    1     1 
    2    -2 
    1     1 
    1     1 
    2    -3 
    8    -2 
   -4     6 
  -10     4 
   -4     4 
   -4    -9 
    8     7 
   -4     5 
    8     5 
   14   -12 
    8     8 
   14     1 
    2    -3 
  -16     0 
    8     4 
    8   -18 
    2     2 
