1 0
200
   -1 
    0 
    4 
    1 
    1 3 
  120 
  -69 -46 
    1 0 
   68 -391 
    1 3 
   10 

   -1 
   -1 

    0 
    0 
    4 
   -2 
    1 
    7 
   -1 
   -1 
   -3 
   -8 
   -8 
    4 
    4 
   -5 
   -5 
    8 
   -4 
   -8 
   -8 
  -12 
  -12 
   -6 
  -12 
    2 
  -10 
   -1 
  -13 
   12 
   -6 
    5 
    5 
   -7 
   16 
  -14 
  -16 
    1 
    1 
    7 
   24 
   24 
   16 
   16 
   14 
  -16 
  -20 
   16 
  -10 
   -4 
   21 
   21 
   -6 
    6 
  -30 
   24 
  -31 
   -1 
   -4 
   26 
    2 
   20 
    1 
  -12 
   12 
  -16 
  -16 
   31 
  -29 
   22 
  -14 
   15 
   -9 
    4 
  -32 
    6 
   -6 
   -8 
   22 
    0 
   24 
  -19 
  -25 
  -35 
    7 
  -19 
   -1 
   -2 
  -32 
   -3 
  -15 
   20 
   20 
  -34 
  -10 
   -4 
  -10 
  -36 
   24 
   -9 
   36 
   42 
   22 
  -26 
   -2 
   22 
   25 
   25 
   -2 
   -8 
    2 
   38 
  -11 
    1 
  -36 
  -12 
   -5 
  -23 
  -10 
   26 
  -31 
  -13 
   44 
    8 
  -26 
   28 
  -40 
   26 
   40 
   16 
   22 
   34 
   -5 
   37 
  -10 
    8 
  -47 
   13 
  -41 
  -23 
   40 
  -20 
  -32 
   46 
   -4 
    2 
    2 
   50 
   50 
  -10 
   -4 
    4 
  -20 
  -36 
   12 
  -39 
  -51 
  -40 
   38 
  -33 
   45 
  -26 
   -2 
   45 
   27 
  -12 
  -36 
   16 
  -38 
   34 
   16 
   -7 
  -49 
   31 
   31 
   -5 
  -23 
   38 
   26 
   33 
   63 
   19 
    1 
   15 
  -51 
    2 
  -46 
  -32 
   22 
   33 
   15 
   40 
   64 
  -58 
   -4 
   25 
  -53 
  -50 
  -44 
  -28 
   44 
  -30 
