5 0
25
   -1     1    -1    -1     1 
    0    48     0     0    48 
    6     4    10     8     4 
    1     1     1     1     1 
    4 5     1 0     4 5     4 5     1 0 
   96    48    24   144    48 
   95 -98   -81 77    95 -98    95 -98   -81 77 
    1 0     1 0     1 0     1 0     1 0 
  480 -300  -240 150   480 -300   480 -300  -240 150 
    3 2     2 1     3 2     3 2     2 1 
   -2     8    -2    -8     8 

    1    -1     1    -1    -1 
    1     1    -1    -1    -1 
    1    -1    -1     1    -1 
    1    -1     1     1     1 

    0     0     0     0     0 
   -1    -1     1     1     1 
    2     4    -2     0     4 
    0     0     0     0     0 
   -3     2    -3    -3     0 
   -1    -2     1    -1     4 
    1     4    -1     7     8 
   -2    -4    -2    -6     4 
   -1     1    -1    -1    -1 
    1     8     1    -7    -8 
    2    -8    -2     4    -8 
   -2    -2     2   -10    -4 
    2    -2    -2     0     4 
   -7     4     7   -11    10 
    2     4    -2     6    -2 
    1   -10     1    -5    10 
   -9    10     9    13    -6 
   -3    -4    -3     1    -6 
   -8    -4    -8     2    -2 
    1     2     1    -1    10 
   -6    -2     6    -2     6 
  -11     8   -11   -11    -8 
   -2     8    -2   -14    -8 
    2     2     2   -14   -10 
    3    -2    -3   -19    -6 
