2 0
25
   -1    -1 
    0     0 
    5     5 
    1     1 
    5 0     5 0 
 1440  1440 
 -155 180  -155 180 
    2 0     2 0 
 -413 295  -413 295 
    3 2     3 2 
  360  -120 

   -1     1 
   -1     1 

   -1    -1 
   -3    -1 
    1     1 
   -3     3 
   -4    -4 
    1    -1 
   -1     1 
    7     7 
   -1    -3 
   -8     4 
    0     6 
   -8    -2 
    6    -8 
    6    10 
   -2   -10 
    8   -10 
    2    -6 
   12     2 
    2     0 
   -2    -4 
   -6   -10 
  -13    -1 
   -1    11 
   -4   -18 
   16     2 
