3 0
25
    1    -1    -1 
 -120     0     0 
   10    12     6 
    1     1     1 
    1 0     1 3     1 3 
 -120    12    12 
   49 -93   118 -51   118 -51 
    1 0     1 0     1 0 
  190 -230   270 150   270 150 
    2 1     1 3     1 3 
  -20    -1    -1 

   -1    -1    -1 
    1    -1    -1 
   -1     1    -1 
   -1     1    -1 

    1     1     1 
   -1     1     1 
   -2    -4     2 
    3     1    -1 
    4     6    -4 
   -1    -1    -1 
    5    -5    -7 
    5    -7    -7 
    1    -1     1 
   -3    -7     5 
    7    -7    -1 
   -2     4     2 
   -2    -2   -10 
   -1    11    -1 
    4    -4    -4 
  -13   -15    -1 
   12     0     8 
   -2     4    14 
   13     7     5 
    4    16   -16 
   -1    -7    11 
   10    -8    14 
   -5   -11   -13 
  -12    -2   -16 
   -2    -8   -10 
