3 0
200
    1    -1    -1 
  -60     0     0 
    5     9     7 
    1     1     1 
    1 0     3 1     3 1 
  -60    12    12 
  -71 87   118 -67   118 -67 
    1 0     1 0     1 0 
 -230 190   420 -150   420 -150 
    2 1     3 1     3 1 
  -10    -1    -1 
    0     0     0 
    0     0     0 

   -1    -1    -1 
    1    -1    -1 
   -1    -1     1 
   -1    -1     1 

    1     1     1 
   -1     1     1 
    3    -1     1 
   -2     2    -4 
   -1    -1    -1 
    4    -4     6 
    5    -7    -7 
    5    -7    -5 
    1     1    -1 
    7    -1    -7 
   -3     5    -7 
   -2   -10    -2 
   -2     2     4 
    4    -4    -4 
   -1    -1    11 
   12     8     0 
  -13    -1   -15 
   13     5     7 
   -2    14     4 
   -1    11    -7 
    4   -16    16 
   -5   -13   -11 
   10    14    -8 
   -2   -10    -8 
  -12   -16    -2 
    9     5    13 
    4    -4    -4 
  -10     2     0 
  -15     5   -19 
   -8    -4     2 
    3    -1    -7 
    3    -1   -13 
  -10     2    -8 
    0     8   -18 
    2   -10    18 
    1     1    -1 
   23    -1    13 
    8    20   -18 
    4    -4     4 
  -16   -16    10 
    2   -10    18 
  -13   -25     7 
   24    -4   -18 
    4    -4    26 
    0   -28   -10 
    5     5    -7 
   12    20    -8 
   12   -16   -24 
    9   -19    -5 
   24     8   -16 
  -10   -10    22 
  -20     8   -12 
  -13    11   -19 
  -18    14    22 
    2     2    20 
   -8   -16    20 
  -22   -22   -26 
  -12     8    16 
   14     2   -18 
  -31    -7   -11 
   20   -16     8 
   -2     2    14 
  -22     2    -4 
    9     5    17 
  -26   -10     6 
    7    11    35 
   17    29    35 
  -22   -10    12 
   18     2    34 
  -20   -28   -10 
   10   -22   -20 
    8     8   -18 
   13    17     5 
   14   -22    14 
  -31    17   -13 
   25   -19   -29 
   20    -4     2 
   18     2   -18 
   -2    14     2 
  -25    -1   -31 
   10   -10   -30 
  -28   -16    10 
   22   -10    -6 
    9     5    -7 
   -6    14    -8 
   35    35   -29 
   20   -28     4 
  -12    32    28 
  -32   -28   -22 
  -26    26    16 
   -6    14    30 
   43    -1    35 
  -37    23     9 
   20    -4   -36 
  -10    14     2 
   34   -34   -10 
  -11    29   -23 
   -5    35     3 
   32    -4   -40 
   42     2    26 
  -17    -1     1 
   33    17   -11 
   22   -22   -12 
  -28    44    18 
   18    38   -20 
   38   -34   -16 
   22   -10   -10 
  -13    35   -17 
  -32   -16   -22 
   -7    29    -7 
  -31    -7   -41 
  -11    29   -29 
   10    26    -8 
   35    -1   -25 
   27    35   -15 
   42   -10    30 
  -31   -31   -21 
    9    41     5 
    7   -13    25 
   -8    32    24 
   14   -34    34 
   19    -1   -21 
   -8     8     4 
   47   -37    -7 
   15    11    -5 
  -10   -10    26 
   28   -28    12 
  -52   -28    16 
  -46   -46     2 
   -6     2    20 
  -40    32     4 
   30   -10    32 
  -23    41     7 
   42   -10   -50 
   28    20    36 
  -12    20    34 
    0    20   -40 
   10    50    26 
  -37   -13   -17 
  -47   -31     3 
  -18    38    12 
  -23   -19   -23 
  -16     8   -14 
  -16    44    46 
  -10   -10   -38 
  -20    -4    30 
   42   -22    14 
   19    35    49 
   29   -19   -41 
    0   -28   -12 
   40   -16   -20 
  -22   -22    18 
   18    14   -16 
   19   -37   -13 
    9    41    27 
  -12    44    -8 
    3   -37    17 
   -5    11    15 
    0   -52    46 
   23    35   -45 
    3   -25   -17 
  -52    32    -6 
  -57    59   -25 
  -48    20     8 
    2   -34   -48 
   38   -10    14 
  -22   -46    42 
  -30   -34    38 
  -40    20   -16 
  -13    23    13 
  -58    50    28 
  -46   -22    56 
    4   -40    52 
    0   -16    48 
   20   -40     6 
   22   -34   -54 
   -8     8    22 
   34   -46   -46 
   -1    11    47 
   15    11     5 
  -20   -28    58 
  -12    -4    16 
  -22   -10   -16 
  -21    59    31 
   29     5     5 
    8    20    20 
   43    11     3 
   54   -22    14 
   44    44    -4 
   55    23    29 
   25    41   -33 
    9     5   -21 
  -16   -28    34 
   12   -52    28 
  -43   -55   -51 
   32    20   -30 
  -48    32     6 
  -46    26    12 
   44    56    10 
   -8    44    26 
