1 0
200
   -1 
    0 
    6 
    1 
    3 1 
   24 
  136 -55 
    1 0 
  462 -84 
    3 1 
   -2 
    0 
    0 

   -1 
    1 
    1 
   -1 

    0 
   -1 
   -1 
   -1 
    6 
    2 
   -4 
   -4 
   10 
   -4 
    0 
   -6 
   -2 
    4 
   -4 
   -2 
  -14 
  -12 
    8 
  -14 
   10 
   -4 
   -4 
    2 
  -10 
    1 
    4 
   -2 
   10 
  -14 
    8 
    4 
    8 
   12 
  -16 
  -16 
   -2 
    6 
    0 
   16 
  -10 
   -6 
    2 
  -10 
  -16 
    8 
  -20 
   20 
    8 
   16 
  -10 
    6 
   22 
    2 
  -24 
   -8 
   22 
  -10 
   -8 
   12 
    2 
  -28 
  -28 
  -18 
  -14 
  -12 
  -12 
   10 
    2 
  -34 
   26 
    0 
   -4 
  -10 
  -26 
   20 
   -4 
  -34 
   18 
   26 
   10 
  -18 
   38 
  -30 
  -14 
  -28 
  -24 
   34 
   -2 
  -24 
    4 
   -8 
  -40 
   -4 
   -4 
   20 
  -16 
  -34 
  -18 
   30 
  -12 
  -28 
   20 
   12 
   18 
  -34 
  -38 
   26 
  -24 
  -12 
   22 
  -26 
  -12 
    4 
    0 
  -16 
  -48 
   36 
  -34 
  -18 
   -2 
   14 
  -48 
   28 
   22 
   14 
   24 
   32 
   26 
   46 
    8 
   24 
  -32 
  -24 
  -34 
   -2 
  -30 
   54 
  -44 
   -4 
  -28 
  -28 
  -28 
   16 
   -2 
  -30 
   38 
   10 
  -42 
   32 
   36 
   46 
   46 
   44 
   28 
   12 
  -36 
   40 
  -40 
   -6 
   18 
  -12 
  -16 
   -8 
  -32 
   22 
  -54 
  -22 
  -62 
   30 
   10 
   -6 
   34 
  -20 
  -16 
   20 
   40 
   44 
  -48 
  -10 
  -42 
   64 
  -52 
   38 
   54 
   26 
  -42 
  -20 
    4 
   50 
   10 
   62 
   34 
  -60 
  -52 
  -38 
   58 
  -10 
   46 
  -24 
