1 0
200
    1 
    0 
    7 
    1 
    3 1 
   48 
   57 5 
    1 0 
  165 77 
    3 1 
    4 

   -1 
    1 

   -3 
   -1 
    1 
   -1 
   -7 
    2 
   -5 
   -2 
   -3 
   -5 
   -3 
   -8 
   -8 
  -11 
    1 
   -6 
   10 
   -5 
    2 
    2 
    7 
    0 
   -4 
   -7 
   -7 
   14 
  -19 
   -4 
   -6 
    1 
    5 
  -12 
   20 
   -5 
   24 
   -4 
   16 
   10 
    1 
  -20 
    2 
   10 
    0 
  -20 
   20 
  -19 
  -10 
    9 
   12 
   -4 
   25 
  -16 
   -8 
   -2 
    7 
    0 
    0 
   10 
  -20 
   -6 
    2 
    4 
   -3 
   -4 
  -14 
  -24 
  -12 
  -13 
  -14 
  -37 
   14 
  -36 
  -10 
   -3 
   24 
   20 
   -1 
   30 
  -22 
  -14 
   -6 
  -37 
  -10 
   18 
  -31 
  -22 
   26 
  -22 
  -26 
   25 
   34 
   42 
   26 
   -7 
  -36 
  -35 
   -6 
   12 
   10 
    1 
  -19 
   37 
   29 
  -44 
   34 
   26 
   25 
  -17 
    4 
  -40 
   -6 
  -45 
  -11 
   41 
  -47 
  -23 
    0 
   -3 
   27 
   20 
   26 
  -16 
   28 
   16 
  -28 
   43 
    1 
  -40 
   30 
  -41 
   28 
  -20 
   32 
  -11 
   42 
  -30 
   11 
  -30 
   49 
   12 
   56 
  -12 
  -15 
  -52 
  -36 
  -47 
  -22 
   -6 
   32 
  -37 
  -40 
   -9 
  -57 
    0 
  -21 
  -15 
  -34 
   -5 
   16 
  -10 
  -47 
  -31 
   29 
   52 
  -30 
  -52 
   40 
  -49 
  -50 
   -4 
   58 
   10 
   14 
   44 
   16 
   28 
   37 
  -20 
  -14 
    6 
   24 
    0 
  -22 
   12 
  -36 
   34 
   10 
   61 
  -37 
  -17 
   37 
  -12 
   10 
  -25 
   44 
    7 
  -43 
   27 
   66 
   37 
