1 14
200
    1 
    0 
    4 
    1 
    3 4 
  576 
  -45 -68 
    1 0 
    0 -430 
    3 2 
  -12 
    1 
    0 

   -1 
    1 
    1 

    0 
   -4 
   -2 
   -2 
   -1 
   -1 
   -2 
   -2 
    1 
    3 
    3 
   -8 
   -8 
   -1 
   -1 
   -4 
   -4 
   -3 
   -3 
   -8 
   -8 
    0 
    0 
  -17 
  -17 
  -15 
  -15 
  -13 
  -13 
  -21 
   17 
   17 
    3 
    3 
   -6 
   -6 
   14 
   14 
    4 
    4 
   -2 
   -2 
  -17 
  -17 
   14 
   14 
   10 
   10 
   26 
   26 
   13 
   13 
   -8 
   -8 
  -25 
  -25 
    2 
    2 
    5 
    5 
  -25 
   13 
   13 
   -8 
   -8 
    0 
    0 
  -27 
  -27 
   16 
   16 
   16 
   16 
   12 
   12 
  -29 
  -29 
  -14 
  -14 
    6 
    6 
   30 
   30 
   22 
   22 
  -15 
  -15 
    0 
    0 
  -26 
  -26 
  -12 
  -12 
  -14 
  -14 
   34 
   34 
  -45 
   37 
   37 
   27 
   27 
  -32 
  -32 
  -30 
  -30 
    0 
    0 
   24 
   24 
  -26 
  -26 
  -28 
  -28 
  -30 
  -30 
  -12 
  -12 
   -1 
   -1 
   28 
   28 
  -38 
  -38 
  -25 
  -25 
   36 
   36 
   16 
   16 
   22 
   22 
   28 
   28 
   20 
   20 
   22 
   22 
  -28 
  -28 
   24 
   24 
  -29 
  -29 
  -32 
  -32 
  -42 
    7 
    7 
   20 
   20 
    1 
    1 
    3 
    3 
    7 
    7 
   -5 
   -5 
  -14 
  -14 
  -15 
  -15 
  -20 
  -20 
    2 
    2 
  -22 
  -22 
  -62 
  -62 
   41 
   41 
   10 
   10 
  -52 
  -52 
  -56 
  -56 
   44 
   44 
    2 
    2 
  -52 
  -52 
  -22 
  -22 
  -42 
  -42 
  -54 
  -54 
    1 
    1 
   60 
   60 
    5 
    5 
   53 
   53 
  -34 
