1 11
200
    1 
    0 
    6 
    1 
    3 1 
   24 
  -50 67 
    1 0 
 -218 218 
    3 1 
   -2 

   -1 
   -1 
   -1 

   -2 
    1 
   -4 
   -4 
   -4 
   -4 
    5 
    5 
   -1 
   -4 
   -4 
   -4 
   -4 
  -10 
  -10 
   -7 
   -7 
   -4 
   -4 
   -1 
   -1 
  -16 
  -16 
  -19 
  -19 
   17 
   17 
    1 
    1 
  -13 
   -7 
   -7 
  -16 
  -16 
    5 
    5 
   23 
   23 
    5 
    5 
   14 
   14 
   -1 
   -1 
   20 
   20 
  -22 
  -22 
    8 
    8 
   14 
   14 
   -4 
   -4 
  -13 
  -13 
  -28 
  -28 
  -13 
  -13 
    2 
    2 
    2 
   -4 
   -4 
   20 
   20 
    2 
    2 
    5 
    5 
    8 
    8 
  -13 
  -13 
  -13 
  -13 
  -34 
  -34 
   17 
   17 
  -13 
  -13 
  -34 
  -34 
   26 
   26 
   17 
   17 
  -10 
  -10 
   23 
   23 
   -4 
   -4 
    2 
    2 
  -37 
    5 
    5 
  -13 
  -13 
  -16 
  -16 
   -4 
   -4 
  -28 
  -28 
  -13 
  -13 
   14 
   14 
   14 
   14 
    5 
    5 
   41 
   41 
   38 
   38 
   -4 
   -4 
   17 
   17 
  -28 
  -28 
  -28 
  -28 
  -22 
  -22 
   20 
   20 
   26 
   26 
  -16 
  -16 
   20 
   20 
   11 
   11 
   56 
   56 
  -34 
  -34 
   53 
   53 
  -49 
   56 
   56 
  -13 
  -13 
  -46 
  -46 
  -19 
  -19 
    2 
    2 
   11 
   11 
   38 
   38 
   23 
   23 
  -55 
  -55 
   26 
   26 
   14 
   14 
  -22 
  -22 
   14 
   14 
  -37 
  -37 
   -1 
   -1 
  -46 
  -46 
  -55 
  -55 
   38 
   38 
   41 
   41 
  -37 
  -37 
  -25 
  -25 
  -40 
  -40 
   -7 
   -7 
   20 
   20 
   -4 
   -4 
   44 
   44 
  -13 
