1 5
200
    1 
  -36 
    6 
    1 
    1 0 
  -36 
 -107 139 
    0 -1 
   76 -247 
    1 1 
  -18 

    1 
    1 
   -1 

   -2 
    3 
    0 
   -1 
   -4 
   -2 
    0 
    1 
    2 
    4 
   -4 
   -2 
    4 
   -4 
    4 
    6 
   10 
   -8 
   -4 
   10 
    6 
   -2 
  -10 
   18 
    0 
  -14 
   -2 
   -4 
   10 
   14 
   16 
   16 
   16 
   -4 
  -10 
   22 
   -2 
   18 
   20 
    4 
   14 
  -16 
    4 
   18 
  -16 
  -20 
  -12 
    8 
  -22 
  -10 
   -6 
  -10 
   12 
   14 
    4 
   -8 
  -10 
   10 
   20 
  -20 
   14 
   10 
   26 
   22 
  -14 
   14 
   -6 
  -32 
   18 
   34 
   30 
   24 
   28 
  -26 
  -32 
  -10 
  -14 
   18 
   14 
    0 
   30 
  -18 
  -12 
   14 
  -12 
  -14 
   14 
   10 
   42 
  -20 
   24 
  -12 
   12 
  -20 
   32 
   -4 
  -24 
   30 
   18 
   10 
   -2 
   26 
   12 
   28 
   42 
  -18 
   12 
  -34 
   16 
   48 
  -38 
   26 
   20 
  -24 
    0 
   40 
   -8 
   36 
   42 
  -24 
   12 
   26 
  -20 
  -20 
   -6 
  -46 
   -4 
   40 
  -26 
   34 
    4 
  -24 
   34 
   10 
  -22 
  -30 
   34 
  -26 
  -32 
   12 
   10 
  -14 
  -24 
  -32 
  -46 
  -28 
  -34 
  -22 
   34 
   20 
   -4 
   40 
   30 
    8 
  -36 
  -48 
   12 
  -32 
  -44 
  -22 
    6 
  -28 
  -32 
  -44 
   20 
   10 
   46 
  -38 
   20 
   18 
  -40 
  -10 
    6 
  -32 
  -32 
  -20 
  -12 
   32 
  -40 
   46 
  -34 
   -8 
   56 
   44 
   22 
   -8 
   38 
   28 
   16 
  -46 
  -20 
   50 
  -36 
  -10 
  -38 
   30 
   18 
  -46 
   34 
  -28 
