9 0
200
   -1     1    -1    -1    -1    -1    -1    -1     1 
    0   108     0     0     0     0     0     0    60 
    9     9     7     5    11     9     7     7     5 
    1     1     3     1     1     1     1     1     1 
    3 1     1 0     3 1     3 1     3 1     3 1     3 1     3 1     1 0 
   12   108    36    12    36    60    36    60    60 
  100 11   -75 -14   100 11   100 11   100 11   100 11   100 11   100 11   -75 -14 
    1 0     1 0     1 0     1 0     1 0     1 0     1 0     1 0     1 0 
  288 144   -48 -192   288 144   288 144   288 144   288 144   288 144   288 144   -48 -192 
    3 1     1 2     3 1     3 1     3 1     3 1     3 1     3 1     1 2 
    1    18     3     1     3    -5     3    -5    10 
    0     0     0     0     0     0     0     0     0 
    0     0     0     0     0     0     0     0     0 

   -1     1     1     1    -1     1     1    -1     1 
   -1    -1     1     1     1    -1    -1     1     1 
    1     1     1     1    -1    -1    -1    -1    -1 

    0     0     0     0     0     0     0     0     0 
    0     0     0     0     0     0     0     0     0 
   -1    -1    -1    -1     1     1     1     1     1 
   -1    -1     1     3    -3    -1     1     1     3 
   -5     1     5    -7    -7    -1    -5     1     7 
    4     0    -4     0     0     0     4     0     0 
    7     5     7     1    -1    -5    -7    -5    -1 
    2     6    -2    -2     2     6    -2    -6    -2 
    1    -3    -1     1     1     3     1    -3    -1 
   -5     7    -5    -9     9    -7     5    -7     9 
   -4     0     4     0     0     0     4     0     0 
   -7     7    -7    11    11     7    -7     7    11 
   -7    -9    -7     3     3    -9    -7    -9     3 
    8    -8    -8     0     0    -8    -8     8     0 
   -8     4    -8    -4     4    -4     8    -4     4 
  -10     2   -10     2     2     2   -10     2     2 
  -10    10   -10   -14   -14    10   -10    10   -14 
    5   -13    -5     3    -3   -13    -5    13     3 
   -5     9    -5    13   -13    -9     5    -9   -13 
   16     4   -16   -12   -12    -4    16     4    12 
   -2     6     2   -10   -10    -6    -2     6    10 
   10    10    10    10   -10   -10   -10   -10   -10 
    8     0    -8    -8     8     0    -8     0    -8 
   -8    -4     8     4     4     4    -8    -4    -4 
  -17   -13    17    -9    -9    13   -17   -13     9 
   -4    -8     4   -16    16    -8     4     8   -16 
   -5    -1    -5     7    -7     1     5     1    -7 
   -2    -6     2    10    10     6    -2    -6   -10 
    7     5    -7   -11   -11    -5     7     5    11 
   14    -6    14   -14   -14    -6    14    -6   -14 
   -2    14    -2     6    -6   -14     2   -14    -6 
    2     2    -2     2    -2     2    -2    -2     2 
    4     0     4   -16    16     0    -4     0    16 
    5    19    -5    -5     5    19    -5   -19    -5 
  -17     3   -17    -5     5    -3    17    -3     5 
    8    24    -8     0     0    24    -8   -24     0 
  -22   -10   -22    22    22   -10   -22   -10    22 
   14   -14    14   -14   -14   -14    14   -14   -14 
   16    -8    16    16   -16     8   -16     8   -16 
   11     5   -11   -19    19     5   -11    -5   -19 
   -2   -14     2   -14   -14    14    -2   -14    14 
   -2    14     2   -10   -10   -14    -2    14    10 
   -4    24    -4   -24   -24    24    -4    24   -24 
   -4     4    -4     4     4     4    -4     4     4 
   -2    26    -2    18   -18   -26     2   -26   -18 
  -16    -8    16   -16    16    -8    16     8   -16 
  -14   -10   -14    -2     2    10    14    10     2 
   -4    -8     4    24   -24    -8     4     8    24 
   -8    -4    -8     4    -4     4     8     4    -4 
  -19     5    19    17   -17     5    19    -5    17 
  -14   -26    14    22    22    26   -14   -26   -22 
  -23    11    23    -5    -5   -11   -23    11     5 
  -17    19    17    -1    -1   -19   -17    19     1 
  -26    30    26    -2    -2   -30   -26    30     2 
   20    -4   -20    12   -12    -4   -20     4    12 
  -29    31   -29   -25    25   -31    29   -31    25 
   10   -26   -10    14    14    26    10   -26   -14 
   -8     8     8   -24   -24    -8    -8     8    24 
   -4   -24     4   -16    16   -24     4    24   -16 
   13    31    13   -13    13   -31   -13   -31    13 
    7    -5    -7   -25   -25     5     7    -5    25 
  -11    23   -11   -13    13   -23    11   -23    13 
  -16     8    16    -8     8     8    16    -8    -8 
   17    -7    17   -31   -31    -7    17    -7   -31 
    8     0     8     8     8     0     8     0     8 
   -8   -16    -8    24   -24    16     8    16   -24 
  -10    30    10     6    -6    30    10   -30     6 
  -14   -18    14   -26   -26    18   -14   -18    26 
   22    14   -22    14    14   -14    22    14   -14 
   -1     1    -1   -35   -35     1    -1     1   -35 
  -10    22   -10    14    14    22   -10    22    14 
   28   -28    28    20   -20    28   -28    28   -20 
    8    16    -8    -8     8    16    -8   -16    -8 
   14   -22    14   -14   -14   -22    14   -22   -14 
   14    10    14   -14   -14    10    14    10   -14 
   38    14   -38    -2     2    14   -38   -14    -2 
   16    28    16   -20    20   -28   -16   -28    20 
   -7     7    -7   -13   -13     7    -7     7   -13 
  -16     8   -16     8     8     8   -16     8     8 
    4   -32    -4   -16   -16    32     4   -32    16 
   -5    23     5    11    11   -23    -5    23   -11 
   10    30   -10    -2    -2   -30    10    30     2 
   -8   -16     8   -24   -24    16    -8   -16    24 
  -34    -2   -34    -2    -2    -2   -34    -2    -2 
  -34    10   -34    10    10    10   -34    10    10 
  -19    29    19    33   -33    29    19   -29    33 
   -8   -16    -8    24   -24    16     8    16   -24 
   28    28   -28    20    20   -28    28    28   -20 
   -8    24     8   -32   -32   -24    -8    24    32 
   14     6   -14   -26    26     6   -14    -6   -26 
   22   -10    22    22   -22    10   -22    10   -22 
   11    27   -11   -25    25    27   -11   -27   -25 
   25     5    25   -19    19    -5   -25    -5    19 
   14    -2   -14    14   -14    -2   -14     2    14 
  -14   -14   -14   -30    30    14    14    14    30 
  -43   -29    43   -29    29   -29    43    29   -29 
  -20   -36   -20    -4     4    36    20    36     4 
  -10   -42   -10    -2    -2   -42   -10   -42    -2 
   16    40   -16   -16   -16   -40    16    40    16 
   16   -24   -16    24    24    24    16   -24   -24 
  -28    28    28    12   -12    28    28   -28    12 
  -35   -25   -35   -13    13    25    35    25    13 
   23   -23   -23    41   -41   -23   -23    23    41 
   -5   -31    -5     5    -5    31     5    31    -5 
   20   -12    20    28    28   -12    20   -12    28 
  -43   -35   -43   -19   -19   -35   -43   -35   -19 
  -10   -22   -10     2     2   -22   -10   -22     2 
   17    33    17   -23   -23    33    17    33   -23 
   22    10    22    34   -34   -10   -22   -10   -34 
  -40   -16    40   -24    24   -16    40    16   -24 
  -16   -32   -16     0     0   -32   -16   -32     0 
   20    20    20   -20   -20    20    20    20   -20 
  -28   -20    28    44   -44   -20    28    20    44 
   -8    44    -8    20   -20   -44     8   -44   -20 
  -20    48   -20     0     0   -48    20   -48     0 
   20   -20   -20    36   -36   -20   -20    20    36 
   -4   -16     4    40   -40   -16     4    16    40 
    4    36     4    -4     4   -36    -4   -36     4 
  -13    29   -13    17    17    29   -13    29    17 
   14     6    14   -10   -10     6    14     6   -10 
  -46    18   -46    10    10    18   -46    18    10 
   26   -34    26   -50   -50   -34    26   -34   -50 
   10   -14    10    10   -10    14   -10    14   -10 
  -28   -36    28    44   -44   -36    28    36    44 
   19    17   -19    17    17   -17    19    17   -17 
    1    35    -1    35    35   -35     1    35   -35 
   26    14   -26    30   -30    14   -26   -14    30 
   28    36    28   -28    28   -36   -28   -36    28 
    4    28    -4    20    20   -28     4    28   -20 
   22     2   -22     2     2    -2    22     2    -2 
  -25    25    25    17   -17    25    25   -25    17 
   16    24    16   -32    32   -24   -16   -24    32 
  -23    13   -23    -3     3   -13    23   -13     3 
  -13   -37    13    31   -31   -37    13    37    31 
  -11    39    11    23    23   -39   -11    39   -23 
   43    33   -43    41    41   -33    43    33   -41 
  -40    -8   -40    -8    -8    -8   -40    -8    -8 
   23    -9    23    -1    -1    -9    23    -9    -1 
   40    -8    40    -8     8     8   -40     8     8 
  -40     8    40    40   -40     8    40    -8    40 
  -52   -36    52   -20    20   -36    52    36   -20 
   -2   -54    -2    26   -26    54     2    54   -26 
   14   -22   -14    34   -34   -22   -14    22    34 
  -32   -16   -32    56   -56    16    32    16   -56 
   -2    34     2    34    34   -34    -2    34   -34 
  -20   -16    20   -32   -32    16   -20   -16    32 
  -32    16    32   -16   -16   -16   -32    16    16 
    8    44     8    12    12    44     8    44    12 
   -1    49    -1    37    37    49    -1    49    37 
   50    42   -50   -38    38    42   -50   -42   -38 
  -41    13   -41   -31    31   -13    41   -13    31 
  -22     6   -22    38    38     6   -22     6    38 
  -40    36   -40   -28   -28    36   -40    36   -28 
   16    16    16   -24    24   -16   -16   -16    24 
   38    34   -38    18   -18    34   -38   -34    18 
   10    10    10    34   -34   -10   -10   -10   -34 
   44   -28   -44   -12    12   -28   -44    28   -12 
  -25    -1    25    43   -43    -1    25     1    43 
  -29    39   -29    15   -15   -39    29   -39   -15 
   56    40    56     8     8    40    56    40     8 
   29   -35    29     5     5   -35    29   -35     5 
   22   -10    22   -34    34    10   -22    10    34 
   -4    24     4   -32    32    24     4   -24   -32 
   47    47   -47    35   -35    47   -47   -47    35 
  -29   -25   -29    23   -23    25    29    25   -23 
   -1    17    -1   -27   -27    17    -1    17   -27 
  -28   -32   -28    32    32   -32   -28   -32    32 
   -2   -34     2   -18   -18    34    -2   -34    18 
  -29   -17    29    27    27    17   -29   -17   -27 
  -31    55   -31   -37   -37    55   -31    55   -37 
   -4   -28    -4    28    28   -28    -4   -28    28 
  -62   -14    62    18    18    14   -62   -14   -18 
    1   -11    -1   -23   -23    11     1   -11    23 
  -31   -39    31   -35    35   -39    31    39   -35 
  -32   -28   -32   -20    20    28    32    28    20 
   35    29   -35   -43    43    29   -35   -29   -43 
   -8   -48    -8    56   -56    48     8    48   -56 
  -20   -12   -20   -28    28    12    20    12    28 
  -34    42    34   -38    38    42    34   -42   -38 
   -1   -15    -1    29    29   -15    -1   -15    29 
  -10   -50   -10    22    22   -50   -10   -50    22 
   28    12    28    20   -20   -12   -28   -12   -20 
    8     8    -8   -32    32     8    -8    -8   -32 
  -14    -6    14     2     2     6   -14    -6    -2 
  -14   -10    14    22    22    10   -14   -10   -22 
  -38    46    38    -2    -2   -46   -38    46     2 
  -29    41    29   -47   -47   -41   -29    41    47 
  -19   -37    19    35   -35   -37    19    37    35 
  -44   -28   -44    12   -12    28    44    28   -12 
   31    59   -31    15    15   -59    31    59   -15 
  -50   -10    50   -10   -10    10   -50   -10    10 
   25   -27   -25    49    49    27    25   -27   -49 
  -20    20    20    20    20   -20   -20    20   -20 
   20    64   -20   -32    32    64   -20   -64   -32 
   34    34    34   -46    46   -34   -34   -34    46 
   14    34    14   -30   -30    34    14    34   -30 
   50   -14    50    -6    -6   -14    50   -14    -6 
  -26   -50    26    62    62    50   -26   -50   -62 
   64   -68   -64   -44   -44    68    64   -68    44 
   28     0    28    24   -24     0   -28     0   -24 
