2 0
25
    1     1 
 -360  -240 
    6     4 
    1     1 
    1 0     1 0 
 -360  -240 
   -5 130    -5 130 
    0 -1     0 -1 
 -119 -136  -119 -136 
    1 1     1 1 
 -180  -120 

    1     1 
   -1    -1 

   -2     0 
   -1     3 
    2    -4 
    2     4 
   -2     2 
    0     0 
    8    -4 
    0     4 
   -2     6 
    6     4 
   -2    -4 
   10     2 
   -6    -2 
    0     4 
    0     4 
   10    10 
    2    10 
   -4     4 
  -12    -4 
   10    -6 
    2     6 
   10   -12 
  -14   -12 
    2    -2 
    2     2 
