2 0
25
   -1     1 
    0 -1512 
    7     3 
    1     3 
    3 1     1 0 
  168 -1512 
  117 -20  -135 123 
    1 0     0 -1 
  370 37   148 -259 
    3 1     1 1 
   14  -756 

    1     1 
    1    -1 

   -3     1 
    0     4 
    1     1 
    1     1 
   -2    -4 
    2     4 
    0     2 
    0    -2 
    6    10 
    4     4 
   -4    -4 
    0     0 
   -1     1 
    2     8 
   -2    -8 
   -8     8 
    8    -8 
   -8     4 
   -8     4 
    1   -11 
    1   -11 
    4   -10 
   -4    10 
   -4    -8 
    4     8 
