7 2
25
   -1    -1    -1    -1     1     1     1 
    0     0     0     0  -720 -10800 -2400 
   10     8     8     6     6     6     4 
    1     1     1     1     1     1     1 
    3 4     8 1     8 1     4 5     1 0     1 0     1 0 
  960   960   960   480  -720 -10800 -2400 
 -205 82  -205 82  -205 82  -205 82    19 -93    19 -93    19 -93 
    2 0     2 0     2 0     2 0     1 0     1 0     1 0 
 -390 0  -390 0  -390 0  -390 0   130 -260   130 -260   130 -260 
    3 2     3 2     3 2     3 2     2 1     2 1     2 1 
   30    10    30    10  -120 -1800  -400 

    1     1     1     1    -1    -1    -1 
   -1    -1    -1    -1    -1    -1    -1 
    1     1    -1     1    -1    -1     1 
    1     1    -1     1    -1    -1     1 
   -1    -1    -1    -1    -1    -1    -1 

   -1    -1    -1    -1     1     1     1 
    1     1     1     1     1     1     1 
   -2     0     0     2     2     2     4 
   -2     0     0     2     2     2     4 
   -1    -1     1    -1     1     1    -1 
   -1    -1     1    -1     1     1    -1 
   -2     0     4    -6     2     2     4 
   -2     0     4    -6     2     2     4 
    1     1     1     1     1     1     1 
    4     0    -8     0    -4     8    -8 
    4     0    -8     0    -4     8    -8 
    6    -6   -10    -2     2     2     2 
    6    -6   -10    -2     2     2     2 
    4    -4     4    -4    -4    -4    12 
    4    -4     4    -4    -4    -4    12 
   -2     6    -2   -10   -10    14   -10 
   -2     6    -2   -10   -10    14   -10 
   -8     4   -12    12     8    -4    -4 
   -8     4   -12    12     8    -4    -4 
    0    -2     2    -8     8    -4    -6 
    0    -2     2    -8     8    -4    -6 
   -8     0   -16     8     8   -16    -8 
   -8     0   -16     8     8   -16    -8 
   -8    14    -6   -16     8    -4    -6 
   -8    14    -6   -16     8    -4    -6 
