2 0
25
    1     1 
   24   -36 
    4     3 
    1     1 
    1 0     1 0 
   24   -36 
   38 107    38 107 
    0 -1     0 -1 
 -182 -70  -182 -70 
    1 1     1 1 
   12   -18 

    1    -1 
    1    -1 
   -1     1 
    1    -1 

    0     1 
   -1     1 
   -1     1 
    0     0 
   -4    -1 
    4     5 
    1     2 
   -4    -4 
   -1    -7 
   -4     2 
   -8     5 
   -1     1 
    7     8 
    1   -10 
   -8     2 
   11     8 
    1     8 
    5     8 
   14     8 
  -16     2 
  -14   -13 
    8     8 
  -10    14 
  -16    14 
   16   -16 
