2 0
100
   -1     1 
    0   -60 
   11     5 
    1     1 
    3 1     1 0 
   24   -60 
   28 11    21 -31 
    1 0     1 0 
   72 72    72 -72 
    3 1     2 1 
    2   -10 

   -1     1 
   -1    -1 

    0     0 
    0     0 
   -3     3 
   -3     3 
    1     4 
    1     4 
   -1     2 
   -1     2 
    6    -9 
   -4    -7 
   -4    -7 
   -9    -6 
   -9    -6 
   -8    -2 
   -8    -2 
   -5    -8 
   -5    -8 
   11   -10 
   11   -10 
    1     1 
    1     1 
   -5    16 
   -5    16 
    5    -1 
    5    -1 
    1     4 
    1     4 
  -14    10 
  -14    10 
   -6     3 
    4   -11 
    4   -11 
    9    12 
    9    12 
   -1     5 
   -1     5 
   -2   -20 
   -2   -20 
  -15    12 
  -15    12 
   21     0 
   21     0 
   23   -19 
   23   -19 
   25   -11 
   25   -11 
   13    10 
   13    10 
    4    16 
    4    16 
   10    -2 
   10    -2 
  -15     6 
  -15     6 
  -25   -13 
  -25   -13 
   10    -8 
   10    -8 
  -16    14 
  -16    14 
  -18    30 
    0    24 
    0    24 
    3    21 
    3    21 
   17    14 
   17    14 
   -3    -6 
   -3    -6 
  -33    30 
  -33    30 
  -23   -11 
  -23   -11 
   -1     8 
   -1     8 
   11    20 
   11    20 
   14    -4 
   14    -4 
  -39    -9 
  -39    -9 
   17     8 
   17     8 
  -14    13 
  -14    13 
   36     9 
   36     9 
   38    -1 
   38    -1 
  -19    -1 
  -19    -1 
  -11    -8 
  -11    -8 
    0     6 
    0     6 
  -29    -8 
  -29    -8 
  -30   -42 
    9    36 
    9    36 
