2 0
25
   -1     1 
    0  -660 
    5     5 
    1     5 
    3 1     1 0 
  264  -660 
  126 -41  -126 139 
    1 0     0 -1 
  418 -38   114 -266 
    3 1     1 1 
   22  -330 

    1     1 
   -1     1 
   -1     1 
    1    -1 

   -1    -1 
   -1    -1 
   -3    -2 
    1    -2 
    1     4 
    3    -1 
    1    -1 
    1    -1 
   -2    -4 
   -6    -8 
    2    -8 
    6     3 
   -1     1 
  -10    -1 
    6     4 
  -12     2 
  -10    -8 
   -7    -2 
    5    -2 
   11     4 
    7    14 
    4   -15 
   -8    10 
   18     8 
   16    -2 
