7 2
25
   -1    -1    -1     1    -1     1     1 
    0     0     0   240     0   432  -168 
   16    16    14    20    16    12    14 
    1     1     1     1     1     1     1 
    3 1     5 0     3 1     1 0     3 1     1 0     1 0 
  360   192    24   240    24   432  -168 
   94 29   -13 190    94 29    94 29    94 29    94 29    94 29 
    1 0     2 0     1 0     1 0     1 0     1 0     1 0 
  252 210  -210 462   252 210   252 210   252 210   252 210   252 210 
    3 1     3 2     3 1     3 1     3 1     3 1     3 1 
   30     3    -2    20    -2    36   -14 

    1     1    -1    -1    -1    -1    -1 
    1    -1     1    -1    -1    -1    -1 
   -1     1    -1     1     1     1    -1 
   -1    -1    -1    -1    -1    -1    -1 
    1     1    -1     1    -1     1    -1 

   -1    -1     1     1     1     1     1 
   -1     1    -1     1     1     1     1 
    1    -1     1    -1    -1    -1     1 
    0     0     0     0     0     0     0 
   -2    -2     0    -6    -2     2     0 
   -1    -1     1    -1     1    -1     1 
    4     8     6    -4    -4     4     6 
    4     0    -2    -4     0     4    -2 
   -2    -6    -4    -2     2     6     4 
   -4    -4    -8     4     4     4     4 
    8     4    -8     4    -8     4     4 
   10   -10    -2     6    -2     6    -6 
   -8     6    -2    -2   -12    -2     6 
   -6    -4    -6     8    -6     0     6 
  -10   -12    -4    12    -6    -4    -4 
  -10    10   -10     2   -14     2    -2 
  -10    14    -6     6   -14   -10     6 
   -4    -4   -12     4    12   -12    -4 
   -2   -12   -14     0    -2    -8   -10 
   -2   -10   -10    -2    -2    14    -6 
  -10    10     6     2    -6     2   -14 
    4   -16    -4    16    -8     0    -8 
  -12    -8   -10    -4     4   -12    10 
   -4    -2    10    -2     0    14    -6 
  -12    -6    12    14    -8   -10     8 
