3 0
25
    1    -1    -1 
  168     0     0 
   14    10    14 
    1     1     1 
    1 0     1 3     1 3 
  168    24    48 
  136 -223   -74 129   -74 129 
   -1 -1     1 0     1 0 
 -168 462  -462 294  -462 294 
    3 1     1 3     1 3 
   28     2    -4 

   -1    -1    -1 
    1     1    -1 
    1     1     1 
    1     1    -1 
    1    -1    -1 

    0     0     0 
   -1    -1     1 
   -1    -1    -1 
   -1    -1     1 
    0     4     0 
   -4     0     0 
    2    -2     0 
   -6    -2    -6 
   -2    -2    -2 
   -8     8    -8 
   -1     1     1 
   -6    -6    -4 
   -2   -10   -10 
    4    -4     2 
    0     8     4 
   -4     8     6 
    8   -12    10 
    8    -8    -6 
   -8     8    14 
  -10    -2     6 
   14    14    -6 
   16   -16    -4 
   -8   -16     0 
    2     2    -6 
    2    18    -2 
