12 0
200
    1     1     1    -1    -1     1    -1    -1     1     1     1     1 
  -90   -72     0     0     0   648     0     0    42    24   264    24 
    5     4    13    13     9     9     7     7     7     4     4     4 
    1     1     1     1     1     1     1     1     1     1     1     1 
    1 0     1 0     5 0     4 5     4 5     1 0     4 5     4 5     1 0     1 0     1 0     1 0 
  -90   -72   120    36    36   648   324    12    42    24   264    24 
  -33 -67   -33 -67    47 0   -49 -74   -49 -74   -33 -67   -49 -74   -49 -74   -33 -67   -33 -67   -33 -67   -33 -67 
    1 0     1 0     0 1     1 0     1 0     1 0     1 0     1 0     1 0     1 0     1 0     1 0 
    0 -234     0 -234   234 -234     0 -468     0 -468     0 -234     0 -468     0 -468     0 -234     0 -234     0 -234     0 -234 
    2 1     2 1     5 0     3 2     3 2     2 1     3 2     3 2     2 1     2 1     2 1     2 1 
  -15   -12    -6     7    -3   108    -7    -1     7     4    44     4 

    1     1     1    -1    -1     1    -1    -1     1     1     1     1 
    1     1    -1    -1    -1    -1    -1    -1    -1    -1    -1    -1 
   -1     1     1    -1    -1    -1     1     1     1     1     1    -1 
    1    -1     1    -1    -1    -1     1     1     1     1     1    -1 

    0     0     0     0     0     0     0     0     0     0     0     0 
   -1    -1     1     1     1     1     1     1     1     1     1     1 
    3     4    -5    -5    -1    -1     1     1     1     4     4     4 
    4     3    -5    -5    -1    -1     1     1     4     1     4     4 
    1    -1    -1     1     1     1    -1    -1    -1    -1    -1     1 
   -1     1    -1     1     1     1    -1    -1    -1    -1    -1     1 
    6    -4    -6     4     2     2    -6     0     6     0    -3     7 
   -4     6    -6     4     2     2    -6     0     0     6    -3     7 
    1     1    -9    -6   -10    -1     6    -6     3     3    -6    -6 
    5    -3     1    -7     5     5    -5    -5   -11     7    10   -10 
   -3     5     1    -7     5     5    -5    -5     7   -11    10   -10 
   10     9    -6     7    -7     2    -9    -3     6    -3    -3     7 
    9    10    -6     7    -7     2    -9    -3    -3     6    -3     7 
   -4     9     4     1    -1     8     7     1     4   -11    10    -2 
    9    -4     4     1    -1     8     7     1   -11     4    10    -2 
  -12    14   -14     4   -10   -10    -2     4     4    -2    -2    10 
   14   -12   -14     4   -10   -10    -2     4    -2     4    -2    10 
    2     0    -8     8    -4    -4     4    -8    -2    16     4    -4 
    0     2    -8     8    -4    -4     4    -8    16    -2     4    -4 
  -16     2   -13     8     2    11    14   -16    -4    14     8    -4 
    2   -16   -13     8     2    11    14   -16    14    -4     8    -4 
   -2   -12     8    -4   -10     8     2     8   -10   -16    -7    -7 
  -12    -2     8    -4   -10     8     2     8   -16   -10    -7    -7 
   12    -8    -7    -8   -10    17    14    -4     8     8   -16    -8 
   -8    12    -7    -8   -10    17    14    -4     8     8   -16    -8 
  -18    -4     4   -14    14    -4   -14    -2    10    16     1     1 
   -4   -18     4   -14    14    -4   -14    -2    16    10     1     1 
    9    11     4    -2     2   -16    -2   -14    13   -11     7   -11 
   11     9     4    -2     2   -16    -2   -14   -11    13     7   -11 
  -15   -15     3   -21   -13   -13     3   -21     3     3   -18   -18 
  -20     4     7     0     2    11   -14    -8    -8    -8   -17    -9 
    4   -20     7     0     2    11   -14    -8    -8    -8   -17    -9 
   -9    15    -2     0    -4   -22   -20    16    19    -5    16   -12 
   15    -9    -2     0    -4   -22   -20    16    -5    19    16   -12 
    5    -1     9     0     8   -19     0     0    -3    21   -18     6 
   -1     5     9     0     8   -19     0     0    21    -3   -18     6 
   12     4    -4    -4    -4    -4     8     8    20   -16    -4    -4 
    4    12    -4    -4    -4    -4     8     8   -16    20    -4    -4 
    4    -2     8    -4     2   -16   -10    20    -4     2     5    -1 
   -2     4     8    -4     2   -16   -10    20     2    -4     5    -1 
  -20   -14     6    -4    20     2    12   -12   -12    -6    -6     2 
  -14   -20     6    -4    20     2    12   -12    -6   -12    -6     2 
   10    -6    23    10   -22    23   -10    14     2     2   -10    -2 
   -6    10    23    10   -22    23   -10    14     2     2   -10    -2 
   12    -8   -13   -14    20   -25   -16    14     8   -28    -7    25 
   -8    12   -13   -14    20   -25   -16    14   -28     8    -7    25 
   -8    -1   -10     3     5    14   -19    11     8    17   -22    -6 
   -1    -8   -10     3     5    14   -19    11    17     8   -22    -6 
   13   -29   -24    -4     8     8     0    12    21     9    18   -22 
  -29    13   -24    -4     8     8     0    12     9    21    18   -22 
  -15     2     6   -29     5    14   -21     9    -9    -6    -6   -26 
    2   -15     6   -29     5    14   -21     9    -6    -9    -6   -26 
    0    10    -6    -2   -28    26     0   -18   -12     6    30   -14 
   10     0    -6    -2   -28    26     0   -18     6   -12    30   -14 
   -1   -27     7   -16   -16    11    -8    16     7   -17    10    26 
  -27    -1     7   -16   -16    11    -8    16   -17     7    10    26 
   10    14   -18    10     8    26   -12   -18    18   -30   -12    16 
   14    10   -18    10     8    26   -12   -18   -30    18   -12    16 
  -21    -7   -20   -31    23    32     7     1   -11     7     4    32 
   -7   -21   -20   -31    23    32     7     1     7   -11     4    32 
   11    11     2    30     2     2     2   -34    11    11   -34   -18 
  -32    22    14     4     2     2    26   -16   -16   -34    29     7 
   22   -32    14     4     2     2    26   -16   -34   -16    29     7 
  -22    -7   -31   -21    -1    17   -25   -13    14    11    11    27 
   -7   -22   -31   -21    -1    17   -25   -13    11    14    11    27 
   20    18    -4    32     8     8   -16     8     8   -10    35    -7 
   18    20    -4    32     8     8   -16     8   -10     8    35    -7 
   26   -11    14     9   -31    14    17    -7    14    -1    -7     9 
  -11    26    14     9   -31    14    17    -7    -1    14    -7     9 
    9    27    10    30   -10    26    34    34   -35   -11   -35    -9 
   27     9    10    30   -10    26    34    34   -11   -35   -35    -9 
  -14    -8    -1    -2   -28    35   -28   -10    26     8    17    25 
   -8   -14    -1    -2   -28    35   -28   -10     8    26    17    25 
   32   -12   -28     0   -22    -4   -10    20    -4   -16    32   -24 
  -12    32   -28     0   -22    -4   -10    20   -16    -4    32   -24 
    4    26    -8   -18     2   -16    10    22     4    -2   -20   -36 
   26     4    -8   -18     2   -16    10    22    -2     4   -20   -36 
    7    -7     8    27    29   -16   -37    -7   -31    29     5    39 
   -7     7     8    27    29   -16   -37    -7    29   -31     5    39 
   20    32   -11    -4    -4     5     4     4   -20     4    -2   -10 
   32    20   -11    -4    -4     5     4     4     4   -20    -2   -10 
   23   -15   -14    -2    26   -10    -2    10    25    13   -17   -35 
  -15    23   -14    -2    26   -10    -2    10    13    25   -17   -35 
   10    13   -23    27    11    -7    19    -5   -26   -41    19     3 
   13    10   -23    27    11    -7    19    -5   -41   -26    19     3 
   16    26    11   -20    26    -1    26    20    20   -10   -19   -11 
   26    16    11   -20    26    -1    26    20   -10    20   -19   -11 
   12   -12   -35   -12   -28   -19    40    16    -8   -32    34     6 
  -12    12   -35   -12   -28   -19    40    16   -32    -8    34     6 
  -39     5     7   -17    23   -13     1    13     1     7    22    22 
    5   -39     7   -17    23   -13     1    13     7     1    22    22 
  -43   -11   -16   -23   -43   -16    11    11   -25    29   -16     4 
  -11   -43   -16   -23   -43   -16    11    11    29   -25   -16     4 
  -34    32    22    18    32    14     4   -14    22     4     4   -36 
   32   -34    22    18    32    14     4   -14     4    22     4   -36 
   -8   -20    -6   -20    20    38   -36    36     0    12    -6    -2 
  -20    -8    -6   -20    20    38   -36    36    12     0    -6    -2 
  -13   -13   -30    35   -37   -46   -21   -21   -21   -21   -30   -46 
  -25   -18   -34   -25    -7     2   -25     5    35   -22   -10     2 
  -18   -25   -34   -25    -7     2   -25     5   -22    35   -10     2 
  -12   -37    28   -13   -19   -28    13   -29   -44    31    -2     2 
  -37   -12    28   -13   -19   -28    13   -29    31   -44    -2     2 
   -5    -9    -6    28    -4    14   -12   -12   -27     9   -24     4 
   -9    -5    -6    28    -4    14   -12   -12     9   -27   -24     4 
  -30    34    42    18   -16     2    24   -42   -18    30    18   -18 
   34   -30    42    18   -16     2    24   -42    30   -18    18   -18 
   38    23    19   -43   -19    35    37   -35    10   -35   -35     5 
   23    38    19   -43   -19    35    37   -35   -35    10   -35     5 
   32     2   -12    32    14    -4   -30   -12     0   -42    -3   -19 
    2    32   -12    32    14    -4   -30   -12   -42     0    -3   -19 
   -7    15   -10   -23    11   -34     5    11    23    35    11     1 
   15    -7   -10   -23    11   -34     5    11    35    23    11     1 
    8    14     4   -10   -10   -28   -26    -2     4    10     7   -43 
   14     8     4   -10   -10   -28   -26    -2    10     4     7   -43 
  -25    -8   -29     9   -43    47    19    43     7    -8    10   -18 
   -8   -25   -29     9   -43    47    19    43    -8     7    10   -18 
   14   -38   -22    32   -40    14   -16     8    14     2   -19    -1 
  -38    14   -22    32   -40    14   -16     8     2    14   -19    -1 
  -13   -27    -4   -23   -13    32     5    11   -25    35    -1    37 
  -27   -13    -4   -23   -13    32     5    11    35   -25    -1    37 
   41    25    13    -2    26   -19   -14    -2     1   -47     1     1 
   25    41    13    -2    26   -19   -14    -2   -47     1     1     1 
   28    34    34    28    26   -10    22   -20    40    -2     4   -20 
   34    28    34    28    26   -10    22   -20    -2    40     4   -20 
    2   -26    20   -42   -10   -28    26   -22    26     2   -31    27 
  -26     2    20   -42   -10   -28    26   -22     2    26   -31    27 
  -20   -36    37    38   -46    17    10    -2    -8    -8     4   -28 
  -36   -20    37    38   -46    17    10    -2    -8    -8     4   -28 
  -19    -6   -28     7     5    32    11    29    11    26    53     7 
   -6   -19   -28     7     5    32    11    29    26    11    53     7 
  -32   -12   -30    -2   -34   -34    30   -42     0   -36   -21     1 
  -12   -32   -30    -2   -34   -34    30   -42   -36     0   -21     1 
    4     4    27    38    -4    23    48   -54    24   -12   -24     8 
    4     4    27    38    -4    23    48   -54   -12    24   -24     8 
   20     4    48    12    38   -52    42    24   -36   -36    12   -12 
    4    20    48    12    38   -52    42    24   -36   -36    12   -12 
   -8   -24    39    -4   -40   -49   -36     0    36   -24    -6    26 
  -24    -8    39    -4   -40   -49   -36     0   -24    36    -6    26 
   28    -4   -28    22   -40    -4    56    26    44    20   -43    31 
   -4    28   -28    22   -40    -4    56    26    20    44   -43    31 
   24    -6    44   -42   -52   -16    20   -22   -28     2    32    24 
   -6    24    44   -42   -52   -16    20   -22     2   -28    32    24 
  -16   -50    -9   -28    14   -13   -42   -12   -36    -6    24    32 
  -50   -16    -9   -28    14   -13   -42   -12    -6   -36    24    32 
  -30    14    -2    10     2    38   -50   -26   -26    10    -8   -32 
   14   -30    -2    10     2    38   -50   -26    10   -26    -8   -32 
   57    57   -54   -49   -49   -22   -33   -57    33    33   -57    23 
    6   -19   -32    49    35    44   -11    19    22    43    10   -26 
  -19     6   -32    49    35    44   -11    19    43    22    10   -26 
    1    51   -28   -41     5    -4    53    23   -49   -43    20    16 
   51     1   -28   -41     5    -4    53    23   -43   -49    20    16 
  -14    -1   -24   -11   -13    -4   -27    39   -18     3    18    46 
   -1   -14   -24   -11   -13    -4   -27    39     3   -18    18    46 
   29   -56    40     7    -7   -52     1    31    -5    -8    -8    28 
  -56    29    40     7    -7   -52     1    31    -8    -5    -8    28 
   37   -11   -18     4    44   -10   -12   -60    51    27   -24   -20 
  -11    37   -18     4    44   -10   -12   -60    27    51   -24   -20 
   28    -8    39   -52   -16    11   -24    36   -60   -24   -21    11 
   -8    28    39   -52   -16    11   -24    36   -24   -60   -21    11 
  -19    37    -9   -37    47   -25    15   -45    -9    15    51    35 
   37   -19    -9   -37    47   -25    15   -45    15    -9    51    35 
   59   -52    23   -23    41   -13    23   -13   -13    -4   -22    22 
  -52    59    23   -23    41   -13    23   -13    -4   -13   -22    22 
  -44     2    -3    18   -52    -7    60    42   -36   -42   -48    48 
    2   -44    -3    18   -52    -7    60    42   -42   -36   -48    48 
   -6    52     2    -2    44    62    20    14    14    44    62    22 
   52    -6     2    -2    44    62    20    14    44    14    62    22 
  -20    20    29   -50   -16   -43   -40    26    32   -16    26    22 
   20   -20    29   -50   -16   -43   -40    26   -16    32    26    22 
  -30    63    48   -27    23    -4   -39    63    30   -21    27   -39 
   63   -30    48   -27    23    -4   -39    63   -21    30    27   -39 
  -56    28    58   -30   -28    26    16    10   -20     4   -44   -24 
   28   -56    58   -30   -28    26    16    10     4   -20   -44   -24 
  -16    -6   -33    34   -22   -13   -18   -18     0    -6    39     7 
   -6   -16   -33    34   -22   -13   -18   -18    -6     0    39     7 
  -16   -10     8    62    62   -28     2   -22     8     2    41   -13 
  -10   -16     8    62    62   -28     2   -22     2     8    41   -13 
    8    14   -35   -12     2    -7    10   -44    16   -14    -8    48 
   14     8   -35   -12     2    -7    10   -44   -14    16    -8    48 
   52   -38    20   -44    26    44     2    20   -16   -34    56     4 
  -38    52    20   -44    26    44     2    20   -34   -16    56     4 
   44    28    45   -32   -28    17    12     0   -36    12    30   -38 
   28    44    45   -32   -28    17    12     0    12   -36    30   -38 
  -48   -38     4   -64    50    32    34    40    -8   -26   -56    32 
  -38   -48     4   -64    50    32    34    40   -26    -8   -56    32 
   28   -52   -44    52    38   -16    -2    52    28    52    28   -56 
  -52    28   -44    52    38   -16    -2    52    52    28    28   -56 
  -10    44   -36    46    62   -28    -6   -30   -18   -24   -12    52 
   44   -10   -36    46    62   -28    -6   -30   -24   -18   -12    52 
  -26    54   -31    40    -4   -31    20     8     2   -22    44     4 
   54   -26   -31    40    -4   -31    20     8   -22     2    44     4 
  -14    49    10   -29    11     2   -29    19    34     1     7     7 
   49   -14    10   -29    11     2   -29    19     1    34     7     7 
  -13     8   -50   -19   -25    38   -65   -11   -65   -32    22   -22 
    8   -13   -50   -19   -25    38   -65   -11   -32   -65    22   -22 
   40   -10   -55    24    14    41   -22     8    32    26   -22     6 
  -10    40   -55    24    14    41   -22     8    26    32   -22     6 
  -28    50   -26   -66     8   -10     4   -14    28   -14    -8    60 
   50   -28   -26   -66     8   -10     4   -14   -14    28    -8    60 
   -8    64    -1   -12   -28    35   -16   -40   -28    56   -40     0 
