2 0
25
    1    -1 
    0     0 
    6     4 
    1     1 
    3 1     1 3 
 2160   360 
   58 13    18 -121 
    1 0     1 0 
  160 110   380 -430 
    3 1     1 3 
 -180   -30 

    1    -1 
    1    -1 
   -1     1 
    1     1 

   -2     0 
   -1     1 
    0    -4 
   -1     1 
   -2     0 
   -6    -2 
   -4     6 
   -8     0 
    1    -1 
    0     4 
   -8     8 
    8    -6 
    6    -4 
   -8   -10 
    4     4 
  -14    -6 
  -14    -2 
    8    -8 
  -14    12 
    0   -14 
   -4    -6 
   -1    -1 
    4     4 
   -6    10 
  -10   -10 
