3 0
200
    1    -1     1 
   24     0    72 
    4     4     4 
    1     1     1 
    1 0     3 1     1 0 
   24    12    72 
 -138 133   148 -101  -138 133 
    0 -1     1 0     0 -1 
  144 -272   544 -256   144 -272 
    1 1     3 1     1 1 
   12     1    36 

   -1    -1    -1 
    1     1    -1 
    1    -1    -1 

    0     0     0 
    0     0     0 
   -4     0     4 
   -1    -1     1 
    4     0     4 
    4     4     4 
   -4     4     4 
   -2    -6     2 
   -2     6    -2 
   -4    -4     4 
   -1     1     1 
    8    -4     8 
  -10     2   -10 
   10   -10   -10 
   -4     4     4 
    2   -14     2 
  -10    -6   -10 
  -14   -10    14 
  -10     2    10 
   10    -2    10 
   -2    14    -2 
    8    -8    -8 
   16    -8   -16 
   -2     2    -2 
   -2    14    -2 
   -8     8     8 
    8    16    -8 
   -8   -16    -8 
   16     8    16 
    2    10     2 
  -16   -16    16 
    4     0    -4 
   14    18   -14 
   22   -14   -22 
   -4    -8     4 
   -8     8     8 
    2    22     2 
    8     0     8 
  -16   -16    16 
   16   -16   -16 
  -14   -10   -14 
   10    18    10 
    2    -2     2 
   14   -14    14 
   20     8   -20 
   -8   -12     8 
   14   -14   -14 
   -2   -22     2 
    8   -24    -8 
   -8   -16     8 
   -2    14    -2 
  -14   -18   -14 
   -2   -10    -2 
  -26    -2   -26 
   16    16   -16 
  -16    -8    16 
   28   -32    28 
   22    26    22 
    4    28    -4 
    2    22    -2 
  -14     6   -14 
   32   -16   -32 
   -2   -22     2 
  -10    -2   -10 
   14   -26    14 
    8    24    -8 
   10     6   -10 
   10   -22    10 
  -26    22   -26 
    8   -24     8 
  -10    26   -10 
   32    28   -32 
   -8    28     8 
   14   -26    14 
   14   -18    14 
   -2   -14     2 
    2     6    -2 
  -22   -30   -22 
   20     8    20 
   10   -26    10 
  -26    22   -26 
   -8    -4    -8 
   40    12    40 
   14     6    14 
   14     6    14 
   40    20   -40 
    8   -32    -8 
   -2   -10    -2 
   10    10    10 
   16   -24   -16 
  -16   -24    16 
   16    -8   -16 
    8     4    -8 
   28   -12   -28 
  -22   -10    22 
   28    20   -28 
   -4     4     4 
   26     2    26 
   28     8    28 
   16   -20    16 
   22    26   -22 
    2    38    -2 
   10    -2   -10 
   -4   -12     4 
  -46   -30   -46 
    2   -42     2 
   38   -26    38 
   14   -22    14 
  -40    32    40 
    4     0    -4 
  -10   -18   -10 
   20   -12    20 
   10    14   -10 
   26   -18   -26 
  -40   -16    40 
  -20    24    20 
   46    18   -46 
  -10    -6    10 
   14     6    14 
    8    -4     8 
  -10    22   -10 
   14   -30    14 
  -40     8    40 
   10   -10   -10 
   28   -20    28 
  -50   -42   -50 
   28    28   -28 
  -16    24    16 
   22     6    22 
  -44   -32   -44 
  -38   -10    38 
  -16   -16    16 
  -16   -32    16 
   40   -40   -40 
   22    22    22 
   52   -36    52 
   38    14    38 
   50    46    50 
    2    30    -2 
  -50    18    50 
   16    32   -16 
   38     2   -38 
   40    40   -40 
   -4    -4     4 
  -20    32   -20 
  -20   -36   -20 
   22   -42    22 
   14    -6    14 
  -40     8   -40 
  -14   -34    14 
   26    -2   -26 
   44   -20    44 
  -40   -40   -40 
  -52     4    52 
   34   -26   -34 
   32    16   -32 
  -20   -44    20 
   16   -24   -16 
   32   -24   -32 
    2    10     2 
   38    42    38 
   -4   -52     4 
  -32    32    32 
  -32    40    32 
   44   -24   -44 
  -46   -22   -46 
  -52   -48   -52 
   34    -2    34 
   -2    22    -2 
   -4   -28    -4 
   32   -44    32 
   10     6    10 
   46    26    46 
  -56     8    56 
  -28   -16    28 
   40   -40   -40 
    8   -40    -8 
  -16   -24    16 
   28   -28   -28 
   44    60    44 
  -28    40   -28 
   20   -52   -20 
   -8    20     8 
  -50    34   -50 
  -14    38   -14 
  -20   -44   -20 
   28    12    28 
   -8    56     8 
  -22    38    22 
   46    22    46 
  -26     2   -26 
   34     2    34 
   34    -6    34 
  -56   -24    56 
   38    10   -38 
  -22   -54   -22 
    2    -2     2 
   -8   -28    -8 
    4    24     4 
  -64    48    64 
