1 0
200
    1 
   36 
    6 
    1 
    1 0 
   36 
   57 -103 
    1 0 
  216 -252 
    2 1 
    6 
    0 
    0 

    1 
    1 
   -1 

    0 
    0 
    2 
    4 
    2 
    5 
    7 
    1 
   -2 
   -3 
  -10 
   10 
    1 
    2 
    1 
    1 
    0 
  -10 
   -9 
  -14 
    3 
    8 
   10 
    2 
   -2 
   -7 
    8 
   12 
  -16 
   -4 
    2 
    9 
  -16 
   -5 
   -2 
  -10 
   -3 
    4 
   24 
    8 
   -5 
   -9 
   -2 
   18 
    0 
    3 
    6 
   -8 
  -21 
   -7 
  -22 
   20 
   -4 
  -14 
   22 
    7 
  -30 
  -30 
    4 
  -17 
  -11 
    0 
   -7 
    1 
  -14 
  -25 
  -20 
  -22 
    6 
   -2 
   23 
    0 
   24 
  -11 
    8 
  -22 
   -1 
  -22 
    6 
  -35 
   38 
    6 
   20 
  -14 
    7 
   13 
    6 
   38 
  -39 
   27 
   13 
  -16 
   18 
  -11 
  -32 
   29 
    0 
   40 
   43 
  -25 
   -8 
   20 
   18 
  -16 
   28 
   10 
  -14 
   14 
    1 
    0 
  -44 
    4 
  -42 
   31 
   20 
   -8 
    7 
  -14 
  -46 
  -14 
    6 
  -43 
   20 
  -29 
   43 
  -11 
    0 
  -14 
   20 
   13 
  -30 
   -2 
  -13 
  -11 
   20 
   27 
   12 
  -26 
  -32 
  -35 
   28 
    0 
    4 
   40 
   31 
   42 
   16 
    5 
  -26 
   14 
  -20 
  -18 
   15 
   20 
   41 
   12 
  -52 
  -46 
   -4 
   26 
  -12 
    6 
   -8 
   -9 
   39 
   18 
   46 
  -29 
   48 
   63 
   14 
  -31 
  -37 
  -32 
    0 
   16 
   44 
  -12 
  -16 
   -8 
  -57 
   22 
   52 
   37 
   16 
   18 
   -9 
   10 
    0 
    1 
   66 
    8 
   56 
   15 
   -4 
  -30 
  -10 
   50 
   24 
  -12 
