1 0
200
    1 
    0 
    4 
    1 
    3 4 
   24 
   -7 -48 
    1 0 
   19 -247 
    4 1 
    2 
    0 
    0 

    1 
   -1 
    1 

    0 
    0 
   -1 
   -3 
   -4 
   -6 
   -1 
    1 
   -7 
    8 
   -6 
   -4 
   -4 
    1 
   -1 
    3 
   -7 
  -16 
   -2 
   13 
   -1 
   10 
  -10 
  -10 
   -2 
    4 
    4 
   -6 
  -16 
   -1 
    8 
   16 
   -5 
    1 
  -22 
   12 
   -1 
   -2 
   -4 
  -20 
   12 
  -26 
    4 
  -10 
  -25 
  -17 
  -22 
   16 
   -4 
   18 
    5 
   15 
    4 
    4 
    8 
   24 
  -13 
  -17 
    5 
   13 
   31 
   10 
   26 
  -14 
  -22 
  -34 
    0 
   -2 
   28 
  -19 
    1 
   -8 
  -16 
    0 
    6 
  -16 
    8 
  -21 
   37 
   32 
   -8 
   16 
    2 
  -10 
  -30 
   20 
  -10 
   -9 
  -33 
   17 
  -13 
  -42 
   -6 
  -23 
  -17 
    4 
  -16 
  -18 
  -39 
  -13 
  -26 
   22 
   44 
   12 
  -39 
  -31 
  -40 
  -32 
    0 
   34 
   43 
   25 
   20 
   40 
  -45 
   -5 
   41 
   19 
  -38 
  -28 
  -26 
   -6 
   29 
   -9 
  -22 
  -26 
   37 
   -7 
  -30 
  -26 
    9 
  -27 
   24 
   10 
    5 
   23 
  -27 
  -15 
    4 
  -44 
  -18 
  -26 
  -21 
   13 
  -20 
   42 
    6 
  -22 
  -54 
    5 
   35 
   16 
   40 
  -53 
  -31 
   36 
   28 
  -44 
   16 
   43 
   25 
    0 
   56 
    2 
  -44 
   25 
   35 
  -36 
   16 
  -52 
  -20 
   10 
  -14 
   52 
    0 
   48 
    4 
  -50 
  -24 
   13 
   21 
   -1 
   39 
   32 
  -44 
   44 
  -22 
  -22 
    6 
   12 
  -38 
  -42 
   24 
  -10 
   60 
    7 
  -19 
   26 
  -62 
   12 
