1 2
100
   -1 
    0 
    8 
    1 
    3 1 
   24 
   48 -17 
    1 0 
  160 -20 
    3 1 
    2 

   -1 
    1 
   -1 
    1 

    1 
   -1 
    0 
   -4 
   -6 
    0 
    0 
    1 
   -1 
   -6 
    4 
   -2 
   -4 
    0 
   -8 
    0 
   -4 
    4 
   -4 
  -14 
  -14 
    4 
  -10 
    6 
   -6 
   -8 
    2 
   12 
   14 
    2 
   16 
   14 
    0 
    0 
  -20 
  -10 
   22 
   14 
   12 
  -20 
   22 
   12 
   -2 
   14 
    8 
   12 
   -4 
  -12 
   10 
  -20 
   -8 
    4 
   -2 
   26 
    0 
   28 
  -18 
    2 
  -24 
   28 
   10 
   12 
  -28 
    2 
   -6 
   12 
  -20 
  -30 
  -14 
  -10 
   10 
   -2 
   22 
  -26 
   -4 
  -28 
   20 
   -8 
  -36 
  -26 
  -26 
   -2 
  -16 
   -2 
  -26 
   26 
  -12 
   22 
  -10 
   -6 
   34 
   26 
  -16 
  -16 
   20 
  -16 
  -36 
   10 
   18 
  -34 
