3 0
25
   -1    -1     1 
    0     0 -9216 
    6     6     2 
    1     1     1 
    1 3     1 3     1 0 
 4608  4608 -9216 
  132 -79   132 -79   -26 149 
    1 0     1 0     0 -1 
  368 80   368 80   -96 -176 
    1 3     1 3     1 1 
  384   384 -4608 

   -1    -1    -1 
   -1    -1     1 

   -2    -2     2 
    0     0     0 
   -2    -2     2 
   -3     1     3 
    2     6     2 
    7     5     7 
   -2     2     2 
    5    -5    -5 
    2     6     2 
   -8     4     8 
   -1     3     1 
   -6   -10    -6 
   -4   -12    -4 
    1    -9    -1 
    2    -6    -2 
  -10    -2   -10 
  -13    -7   -13 
    4    -8    -4 
   -4    12     4 
   11    -5    11 
    3    11     3 
    8     4    -8 
  -16     0    16 
    1   -15     1 
   18    -2    18 
