1 0
200
   -1 
    0 
    8 
    1 
    3 1 
   12 
   16 107 
    1 0 
  -60 444 
    3 1 
    1 

    1 
    1 
   -1 
   -1 

    0 
    0 
    0 
   -4 
    6 
    1 
    0 
    0 
   -2 
    4 
    1 
  -10 
   -2 
   -8 
  -12 
   10 
   12 
   -2 
   14 
   -2 
   -2 
  -14 
   -8 
    2 
    2 
    6 
   -8 
  -14 
  -14 
    2 
  -16 
  -20 
   16 
   20 
   16 
   -8 
   -2 
  -10 
   12 
   -4 
   10 
   20 
  -20 
   -2 
    4 
   20 
  -20 
  -20 
  -16 
    8 
  -10 
   26 
   14 
  -12 
   -2 
  -24 
    4 
   -2 
   -4 
    8 
    6 
  -30 
   -2 
    6 
   -8 
   26 
   -8 
  -34 
    2 
   26 
   24 
  -16 
  -18 
  -14 
   18 
  -12 
  -28 
   14 
   22 
    6 
  -32 
   14 
  -20 
   34 
  -20 
  -26 
  -24 
  -22 
  -36 
    8 
  -30 
   -8 
  -24 
  -30 
   -4 
  -22 
   36 
   -6 
  -12 
  -22 
  -34 
   16 
   -8 
   40 
  -16 
   18 
   42 
    8 
    8 
  -22 
  -42 
   26 
    4 
    6 
    8 
    4 
    2 
  -24 
   10 
  -22 
   22 
   10 
  -12 
   20 
   -6 
  -30 
   24 
  -40 
  -26 
   20 
  -10 
  -16 
  -52 
   50 
   -2 
   10 
  -26 
   32 
   42 
   32 
    8 
   16 
  -12 
    4 
    2 
   30 
  -10 
  -26 
   32 
   28 
   -4 
   56 
  -22 
    2 
  -20 
  -46 
   12 
  -16 
   18 
    0 
  -28 
  -20 
  -56 
   34 
   24 
  -58 
   10 
  -10 
  -54 
   28 
   50 
   22 
  -26 
  -28 
  -40 
   12 
   24 
  -24 
   36 
  -12 
   -2 
   22 
    6 
  -14 
  -42 
   30 
   -2 
    4 
   -4 
    6 
   38 
  -46 
    4 
   38 
  -52 
   30 
  -38 
  -54 
   18 
   16 
