1 0
200
    1 
    0 
    4 
    1 
    3 1 
   24 
   78 -37 
    1 0 
  270 -70 
    3 1 
    2 

    1 
    1 
   -1 
    1 

    0 
   -1 
   -2 
   -4 
    2 
   -4 
   -1 
   -4 
    1 
   -1 
    0 
   -4 
   -2 
  -12 
  -10 
  -14 
  -10 
  -14 
   10 
   -4 
    8 
    8 
   -4 
   -2 
    0 
   -6 
    2 
  -14 
   10 
  -14 
    0 
   -8 
   -4 
   12 
  -20 
   -4 
   -2 
   18 
    4 
   10 
   -2 
  -26 
   16 
  -26 
   -8 
   16 
  -16 
   -8 
  -14 
  -10 
   22 
   10 
   14 
  -10 
    0 
   -8 
    0 
   12 
   16 
   22 
   30 
   24 
   12 
   -8 
   32 
  -36 
  -20 
    0 
   10 
  -18 
  -10 
   28 
  -22 
  -12 
    6 
   20 
  -12 
  -12 
   20 
  -14 
    6 
  -14 
  -38 
   26 
  -16 
   32 
   -8 
  -32 
  -32 
  -38 
    8 
   20 
   -8 
   -4 
   20 
  -26 
    6 
  -14 
   10 
   10 
   12 
    8 
  -20 
   -4 
  -12 
   32 
   10 
   38 
  -20 
   40 
  -10 
   34 
  -32 
  -20 
   36 
  -16 
  -32 
    2 
  -38 
   10 
  -12 
  -34 
  -16 
    4 
  -38 
    6 
  -50 
    8 
   -2 
   30 
  -12 
  -44 
  -32 
   -4 
   16 
    8 
   50 
    2 
   10 
   -6 
   12 
  -12 
  -12 
  -14 
   50 
  -50 
  -26 
   24 
   44 
   16 
    4 
   38 
    8 
  -48 
    2 
  -50 
  -38 
   40 
   12 
   10 
   38 
  -34 
   32 
   40 
  -56 
    2 
   14 
   -2 
  -14 
   54 
   46 
   54 
  -26 
  -56 
  -24 
   40 
  -12 
   56 
  -28 
   14 
   26 
    4 
   26 
  -34 
   28 
  -26 
  -16 
   22 
   34 
   38 
  -22 
  -54 
  -32 
  -44 
  -20 
   50 
   -2 
   26 
   26 
   16 
