1 0
200
   -1 
    0 
   13 
    1 
    1 3 
   24 
   28 15 
    1 0 
  -18 144 
    1 3 
    2 
    0 
    0 

    1 
    1 
    1 

    0 
   -1 
   -5 
    1 
    6 
   -2 
   -1 
   -6 
    3 
   -5 
   -1 
   -8 
  -10 
    4 
   -2 
   10 
  -12 
    2 
  -12 
   -1 
   -9 
   -4 
    0 
    7 
    1 
   16 
    0 
   10 
   -6 
  -19 
   -9 
   -5 
    2 
  -14 
    5 
   -3 
  -18 
    0 
  -20 
   -2 
    4 
    2 
   11 
   -7 
    7 
  -15 
   20 
   10 
    8 
    4 
   22 
   18 
   18 
  -18 
   15 
  -11 
    2 
   30 
   -2 
   10 
   10 
  -22 
  -14 
   11 
   -1 
  -34 
  -30 
   30 
   30 
  -10 
    4 
   27 
   17 
   10 
  -26 
   20 
    0 
   -8 
   32 
    5 
   15 
   10 
  -20 
  -19 
   -1 
   13 
  -15 
   33 
   17 
   -1 
  -27 
  -12 
   12 
   -4 
   -8 
   34 
   34 
   34 
    0 
  -38 
  -18 
    8 
  -22 
  -42 
    2 
   14 
   -7 
   31 
  -16 
   -8 
   26 
  -24 
   28 
    8 
  -21 
  -35 
   -2 
  -14 
  -14 
   24 
   19 
  -43 
  -22 
  -42 
   46 
  -16 
    3 
  -23 
  -12 
    4 
  -14 
   18 
   17 
  -27 
  -26 
   32 
   -5 
  -45 
   52 
  -38 
  -24 
    8 
   -1 
   13 
   44 
  -44 
   50 
    6 
   -8 
  -16 
  -18 
  -38 
   20 
  -48 
   -4 
  -28 
  -32 
   23 
  -11 
   -1 
  -33 
  -17 
   41 
   41 
  -19 
  -14 
  -22 
  -17 
  -39 
   28 
    8 
  -30 
   34 
   35 
   -5 
  -12 
   18 
  -11 
   49 
    6 
  -50 
  -17 
  -43 
   60 
    8 
  -38 
  -48 
   24 
    4 
  -41 
   17 
  -54 
  -14 
  -40 
   26 
  -53 
   47 
  -18 
   32 
  -37 
