8 0
200
   -1     1     1     1     1     1    -1     1 
    0    48   -36   120   120   120     0   -24 
    9     8     6     5     5     5     2     2 
    1     1     1     1     1     1     1     1 
    1 3     1 0     1 0     1 0     1 0     1 0     1 3     1 0 
   96    48   -36   120   120   120    24   -24 
   88 48   143 -57   143 -57   143 -57   143 -57   143 -57    88 48   143 -57 
    1 0     0 -1     0 -1     0 -1     0 -1     0 -1     1 0     0 -1 
  -57 456  -171 285  -171 285  -171 285  -171 285  -171 285   -57 456  -171 285 
    1 3     2 0     2 0     2 0     2 0     2 0     1 3     2 0 
    8    16   -12    40    40    40     2    -8 
   -1    -1     0    -1     0    -1     0     0 
    0     0     0     0     0     0     0     0 

   -1    -1     1    -1    -1    -1     1     1 
   -1    -1    -1    -1     1    -1     1     1 
    1    -1     1    -1     1    -1     1    -1 

    0     0     0     0     0     0     0     0 
   -4    -3    -1     0     0     0     3     3 
    1     0    -2    -3     3     5     0     0 
    1     0     4    -3    -1     5    -4     4 
   -4     6    -4    -6    -4     2     2     2 
    4    -6    -2     6     2    -2    -4     4 
    0     0     0     0     0     0     0     0 
   -1     1    -1     1    -1     1    -1     1 
    1     6     4     9    -5     1    -8     8 
   -4     8     2     2    10    -6     4     4 
    4    -8    -8    -2     4     6     4    -4 
    2   -10     2     8    -8     0    -2    -2 
   -2    10    -2    -8    -4     0     8    -8 
   -1    -4    -4    -1    -1    -1    -4    -4 
   -1    -4     8    -1    -5    -1     4     4 
    1     2    -2    -7    15     1   -12    12 
    1     2    10    -7    -1     1    -4     4 
    4     4     4    -8    14    -8    -4     4 
   -4    -4     2     8     2     8   -16   -16 
   -7    10     2   -11    13   -11    10    10 
   -7    10     2   -11     9   -11    -6    -6 
   -8     0     4     0    14   -16     8    -8 
    8     0     8     0     2    16    -4    -4 
   -8   -10    -2     2    12    10   -12    12 
    8    10   -16    -2   -18   -10    -6    -6 
   14     8     8    14     4    -2     4     4 
  -14    -8    16   -14     2     2     8    -8 
  -16   -10   -16    20    -4     4     2     2 
   16    10    -2   -20   -16    -4    20   -20 
   13    22   -14    13     7    21     4    -4 
    2    -8     2    -2     4    -2   -20   -20 
   -2     8    16     2     2     2    20   -20 
   13    -4   -14     5    11    13     8    -8 
   13    -4    16     5    19    13     4    -4 
   10     8    -8     8     4     0    -8     8 
  -10    -8     8    -8    -8     0   -20   -20 
  -14     2    22     2    14    18    -4     4 
  -14     2    10     2     6    18   -12    12 
  -20     4    -2    16     4     0    16   -16 
  -20     4   -20    16    -4     0    -4     4 
   -2   -14    -2    -2    10    14   -20    20 
    2    14    20     2     8   -14   -22   -22 
    4    14    22    -4    20    -4   -16    16 
   -4   -14   -10     4     0     4   -18   -18 
   11    -8    20    -5    11   -21   -16   -16 
   11    -8   -16    -5     7   -21    -8    -8 
   14    -4    26   -28     6    12     0     0 
  -14     4     4    28    10   -12   -20    20 
   10   -16     4    -4   -14   -12    -8     8 
  -10    16     8     4   -10    12    20    20 
   -5    -6    -8    15     9   -25    24   -24 
   -5    -6    16    15    13   -25    -8     8 
  -10    -6    20    12    18    20     6     6 
   10     6    10   -12    -2   -20     4    -4 
  -16     0   -16    12    16    12   -32   -32 
  -16     0    20    12    16    12    -8    -8 
   19   -22    -8   -13   -23    11    -8     8 
   19   -22    -8   -13    -7    11     8    -8 
  -13   -20    20    19    23   -13    20    20 
  -13   -20    20    19     7   -13     4     4 
   25    -2   -20    25     7    33    -8     8 
  -20    12    16    12    -4    12    32   -32 
   20   -12   -16   -12     8   -12   -16   -16 
   10    22   -14   -14    14     2    20   -20 
   10    22   -14   -14   -22     2   -28    28 
   28   -12     4   -12   -26     4    -8     8 
  -28    12    20    12   -18    -4    24    24 
   32   -22    32   -22    10   -14    22    22 
  -32    22    10    22   -12    14   -36    36 
   17    -2    14    25     1     9    -2    -2 
   17    -2     2    25    33     9   -30   -30 
    8    32   -16     8   -24    -8    24    24 
    8    32     8     8   -32    -8   -32   -32 
   -4   -10    14   -16    -2    16   -14   -14 
    4    10    22    16   -22   -16     8    -8 
  -34    12   -16   -30    -4    34    32    32 
   34   -12   -20    30   -10   -34   -16    16 
   -7    14     2    -7   -27    25   -18   -18 
   -7    14     2    -7    17    25     2     2 
   -4   -14   -28    10     0   -14    18    18 
    4    14   -26   -10    30    14    12   -12 
   -8   -14    34    -2    18   -26    36   -36 
    8    14    20     2    36    26     6     6 
    2   -14     2   -26     8     6    14    14 
   -2    14    -2    26    30    -6    24   -24 
  -10    -8    -4    10    34    26   -20   -20 
   10     8    28   -10    40   -26   -32    32 
  -37    -6   -22     3   -17   -29    22    22 
  -37    -6    38     3   -21   -29    -6    -6 
  -31    32   -16   -31    37    17    16    16 
  -31    32     8   -31   -27    17    24    24 
   -2   -32    16    -8   -18    16   -12    12 
    2    32     2     8   -42   -16    12    12 
   -5   -28     4    35   -31    -5   -28    28 
   -5   -28    10    35   -23    -5   -32    32 
  -38    28   -20   -14   -14    34     4    -4 
   38   -28   -34    14   -12   -34   -24   -24 
   46    30    -2    30    18    30   -36    36 
  -25    14    38   -13     3     3   -30   -30 
  -25    14     2   -13    19     3    -2    -2 
  -28     4   -28    -2    -2   -26    -8    -8 
   28    -4   -20     2    28    26    -8     8 
   -4    44   -28    32    36     0    36    36 
   -4    44   -16    32    28     0   -20   -20 
  -11   -18    34    -3    -9   -27    36   -36 
  -11   -18    34    -3   -45   -27    36   -36 
  -26   -10   -38     8   -30     0   -24    24 
   26    10    14    -8    26     0   -22   -22 
   32    24     2    18   -38    26     4     4 
  -32   -24    -8   -18    12   -26   -12    12 
  -29    -6    34    -9     5   -33   -28    28 
  -29    -6    -2    -9   -47   -33    28   -28 
  -44    28   -32   -20    28    -4     4    -4 
  -44    28   -38   -20   -36    -4    24   -24 
  -11    32    34    -7    27   -15    48   -48 
  -11    32   -20    -7   -25   -15   -28    28 
  -13    20    -4    -1    -5    -1    28    28 
  -13    20    44    -1   -21    -1    12    12 
   32     6   -46    12    30    12   -30   -30 
  -32    -6    10   -12   -42   -12     0     0 
   10    46    34    16    -6    24     0     0 
  -10   -46    14   -16   -46   -24   -34   -34 
   17    20     8    17    37   -31   -20   -20 
   17    20   -28    17     1   -31     4     4 
   26    38   -34   -10    -6   -42     6     6 
   26    38   -10   -10    14   -42    38    38 
  -19     8     8    -7   -43   -23     8     8 
  -19     8    32    -7   -47   -23    -8    -8 
  -22    46    14    34   -38   -14    34    34 
  -22    46    50    34    -2   -14    -2    -2 
  -11    36    16    45    23     5    20   -20 
  -11    36    34    45    15     5   -24    24 
  -32   -16   -32     8   -52   -24     8    -8 
   32    16   -16    -8   -20    24    28    28 
   25   -38    52   -23    19    17   -32    32 
   25   -38    16   -23    -9    17    24   -24 
  -23   -18    -2    45   -49   -11    -4     4 
  -23   -18    22    45   -37   -11    -4     4 
   -4    44   -34     8    -2    40    -8    -8 
    4   -44    28    -8    18   -40   -12    12 
  -16    44    20     2   -20   -38    40    40 
   16   -44   -20    -2   -22    38   -40    40 
   49    32    -8   -19    -9   -43    12   -12 
   49    32    46   -19    23   -43   -40    40 
   16    10    34   -20   -26   -52    28   -28 
  -16   -10   -16    20    38    52    14    14 
  -22   -54    38    42    26   -54   -10   -10 
   26    22   -22    34    50   -14    26    26 
   26    22   -10    34    10   -14    10    10 
   49    28     4   -35    43   -27     4    -4 
   49    28   -38   -35     7   -27   -32    32 
   22    34    22    22   -22     6     8    -8 
  -22   -34   -46   -22    48    -6    54    54 
  -47    36    34    21   -29   -35    16   -16 
  -47    36   -20    21    -9   -35   -12    12 
    8     4    38    -2   -12   -26    24    24 
   -8    -4   -20     2    54    26   -12    12 
  -20    16    16    40    32    -8    20   -20 
  -20    16   -38    40   -16    -8   -40    40 
   -7   -22    38    53    -7    21    26    26 
   -7   -22   -34    53   -15    21   -42   -42 
   40    32    22    32   -56    32   -32    32 
   40    32   -44    32    32    32    -4     4 
   34   -40    16     8    62    16    20   -20 
  -34    40     2    -8    38   -16    20    20 
  -17    58   -26     7   -55    47    -4     4 
  -17    58   -38     7    53    47   -28    28 
  -20     6    -2   -60    26    20    20   -20 
   20    -6   -16    60   -22   -20   -22   -22 
  -40    -2    62    22    36   -34   -42   -42 
   40     2   -14   -22    22    34    16   -16 
  -26   -10     4    26   -38    -6    40   -40 
  -26   -10   -20    26     6    -6    24   -24 
    4   -56    16    10    38    18   -52    52 
   -4    56    14   -10   -44   -18    28    28 
  -44    -4   -44   -52   -40    12    20   -20 
  -44    -4   -38   -52    36    12    48   -48 
   56   -48     2   -36   -28   -52    44    44 
  -56    48    16    36    16    52     4    -4 
   -1   -18    50   -45   -41   -13   -62   -62 
   -1   -18    62   -45    -1   -13    50    50 
  -19    32   -40    53    37    37    -8    -8 
  -19    32    32    53   -31    37    32    32 
  -58   -34    -4   -46     2    34   -22   -22 
   58    34    -2    46     8   -34    -4     4 
  -34     6   -52    18    16    18    -2    -2 
   34    -6   -38   -18    58   -18    52   -52 
  -26     4     4   -44   -10    60   -52    52 
   26    -4    26    44   -14   -60   -32   -32 
  -50    -2   -14    10    -2    10   -20    20 
   50     2    32   -10    40   -10   -50   -50 
   34    38   -38   -34    16    14   -20    20 
  -34   -38    56    34    -6   -14     6     6 
   56     4    20    22   -40   -34    32    32 
  -56    -4   -56   -22   -22    34   -40    40 
    5   -46    62   -43   -39   -43    66    66 
    5   -46   -46   -43   -15   -43    30    30 
  -46   -50   -46    34   -22   -62    62    62 
  -46   -50    14    34   -38   -62    34    34 
  -10   -40   -22    32   -52     8    44    44 
