1 0
200
   -1 
    0 
    2 
    1 
    3 1 
  144 
  135 -38 
    1 0 
  442 -17 
    3 1 
  -12 
    0 
    0 

   -1 
   -1 
    1 

    2 
    0 
    1 
   -4 
    1 
    3 
   -1 
    1 
   -9 
    1 
   -2 
   12 
   -2 
   -1 
   -5 
   -8 
   14 
    4 
   12 
   -8 
    4 
  -16 
    2 
  -18 
    2 
   -7 
    7 
    8 
    6 
    1 
  -13 
   -9 
   -6 
  -10 
   -8 
   -8 
  -13 
    1 
  -16 
   24 
  -20 
   -8 
  -24 
   -2 
  -16 
   14 
  -28 
   -2 
   19 
  -19 
  -10 
  -14 
  -18 
  -10 
   -5 
    5 
   22 
  -26 
   22 
    0 
   -1 
   -8 
   20 
   14 
   -8 
   25 
    1 
  -12 
   34 
  -21 
    5 
  -14 
  -26 
  -10 
  -10 
   22 
    6 
   28 
   22 
   11 
  -23 
   31 
  -29 
   35 
   41 
  -16 
  -10 
  -21 
    3 
  -32 
   32 
   26 
  -26 
   32 
   -6 
    4 
  -28 
   13 
   34 
   22 
   -4 
   22 
   -2 
  -22 
  -17 
   -3 
  -40 
  -46 
   -8 
   22 
   23 
   -9 
    0 
   -2 
  -21 
  -25 
   22 
   10 
   39 
   -7 
   10 
    2 
   16 
   -6 
  -22 
   10 
  -40 
   24 
   42 
    6 
    3 
   15 
   46 
  -44 
   15 
  -29 
   19 
  -35 
   18 
   28 
   56 
   -8 
  -14 
   44 
   -2 
   22 
    2 
   36 
   -2 
   16 
  -28 
   36 
   42 
   29 
  -27 
   16 
   24 
  -31 
   -3 
  -58 
    2 
   33 
   33 
  -58 
    2 
  -10 
   46 
  -56 
  -60 
  -25 
    5 
  -41 
   47 
    5 
   47 
  -14 
  -12 
  -49 
   13 
   61 
   35 
   17 
   53 
  -32 
   62 
  -32 
  -24 
   45 
   15 
  -56 
  -62 
  -40 
   46 
   65 
   41 
  -40 
   32 
   -6 
  -46 
  -44 
