1 0
200
    1 
  -72 
    4 
    2 
    1 0 
  -72 
  -87 101 
    1 0 
 -276 216 
    2 1 
  -12 
    0 
    0 

    1 
    1 
   -1 

    0 
    0 
    4 
    2 
    0 
    4 
    4 
    4 
   -4 
    0 
   -2 
    6 
   -2 
   -8 
   -8 
   10 
    6 
   10 
   -4 
  -10 
  -14 
    0 
    6 
   10 
    8 
   12 
  -16 
   14 
  -10 
   -2 
   12 
   22 
    8 
   -2 
  -12 
   -4 
   -2 
   10 
   -8 
   -8 
   18 
    8 
   -6 
  -26 
   16 
  -22 
   -4 
   20 
  -16 
   20 
   -6 
   14 
  -30 
   16 
   -6 
   12 
  -10 
   -8 
   12 
   12 
  -22 
    4 
    6 
   14 
   18 
    8 
   18 
   32 
  -18 
   18 
  -10 
   -8 
  -34 
   30 
   18 
  -20 
  -28 
  -22 
  -10 
  -12 
  -20 
  -20 
   -6 
  -26 
    2 
   14 
    1 
   42 
   10 
  -16 
  -20 
    2 
  -32 
  -30 
   28 
  -16 
    0 
  -10 
   18 
   14 
    6 
   -4 
  -16 
  -20 
   -2 
  -14 
   14 
  -18 
   32 
   16 
   42 
  -26 
  -10 
   20 
    8 
  -14 
   16 
  -12 
    6 
  -46 
   34 
   10 
  -20 
   24 
    4 
   34 
  -40 
  -40 
   40 
  -46 
    6 
  -44 
  -48 
   18 
  -12 
  -26 
   26 
  -50 
  -36 
  -24 
   -2 
   12 
  -12 
   -4 
   28 
   26 
    4 
   30 
  -34 
   22 
  -20 
   18 
  -58 
   -4 
   48 
  -36 
   -8 
  -46 
   24 
   18 
   58 
    0 
   40 
  -36 
   -8 
  -18 
  -42 
   30 
   44 
   22 
  -14 
    0 
   38 
   22 
   24 
   -8 
   -4 
    0 
   26 
   14 
   50 
  -12 
   22 
  -32 
    2 
   38 
   52 
   20 
    4 
   24 
  -20 
   -2 
  -30 
  -64 
   -4 
   62 
   38 
   -8 
    6 
  -68 
