1 0
200
    1 
 -792 
    2 
    1 
    1 0 
 -792 
  145 -85 
    0 -1 
 -119 289 
    2 0 
 -264 
    0 
    0 

   -1 
    1 
    1 

    1 
    3 
    0 
    2 
   -2 
    6 
    2 
    6 
    6 
    0 
  -10 
  -10 
   -6 
  -10 
    0 
   10 
    2 
    4 
    8 
    6 
   -1 
   12 
   12 
  -10 
  -10 
   -2 
   -4 
   14 
   -2 
   10 
    4 
    0 
  -12 
  -14 
    0 
  -10 
  -14 
    2 
   -2 
   -4 
  -10 
  -22 
   -6 
   18 
   26 
   20 
   22 
   -6 
   -4 
   -4 
    2 
   14 
   22 
  -30 
   -6 
  -16 
    2 
  -18 
   18 
  -26 
   -1 
  -26 
  -12 
  -22 
    6 
  -24 
   10 
   -2 
   14 
   34 
  -14 
   24 
  -12 
   26 
    2 
  -30 
  -28 
    2 
   -6 
   14 
   22 
    6 
    2 
   34 
  -10 
   12 
   32 
   -2 
  -26 
  -14 
  -10 
  -12 
   36 
   10 
   10 
   32 
   20 
  -18 
   -2 
  -18 
  -28 
    8 
   26 
  -32 
  -14 
   -2 
  -22 
   -6 
  -22 
   10 
  -14 
   14 
  -14 
   26 
  -48 
   26 
    8 
  -14 
  -46 
    2 
   22 
  -34 
  -16 
  -10 
   22 
  -26 
   26 
   30 
   30 
   -2 
  -10 
   46 
   32 
  -26 
  -14 
   26 
   50 
   34 
   -8 
  -12 
  -50 
   50 
   -4 
  -30 
  -18 
   50 
  -18 
  -58 
  -26 
   10 
  -40 
   18 
   10 
  -46 
   20 
   20 
  -26 
   46 
   -4 
    2 
   10 
   22 
  -18 
  -40 
  -30 
   10 
   18 
   30 
   50 
  -14 
  -22 
  -62 
   38 
   38 
  -48 
   12 
   -6 
  -26 
  -18 
  -30 
   26 
   34 
    2 
   54 
   14 
   10 
  -10 
   42 
  -56 
  -14 
   22 
  -34 
  -66 
   50 
  -34 
   34 
  -14 
   34 
    6 
   54 
