2 0
25
   -1    -1 
    0     0 
   12    10 
    1     1 
    3 4     3 4 
   24    48 
   35 -218    35 -218 
    2 0     2 0 
  270 -510   270 -510 
    3 2     3 2 
    1     5 

    1     1 
    1    -1 
   -1    -1 
   -1     1 
    1     1 

   -1    -1 
   -1     1 
   -4    -2 
    1     1 
    4     4 
    0    -2 
   -4     4 
    2    -4 
    1    -1 
    0     0 
   -1    -1 
   -4    -4 
    6   -10 
   -6     2 
   -8     2 
   -6    -6 
   10     2 
   10     8 
    2   -14 
    6     4 
  -10    -2 
   -4    -8 
   -8     0 
   18    -8 
   10    -8 
