1 0
200
   -1 
    0 
    9 
    1 
    1 3 
   24 
  -80 141 
    1 0 
 -504 324 
    1 3 
    2 

   -1 
    1 
   -1 

    0 
    0 
   -1 
    2 
    5 
   -4 
    5 
   -4 
    2 
    5 
   -7 
   -7 
   -7 
   -4 
  -10 
   11 
    8 
  -13 
   -4 
  -13 
   -4 
  -16 
   17 
   -7 
  -10 
    2 
   -4 
    2 
   -4 
   20 
   -4 
   14 
    2 
  -16 
    1 
   20 
  -10 
   -4 
   -7 
    2 
   -7 
    2 
    2 
  -22 
  -16 
   -4 
    2 
  -13 
    2 
   26 
  -22 
    2 
   -1 
  -22 
   29 
  -28 
   11 
   26 
  -22 
   -4 
   20 
   11 
   -7 
  -16 
  -28 
   17 
  -13 
   32 
  -19 
   14 
  -10 
    2 
   17 
   26 
   14 
  -34 
   29 
  -22 
    8 
   26 
   11 
  -19 
   -4 
   11 
  -16 
   29 
   11 
   17 
   17 
   32 
   29 
  -16 
   32 
  -10 
   41 
  -16 
   20 
    2 
  -16 
   38 
    8 
    2 
   -4 
    2 
   11 
   11 
  -22 
  -19 
  -10 
   29 
   20 
  -16 
  -19 
  -10 
  -34 
   47 
   14 
  -10 
   14 
  -13 
  -10 
   14 
  -37 
  -46 
   14 
  -10 
  -28 
    8 
  -49 
    8 
  -22 
  -28 
   26 
  -40 
   38 
   14 
   -1 
   50 
  -46 
  -40 
  -25 
    8 
   41 
   32 
   14 
  -46 
  -40 
  -46 
  -10 
   20 
    2 
  -37 
  -34 
  -10 
   20 
  -10 
   44 
   20 
   29 
  -34 
  -16 
   44 
  -13 
   -4 
  -16 
  -16 
  -58 
   44 
  -16 
   38 
   29 
  -25 
   50 
   -4 
   47 
    2 
    8 
  -10 
  -49 
   26 
  -55 
  -40 
    8 
   14 
   26 
  -16 
   -7 
  -22 
  -64 
  -31 
   11 
   47 
   26 
  -43 
   38 
  -40 
  -28 
   59 
   -1 
  -13 
