6 16
25
   -1     1    -1    -1     1    -1 
    0   -24     0     0   -24     0 
    6     4     4     4     4     2 
   12     2     2     2     2    12 
    0 0     1 0     0 0     0 0     1 0     0 0 
    0   -24     0     0   -24     0 
  135 -54    86 85   135 -54   135 -54    86 85   114 -57 
    1 0     0 -1     1 0     1 0     0 -1     0 1 
  512 0  -256 0   512 0   512 0  -256 0   512 -512 
    3 2     1 1     3 2     3 2     1 1     3 3 
  -24   -12    -2    -2   -12   -24 

    1    -1     1     1    -1     1 

   -2     0     0     0     0     2 
    0     0     0     0     0     0 
    0    -2     0     0     2     0 
    0     2     0     0    -2     0 
    0     0    -4     4     0     0 
    0     0    -4     4     0     0 
   -2     0     0     0     0     2 
   -2     0     0     0     0     2 
  -10     2     6     6     2   -10 
    0   -10     0     0    10     0 
    0    10     0     0   -10     0 
    0     0    12   -12     0     0 
    0     0    12   -12     0     0 
   10     0     0     0     0   -10 
   10     0     0     0     0   -10 
    0     0    12   -12     0     0 
    0     0    12   -12     0     0 
   14     0     0     0     0   -14 
   14     0     0     0     0   -14 
   -2    14    -6    -6    14    -2 
   -2    14    -6    -6    14    -2 
    0   -10     0     0    10     0 
    0    10     0     0   -10     0 
   10    -2   -18   -18    -2    10 
   10    -2   -18   -18    -2    10 
