10 0
25
   -1    -1    -1    -1     1     1    -1     1     1     1 
    0     0     0     0   480   144     0   -72   600   360 
   20    12    12    18    20    12    20    12    10    10 
    1     1     1     1     1     1     1     1     1     1 
    3 1     3 1     3 1     3 1     1 0     1 0     3 1     1 0     1 0     1 0 
   48    48    96    24   480   144    24   -72   600   360 
  164 -69   164 -69   164 -69   164 -69   164 -69   164 -69   164 -69   164 -69   164 -69   164 -69 
    1 0     1 0     1 0     1 0     1 0     1 0     1 0     1 0     1 0     1 0 
  560 -112   560 -112   560 -112   560 -112   560 -112   560 -112   560 -112   560 -112   560 -112   560 -112 
    3 1     3 1     3 1     3 1     3 1     3 1     3 1     3 1     3 1     3 1 
    4    -4     8     2    40    12     2    -6    50    30 

    1     1     1     1    -1    -1    -1    -1    -1    -1 
   -1    -1    -1     1    -1    -1    -1     1     1     1 
   -1    -1    -1    -1    -1    -1    -1    -1    -1    -1 
    1     1     1    -1     1     1    -1    -1    -1    -1 

   -1    -1    -1    -1     1     1     1     1     1     1 
    0     0     0     0     0     0     0     0     0     0 
    0     0     0     0     0     0     0     0     0     0 
   -1    -1    -1     1    -1    -1     1     1     1     1 
   -6     2     2    -4    -6     2    -6     2     4     4 
   -2    -6     6     6    -2     6     2     2    -2     6 
    0     0     0     2     8     0     0    -8     2    -6 
    0     4    -8    -6     0     0     4     4     2     2 
    2     2     2    -2     2     2    -6     2    -2    -2 
    4     8    -4   -10    -4    -4     0     0     6    -2 
    4    -8     4   -10     4    -4    -8     8    -2    -2 
    6     2   -10     2     6     6    -6    10     2     2 
    6    -6     6     6   -10     6     2     2     6   -10 
   -4     4     4     8     4    -4    -4    12    -8     0 
   -4    -8     4    -4     4    -4    -8     0    12     4 
   -2     2   -10    14    14    -2     2     2    -2     6 
    2    -2   -14    -8    10     2   -10   -10     0    -8 
   12   -12   -12    -4   -12     4   -12     4     4    -4 
    4    12   -12     0   -12    12     4   -12     8     8 
  -14    -2   -14     6     2    10     6    -2    -2    -2 
  -10    -2    -2    16    14    14    14    -2     0     8 
   -8    -8    -8    -8     8     0     0     0   -16    16 
    0     8     8     8    -8    -8    -8     8     0     8 
   -6    -2    10    -2    10   -14   -10    -2     6   -10 
   14    14   -10    -8   -10     6    -2    -2     8    16 
