4 7
200
   -1     1    -1    -1 
    0     0     0     0 
    7     6     6     3 
    1     1     1     1 
    3 1     5 4     3 1     3 1 
   36    48    48    12 
  -88 141    57 -118   -88 141   -88 141 
    1 0     1 0     1 0     1 0 
 -406 476   406 -476  -406 476  -406 476 
    3 1     3 2     3 1     3 1 
   -3     1    -4    -1 
    0     0     0     0 
    0     0     0     0 

    1    -1    -1    -1 
   -1     1    -1    -1 
   -1     1    -1    -1 
    1     1    -1    -1 

   -3    -2    -2     1 
   -1     1     1     1 
    1    -1     1     1 
    1    -1     1     1 
   -2    -6    -4    -4 
    0    -4    -4    -4 
    1    -4     2    -7 
   -2    -4    -4     8 
    2    -4     2    -4 
    5    -4     8    11 
   -8   -10     8     2 
   -2     2     2     2 
   -8   -10   -10    -4 
   -2     4   -10   -10 
   10    -6     2    -4 
    8     8     8   -10 
  -13    -6   -10    -1 
    7     0     8    -7 
    4     8     2   -10 
   -6    -2     2     2 
   14     6   -10    14 
  -11    -8   -16     5 
    0    -2     8     8 
    6   -14    14   -16 
   -3    -8     2   -13 
    6     6    -4    14 
    2    -2   -16   -10 
   -8    -6    14   -10 
    6    -2   -16     2 
    2    -8   -10    20 
   -2     0   -16   -16 
  -15     2    20    -7 
    4   -14   -22    -4 
    0   -16    20     8 
    0   -12     8   -10 
  -16     8     8     8 
   20    -2    -4   -22 
   -5    10   -22   -13 
  -11   -12    -4    -1 
  -10   -10    14   -10 
    1   -14    14   -19 
   -2    -2   -10   -22 
   -6    -4   -22    14 
   14    -4   -22    -4 
  -24   -20     8    -4 
   -3     8   -16    11 
  -20     2    14   -22 
  -18    28    26    20 
    4     8   -16    -4 
    0   -16     8     8 
   28    -4    -4   -22 
   14    26    -4    14 
  -10    10     2    -4 
  -26    -2    26     8 
   26    14     8    14 
   15   -20     8     5 
   -4   -26   -10    26 
   11    16   -28   -19 
   10    12    -4    14 
   26    20   -16   -10 
   -8    24   -10    -4 
   20    20    20   -16 
   -7   -20     2    -7 
  -31   -26    14    11 
  -25    16    26   -19 
    9    28     8    35 
    7    12    32    -7 
   -1    -1     1     1 
   14     2   -22   -22 
   -8    -8   -16    14 
  -28     2     8   -28 
   13     8     8    35 
    4   -16     8   -28 
   14    -2   -22    32 
   20   -26   -22    14 
  -12   -12    14    26 
    0    -6   -22   -10 
   24    -8   -28    14 
   -1   -18     2   -25 
    8    -6    26   -16 
    4   -14   -34     8 
  -32    30   -10     8 
  -22    18   -22   -34 
   26    14    26    14 
   26    22    14    26 
  -18     4   -28   -28 
  -19     0     8    -1 
   12    22   -34    14 
  -27   -10   -22    -7 
   32     4   -40   -22 
  -24    -8     8   -16 
  -15     8    20    -7 
   19    14   -16   -25 
   32    32    14    14 
  -24   -30   -10   -16 
   11   -34   -34    11 
   -4    36    20   -34 
   -4   -32   -10     8 
  -28    46   -34   -34 
   13    -8   -40    -1 
  -11   -12    20   -13 
   22    -4   -22    20 
   -4   -44   -40    -4 
    4    20     8    20 
  -13   -48   -34   -43 
  -28    34     2   -16 
  -10   -22   -22   -16 
   37     2    26    -1 
   23     0   -40    41 
   16   -40    -4    -4 
  -20   -38     2    38 
   46   -38   -16     2 
   24     0   -28    26 
  -20   -20    -4   -34 
   29    -4    20    -7 
  -20   -34   -16   -16 
   -4    36    44   -16 
   23   -48    14   -13 
  -25    30    38    35 
   22    -2   -22    14 
   -5    26   -10    -1 
  -22     6    14     2 
    6   -28   -52    14 
   -4   -10    26     8 
   26    30   -46     8 
    9   -38     8    -1 
   19    -4     8   -19 
   -8   -14   -28    44 
  -29    14   -34    35 
  -28    -2   -40    14 
  -46   -50   -34    20 
  -25    36    -4   -19 
  -32    20    32    32 
   43     8    32   -13 
  -37    14   -52    29 
  -18   -30    38   -16 
   -2    16    50   -22 
   14   -50    14    14 
  -14   -32    -4    32 
   32    -4    -4    32 
  -56    -6    38   -16 
  -45    42     2   -25 
    4     6    32    -4 
   19    24    -4   -13 
   26   -50    14   -46 
  -19    50     2    29 
   26    10   -10     2 
   -1   -50    26   -37 
  -19   -50    38   -31 
   20    20   -52     8 
  -20    -8   -46    56 
   18     6   -22    -4 
  -42    -6     8     2 
  -44     4   -40   -28 
  -36   -36    44    -4 
  -17    16   -52    41 
  -23     4     8    35 
    4    40   -16    38 
    9    10     8     5 
   24   -18    50   -28 
  -22     2   -10    14 
  -37   -32    32   -13 
  -34   -12    32    14 
    2   -24   -16   -16 
   45   -26    32    53 
  -32    20   -40    20 
   -8   -14   -28   -28 
  -39    42   -58    17 
   41    10   -46     5 
   21   -34    14     5 
   14    30    20   -46 
   26    44   -34   -22 
   10   -14    26    26 
   38    -4   -16   -28 
  -22    56   -52     8 
   -2   -42    38    50 
  -55    -4     8    -1 
  -17    16    56   -43 
  -47    56   -16   -25 
   50    30   -10   -46 
    0    58   -52    50 
  -48     4   -16    -4 
   26   -12    32     2 
  -54    22    14   -40 
   -4    22   -34   -10 
   19    -6   -16   -43 
  -52   -34    38   -16 
   56    20     8    44 
   40   -28     8   -46 
    4    -4    50    14 
  -31    22   -10    -7 
    2    -8    14    26 
  -48   -46    38   -52 
   13   -12    20   -25 
   32    -2    26   -40 
   -1    22    26    47 
  -45   -10    62   -25 
    5    -8   -28   -37 
  -10   -14   -46     8 
  -60    -4    44    44 
