1 0
200
   -1 
    0 
    5 
    1 
    3 1 
  144 
  -42 159 
    1 0 
 -286 594 
    3 1 
  -12 

   -1 
   -1 

   -1 
   -3 
    1 
    1 
   -2 
    1 
   -6 
    0 
   -6 
   -2 
   10 
    6 
    3 
    0 
    6 
   -6 
  -15 
   -7 
    8 
   -2 
   16 
   11 
    5 
   17 
    5 
  -19 
  -16 
   10 
   16 
    1 
  -13 
    8 
   -5 
   -2 
    2 
   -4 
  -22 
   14 
   22 
  -14 
   19 
  -23 
    4 
    4 
   18 
   15 
  -12 
   -3 
   -8 
  -14 
    6 
   15 
   13 
   28 
   14 
   14 
  -32 
  -32 
   -2 
   16 
   24 
   -4 
   17 
  -22 
   29 
  -26 
   -8 
   14 
  -13 
    0 
  -24 
   16 
   -2 
  -32 
  -23 
   -2 
   -8 
   25 
  -26 
  -21 
   -6 
  -11 
   -8 
  -14 
   -2 
   28 
   25 
   30 
   -9 
   -8 
   -8 
    5 
  -16 
  -40 
   29 
   -7 
   -7 
    9 
  -20 
  -11 
   26 
    1 
  -28 
  -31 
  -33 
   18 
  -10 
   23 
    8 
  -28 
   26 
  -31 
   14 
   14 
   -5 
  -32 
  -40 
   44 
  -41 
  -17 
   -7 
   41 
   47 
   38 
  -10 
   29 
   -6 
   30 
    3 
  -24 
   -4 
   44 
   22 
   13 
  -10 
  -16 
   38 
  -37 
  -35 
  -44 
   -2 
  -20 
  -54 
   48 
  -38 
   -2 
   14 
  -22 
  -40 
   36 
  -15 
   27 
  -18 
   -8 
  -44 
  -36 
    3 
   -8 
  -11 
  -37 
   20 
   22 
  -50 
   40 
   19 
  -34 
   38 
   50 
  -40 
    7 
   34 
  -22 
   11 
  -13 
   50 
   20 
  -55 
  -46 
  -31 
  -14 
    1 
  -10 
    8 
    0 
  -30 
  -18 
   57 
   12 
  -33 
   62 
  -25 
   26 
  -13 
  -42 
   36 
   62 
   20 
  -14 
   49 
   54 
