4 4
200
    1     1    -1     1 
    0   144     0   -24 
    6     6     4     3 
    1     1     1     1 
    3 1     1 0     1 3     1 0 
   24   144    24   -24 
  -47 83   143 -30   -77 144   143 -30 
    1 0     0 -1     1 0     0 -1 
 -225 285  -225 285  -510 345  -225 285 
    3 1     2 0     1 3     2 0 
    2    48     2    -8 
    0     0     0     0 
    0     0     0     0 

   -1    -1    -1     1 
   -1     1     1    -1 
   -1    -1    -1    -1 
    1    -1     1    -1 

    0     0     0     0 
   -1    -1     1     2 
   -4     2    -4    -1 
    1    -1    -1     1 
   -4     6     6     2 
   -4     0    -2     5 
    0     4    -4    -7 
   -6    -4     0     2 
    1     1     1     1 
  -10    -6     8     8 
  -10    -2    -4     2 
   -6    -2     6     2 
    0     6     2     5 
   -1     1    -1     1 
   -8    -6     8    -1 
    6   -10   -10     2 
   -6    -2    -2    -1 
   -8    14   -12     5 
    8     8    -8     5 
   -8    10   -14    -7 
   -2    -2    -6    -4 
   -6     6     8    14 
   10    -4     4     8 
   14    14     2   -10 
   -6   -14     2   -16 
    0     0    -8    14 
   16     0    16    -4 
   -2    18    14    11 
   10    14   -10   -10 
  -14     8    18     8 
  -16    16     8   -10 
  -16   -12     8     8 
    0    20    -4   -19 
  -20    -4   -20     8 
  -10    16     0    20 
   16    -8     0    17 
   -4    -2   -22    23 
   22    22    -2    14 
    0   -12   -24   -16 
    4    -4    12   -16 
   22   -16    10     2 
  -18    -2    18   -16 
   16   -18    -2     2 
   -4    10   -10    11 
    4    -8   -24    17 
   14     4     4     2 
   -2    16   -20     8 
   12     8    12     5 
    8     8   -16    20 
   -4    14    16    17 
   22     6    -2   -13 
  -22   -18   -10   -19 
    2   -10   -10   -10 
  -10    10   -30    17 
    6    18   -28     8 
   10    22    16   -16 
  -14   -22   -26    14 
  -12    22   -26    -1 
  -24     6    12    11 
  -20    18    24    -4 
   -6    -8   -10   -10 
    4     0   -20   -16 
  -20   -32    12   -34 
   28     6   -18    -1 
   10    -6    26    -4 
  -32    28     4   -25 
   10    30    -8     8 
   -2   -34     2   -22 
  -26    14   -30   -22 
  -14     6    30    -1 
  -10    24   -26    26 
    0   -10    28   -16 
   16   -14    32    17 
  -12   -28   -14    14 
  -14    10    30    20 
    2    26    -8   -22 
  -30     4     4    32 
   -8   -32   -14   -37 
   20   -14    -6    26 
   -6    -6   -38    23 
  -34    26    14    26 
   -6    18    -2   -13 
  -22    20   -22   -22 
  -30    -2    -6     2 
  -16   -36    14    11 
   28     8    16    35 
  -36     8     0    -7 
   32    36   -22   -34 
   -2    38    -6   -28 
   -4    22   -32   -19 
   16   -16    40     8 
   16   -16   -24     8 
  -32   -20   -32     8 
  -10   -14     0    14 
  -40    28   -20    20 
   -8   -36   -36   -31 
   28    -4   -20   -40 
   26     8    34   -28 
  -42     8     2    -4 
  -34   -12     2     2 
   40   -46   -28    17 
  -20     0     0   -19 
   32    44   -20   -19 
   26    18    20    32 
    2   -38    18    14 
   -8    10   -34    -7 
    2   -30    10    35 
  -42   -32    -6    14 
  -24    28     8    44 
   28   -14     0    -4 
    4   -16     2    -7 
   28    32    10    -7 
   38   -38    16   -46 
   26   -10    44    26 
  -34   -30    40    32 
  -20   -40   -48   -28 
   -4    44   -36     8 
  -28    32   -20   -16 
   38    18   -34    50 
  -18    32    38    14 
   -6    30    26     2 
    8    22    -2     2 
   -8    40    36   -37 
   -2    10     0    26 
  -30    -2    34     8 
  -38   -34   -38   -22 
   24     8    16     8 
  -28     8    20    23 
   28   -20   -26    41 
  -14   -10   -34    32 
    0   -36   -20   -25 
   22    18    52   -40 
  -24    40    -8   -31 
  -50   -30     4    14 
  -20    20     6    41 
   22    22   -26   -34 
   22   -30    10   -40 
  -26    -4    10   -22 
   28    -4   -52    20 
   12    28   -52    -4 
  -32    52    20     5 
   -6   -38     4   -16 
  -40    10    -8     8 
   28    -8   -36   -40 
   42    -2   -50    14 
   46    42    10    20 
   38   -10   -14     5 
  -34    34    -2    26 
    6    30   -26    26 
  -40    20    28    41 
  -14   -44   -20   -34 
  -14    -6   -10    44 
  -50   -18   -50    32 
    4     4    36     2 
  -36   -36    20    -4 
  -16    18   -32    53 
   28    32   -28   -37 
  -26   -10    36    32 
  -30   -16     8   -46 
   40    52   -58    47 
   14   -10   -22     2 
   56    -8     8     2 
   24   -20   -16   -22 
    2   -30   -60   -58 
  -24    24    16    35 
   -8   -52    18    -1 
  -22   -42   -26     2 
   -2    30   -38   -34 
  -22   -20    -2   -16 
   50   -30   -10    50 
  -50   -10   -34   -43 
  -16   -18   -14    38 
   -4    22   -14    -1 
  -18    16     4   -40 
  -20   -16    40   -13 
   10    60   -48   -28 
   20     8    -4   -28 
  -16   -24    40   -28 
  -24    16     8    14 
    2   -22   -18    -1 
   10    -8     6   -40 
  -20    28    12    23 
  -16    28    48   -28 
   14   -26     6   -22 
  -56    22   -58   -58 
   32   -16     6   -13 
  -50    -2    62     2 
   28     4    20   -40 
  -48    20    48    -4 
   54   -24   -42    14 
  -58     8    54    20 
  -14    34   -14     2 
   42    34   -46    38 
  -60    32    20    29 
  -16    20   -28   -52 
  -50    48   -46    20 
   14   -40    18    -4 
   42   -14   -34    14 
   26     6    14    38 
    2     0    40    20 
