1 3
200
    1 
    0 
    8 
    1 
    3 1 
   24 
  -35 83 
    1 0 
 -189 297 
    3 1 
    2 

   -1 
    1 

    0 
   -3 
   -1 
   -2 
   -6 
    2 
   -5 
    0 
   -8 
   -1 
   -2 
  -10 
    9 
  -10 
   -5 
    1 
    5 
   -2 
   -3 
   12 
    4 
   -8 
  -10 
   -6 
  -12 
  -14 
    5 
  -16 
    4 
    5 
  -13 
   10 
    9 
  -18 
   -1 
   14 
  -23 
   -1 
   -1 
  -14 
  -20 
   -6 
  -18 
   11 
   -3 
   10 
   -1 
   22 
  -25 
    2 
   -4 
  -24 
   14 
  -18 
   30 
  -15 
  -12 
   18 
  -14 
    3 
   14 
   27 
   -8 
   -6 
   22 
    7 
   20 
   24 
    6 
   -1 
  -23 
   -1 
   34 
  -11 
  -13 
  -12 
   28 
   29 
   -6 
  -20 
    6 
    2 
   26 
  -11 
  -21 
  -10 
   32 
   32 
  -34 
  -24 
    9 
   20 
  -25 
    8 
  -11 
  -16 
    4 
    3 
    8 
  -30 
   14 
   44 
   42 
   -5 
  -29 
  -17 
   35 
  -43 
  -43 
   12 
   11 
  -26 
  -44 
  -12 
   -4 
  -28 
  -46 
    4 
  -13 
  -19 
  -30 
  -31 
   -1 
  -36 
    8 
   12 
    4 
  -27 
  -36 
   14 
  -16 
    9 
  -20 
   32 
   30 
   14 
   53 
   45 
   -8 
  -40 
   10 
  -40 
  -40 
   24 
  -52 
  -14 
   22 
  -26 
  -17 
  -30 
   28 
   50 
   45 
  -44 
   16 
  -11 
  -34 
   40 
  -21 
   33 
   -7 
   19 
  -12 
    2 
   53 
   11 
   22 
  -26 
  -12 
  -23 
  -26 
   10 
   20 
    8 
  -20 
  -34 
   12 
   -5 
    4 
   35 
  -29 
  -17 
   -8 
   36 
   54 
  -20 
   64 
   46 
    4 
   50 
  -26 
   28 
   12 
   10 
   33 
   -5 
   10 
  -36 
   30 
  -33 
