2 0
200
   -1    -1 
    0     0 
    7     6 
    1     1 
    3 1     3 1 
   48    12 
  145 -79   145 -79 
    1 0     1 0 
  513 -171   513 -171 
    3 1     3 1 
    4    -1 

   -1     1 
   -1    -1 
    1     1 
    1    -1 

    0     0 
   -2    -1 
    0    -1 
    1     1 
   -2    -1 
    7    -3 
   -1    -1 
   -1     1 
   -4    -6 
   -6    10 
   -3     9 
   -4    -2 
    7    -4 
    9    -8 
    1    11 
   -4    -6 
    6     5 
    3    12 
  -14    -8 
    1    12 
   -6     2 
   -5     8 
   10     0 
   -5   -14 
  -12    -2 
   -6    13 
    1   -16 
    0     2 
   -1    19 
  -10   -15 
    0     0 
   19     9 
  -14     3 
    0   -14 
   -8    -2 
    0   -16 
  -10    -7 
  -12    18 
  -10    -8 
   18   -10 
   10     1 
   -4    -5 
    9    -4 
  -20   -18 
   11    -9 
  -21     2 
    6    -6 
    9    11 
  -28    10 
   12   -19 
  -22     8 
   10   -14 
  -16    11 
    1   -26 
   -8   -12 
    1    -5 
   -2   -26 
   12   -32 
   -4   -18 
    1   -13 
  -16   -20 
   -9   -26 
   -8    -1 
  -26     1 
  -10     9 
   20    -2 
   22    17 
   22     5 
   22    13 
    9   -37 
    5   -10 
    7    35 
  -15    10 
   16   -20 
   -1    26 
    2    29 
  -31   -28 
   33    -9 
   18   -11 
   10    17 
    5   -26 
  -22   -17 
  -26   -35 
  -10   -24 
  -21    18 
   28     1 
  -20    10 
  -33    10 
    6   -22 
    8    16 
   -3    -1 
   32   -16 
    2   -12 
   14    24 
  -32   -31 
   28   -19 
  -22    14 
   10    27 
   45    12 
  -17    32 
   -4    39 
  -28   -28 
  -11   -38 
  -44    33 
  -30    18 
   10    10 
    5     8 
   26    12 
  -40   -32 
   -7   -21 
    4    -9 
  -30     1 
    2    42 
  -14   -15 
  -30   -36 
    8   -30 
    3   -40 
   12    43 
   -2    22 
   -7    14 
    1   -36 
   20     2 
   23    19 
  -35   -18 
  -22    34 
  -49    -8 
   44   -40 
    8    37 
  -37    36 
   30     4 
  -38   -36 
  -16   -37 
  -11    10 
   10    -1 
   38    26 
   -6   -28 
   -8    -1 
   36   -10 
   38   -36 
  -32   -35 
  -46   -35 
   53   -16 
   40    14 
  -26    11 
   55    -3 
  -20    26 
  -15    -2 
   43    43 
   17   -51 
   38    18 
  -34   -48 
    2   -12 
  -22    12 
  -36   -25 
  -20    52 
  -32     8 
  -35   -16 
  -22    34 
   20    23 
  -19    25 
   29    -7 
  -22    21 
   28   -20 
  -13   -25 
  -10   -26 
   32    13 
    0    50 
   35    -1 
   24   -26 
   16   -12 
  -25    22 
  -62   -22 
  -34    26 
    8   -55 
  -40    10 
    6   -50 
   30    28 
  -28    38 
  -35   -25 
  -55   -22 
   -5    30 
   40     0 
  -25   -22 
   46    19 
   10    62 
  -52     2 
  -50    34 
   37    25 
   26    22 
  -31   -22 
   48   -19 
  -53     5 
  -12   -35 
  -38   -44 
  -17   -14 
   -2    23 
  -19    55 
   47    -2 
   25   -12 
  -56    20 
