1 0
200
   -1 
    0 
    4 
    1 
    1 3 
   12 
  145 -84 
    1 0 
  396 99 
    1 3 
    1 
    0 
    0 

   -1 
    1 
   -1 

    0 
    1 
    3 
   -1 
   -7 
    4 
   -7 
    4 
    4 
    3 
   -8 
   -4 
   -4 
  -10 
    1 
    0 
   11 
  -10 
   12 
   -6 
   16 
  -10 
    1 
    2 
    2 
  -19 
    3 
    2 
  -20 
    1 
   14 
   -8 
    2 
    2 
    8 
    8 
    2 
   13 
   -3 
  -14 
   18 
  -15 
   -1 
  -23 
  -26 
   -4 
  -21 
   12 
  -14 
  -14 
   -9 
  -20 
  -16 
   -5 
    2 
  -20 
  -11 
  -22 
   13 
  -31 
    2 
  -15 
  -15 
   -8 
  -19 
   24 
   13 
   16 
   16 
    2 
    2 
   20 
  -24 
   -6 
   16 
   16 
   16 
   13 
    2 
   -7 
   26 
  -22 
  -22 
  -22 
   11 
  -11 
    0 
    6 
   28 
   22 
   33 
  -13 
   20 
  -17 
   38 
   16 
   16 
   -4 
  -18 
   -7 
   -4 
   40 
  -37 
  -26 
   30 
  -14 
   16 
  -17 
  -32 
   12 
  -28 
   38 
    7 
   -4 
   15 
  -18 
   12 
   12 
   -1 
  -12 
  -49 
   -5 
   44 
  -11 
  -17 
   -6 
   49 
  -17 
  -46 
  -35 
  -39 
  -28 
  -10 
   23 
   -6 
   -6 
   46 
   46 
   26 
   48 
  -42 
  -42 
   -4 
   -4 
   -8 
  -30 
   -5 
   19 
    8 
   30 
    8 
   -2 
  -24 
    4 
   37 
   10 
   -1 
    2 
   24 
   52 
  -25 
  -52 
   -8 
  -35 
   -2 
   10 
   -1 
   30 
   -3 
   25 
   58 
    9 
   53 
  -40 
  -18 
    5 
  -50 
    4 
   26 
   36 
   14 
  -31 
  -42 
   40 
   -4 
   16 
   60 
   33 
  -11 
   15 
  -29 
    6 
  -38 
   60 
   16 
   25 
   14 
   36 
   -8 
  -64 
