2 0
200
    1     1 
   72    48 
    3     4 
    1     1 
    1 0     1 0 
   72    48 
   -5 44    -5 44 
    0 -1     0 -1 
  -77 -11   -77 -11 
    2 0     2 0 
   24    16 
    0     0 
    0     0 

    1    -1 
    1    -1 
   -1    -1 

   -1     1 
    2     1 
   -1     0 
    4     4 
   -2    -6 
    3     2 
   -1     1 
   -5     8 
    4    -6 
    7     0 
    2    -8 
   -9     6 
    6     6 
   10     8 
   10     4 
    1   -10 
   11    -2 
   -4     4 
   -4    -4 
   -4    14 
   -4    -2 
   -4     8 
   -4     4 
   -8    -6 
   17   -14 
   13   -16 
  -12    -8 
   18    -6 
   -7     2 
    1     1 
  -14     8 
   -9   -20 
  -23    -4 
   -8    16 
    5    -8 
   10   -12 
  -16    -2 
    4    -2 
  -16   -20 
   14    20 
    2   -10 
   17    -2 
    1     2 
  -24    10 
   -5    16 
  -25     8 
   10     4 
    5   -24 
   -4   -24 
    1    16 
   16   -10 
  -14     6 
  -10   -26 
   10   -10 
    0   -20 
   20     8 
   19   -30 
   14    26 
   -4    32 
  -14    -4 
  -10    26 
   -3    20 
   -8    32 
   18   -22 
    8    26 
   30     4 
   15    28 
  -12    22 
   -2   -26 
  -24    22 
    6    -2 
  -37   -24 
   -7   -24 
  -22   -34 
   -7   -18 
  -27    12 
  -12    36 
   38    -2 
    3   -18 
  -32     6 
    3   -10 
    4   -18 
    9   -26 
  -21   -30 
  -26     2 
   10    28 
   40    -8 
  -32   -18 
   -2    -2 
   41     8 
    1   -24 
   24    16 
   24   -24 
  -34    12 
  -14    12 
  -11   -16 
   34    20 
   38    34 
    6    18 
  -44   -22 
    8     8 
  -17    36 
  -16     0 
  -16    -4 
   20    18 
  -30    18 
  -19    -6 
   -4     2 
  -24   -16 
   41    20 
    9   -42 
  -11    -2 
   44    28 
  -46     4 
   36    24 
   16   -40 
    5    36 
  -35     4 
   -1   -42 
    4    22 
   -1     2 
   14    -6 
   -8    12 
  -13    28 
   18    14 
   23    -2 
   40     0 
  -35   -40 
  -50   -14 
  -40    26 
  -47    48 
  -37    20 
  -28   -24 
  -48     8 
  -10    -2 
    0    30 
    2    26 
    2    10 
  -18   -44 
  -23   -32 
    4   -16 
   44    52 
   24    16 
  -46   -24 
  -12   -42 
   33   -18 
  -17    42 
  -44    38 
   26   -50 
   34   -28 
   14    28 
   26    14 
   -4   -18 
  -50    44 
   20    44 
   -3    52 
   52   -12 
   25     4 
    5     8 
    6   -54 
   -4    10 
    4    -8 
   39    44 
  -10   -16 
   35    -8 
  -46   -18 
  -46   -26 
   43    22 
  -42     6 
   46    14 
   36    -2 
   47   -26 
   22   -10 
   -6    56 
   29   -24 
  -29   -16 
   21     4 
  -10     8 
  -40    44 
   54   -34 
   34   -10 
   63    16 
  -17    -8 
  -14     6 
   36    -2 
    2   -62 
    2    10 
   28    -4 
  -17    -4 
   54   -34 
  -36   -34 
   44   -38 
   -1     2 
   -3   -12 
   42   -12 
   52   -22 
    2    58 
   18   -10 
   -7   -26 
  -40     8 
