1 0
200
   -1 
    0 
    4 
    1 
    1 3 
   72 
  -45 143 
    1 0 
 -475 437 
    1 3 
   -6 

    1 
   -1 
   -1 

    0 
    0 
    1 
    1 
    0 
   -4 
   -1 
    1 
   -3 
   10 
    6 
    2 
   10 
    1 
   -7 
   -5 
    1 
    2 
    2 
    5 
   -1 
  -12 
   -4 
   16 
   10 
    4 
   -8 
   -2 
  -14 
   -3 
  -16 
  -20 
  -21 
   -5 
  -16 
   14 
    2 
  -18 
   16 
   20 
  -16 
   -2 
    4 
    1 
  -23 
  -11 
   18 
  -12 
   28 
   10 
   -1 
   -5 
  -14 
   -8 
   16 
   -8 
   13 
    1 
    1 
   -9 
   25 
  -28 
   -4 
  -34 
   18 
   20 
  -22 
  -20 
   22 
   31 
  -19 
    0 
   -8 
  -10 
  -14 
   18 
  -14 
  -17 
  -27 
   26 
  -10 
  -30 
  -34 
  -14 
    8 
   14 
    6 
  -23 
  -17 
    7 
  -23 
  -16 
   20 
   21 
  -25 
   34 
  -20 
   22 
  -11 
  -29 
  -16 
  -44 
  -20 
   20 
   17 
   21 
  -34 
   -8 
  -22 
  -38 
   19 
   33 
   44 
    0 
  -41 
   13 
   43 
  -13 
  -40 
  -40 
  -34 
   32 
  -13 
   19 
  -46 
   38 
   23 
   25 
  -30 
   -6 
    9 
  -17 
   30 
   12 
  -37 
   25 
   15 
  -17 
  -14 
  -18 
   24 
  -20 
   51 
  -31 
   26 
    4 
  -50 
    6 
   22 
   15 
  -35 
   -2 
   40 
  -23 
   31 
   18 
  -10 
  -24 
  -32 
  -29 
   -1 
    8 
  -20 
  -10 
    4 
   -1 
  -45 
   -4 
  -24 
   54 
   26 
   26 
    6 
  -12 
  -50 
   12 
   64 
   40 
   16 
  -53 
  -51 
   31 
   -3 
   -4 
   44 
   -2 
    2 
   22 
   -4 
   12 
   -6 
  -50 
   52 
    6 
  -36 
   53 
    5 
  -34 
   34 
   28 
