2 0
200
   -1     1 
    0  -360 
   10    10 
    7     1 
    0 0     1 0 
    0  -360 
   -1 -38    33 -31 
    1 0     1 0 
   72 -192    96 -60 
    3 2     2 1 
  -42   -60 

   -1     1 
    1     1 
   -1    -1 

    0     0 
    0     0 
   -2    -2 
    0     0 
   -2     2 
   -2     4 
   -6    -2 
    0    -4 
   -2     2 
    0     8 
   -4     4 
    4    -2 
   -8    10 
    8     4 
   -6    -2 
   -6     2 
   -8    10 
    4    -4 
   12    -4 
  -10     2 
  -14     4 
    8     8 
   -4     8 
  -14   -10 
   14    -8 
    0    -8 
   -8    -4 
   10    16 
    2    16 
    4    10 
   -8    20 
   20   -16 
  -12    -4 
   16   -20 
    2    10 
  -12     4 
    4    -2 
  -18     2 
   -4     8 
   -4    -4 
    2   -10 
    2    -8 
  -12   -14 
   -4   -14 
   18   -14 
   24     8 
   -2   -14 
  -16     4 
   14   -26 
    0     8 
   14   -20 
  -22    14 
   18    28 
   10    14 
   20    28 
    8    -4 
   -2    26 
   18    14 
    4    -4 
  -14   -26 
  -18     2 
    2    -2 
  -12    20 
  -28   -14 
    6   -10 
   34    22 
    4    -8 
   22    -8 
   -6     4 
  -14    26 
   28   -26 
  -18   -26 
  -28     8 
   22   -22 
   10    14 
  -20   -32 
  -34   -14 
  -14   -34 
  -20    -2 
  -14    14 
   10     4 
  -22   -34 
    6    26 
   40    -2 
   26   -34 
  -20   -40 
  -22   -14 
  -22   -20 
   18    28 
   20     8 
   -8    -4 
   24   -32 
    2    34 
   -8   -20 
  -38    22 
  -20    16 
   28   -28 
  -40    -2 
   10    38 
   22   -22 
   16   -28 
  -12   -28 
   12    -4 
    4    20 
   14    26 
   -4   -38 
  -26     2 
  -12   -14 
   14    22 
   20    32 
   26   -46 
   26    14 
    0   -20 
    4   -28 
  -40    20 
   16   -16 
   40   -28 
   -2    34 
   42   -34 
  -32   -14 
  -20    34 
  -20    10 
  -28   -16 
    8    28 
  -10    28 
  -10   -20 
   40    16 
  -16   -40 
   -6   -32 
   14     2 
   40    20 
    4   -16 
  -10    22 
   48   -32 
   26    16 
   26    16 
   26    14 
  -16   -26 
   -4     8 
    4   -32 
   28    16 
   28   -16 
  -16    32 
  -16    44 
   42    14 
  -18   -20 
   -2   -32 
  -12    -2 
  -26   -10 
    8    20 
  -50   -14 
  -18    14 
  -46    38 
   -6    46 
  -20    -8 
    2    46 
   -4    16 
  -24    16 
    6    -2 
  -26   -22 
   16    22 
   48    20 
   -8   -40 
   16    16 
   10    10 
   46    26 
  -56   -14 
  -22    14 
  -50    50 
  -14    14 
  -28    22 
   26   -10 
   18   -10 
  -52   -40 
   14   -50 
   -8    20 
  -36   -40 
    0    56 
  -56    16 
    6   -46 
  -56   -38 
   24   -28 
    8    32 
   34   -34 
   34   -10 
   58    40 
  -26   -44 
    0   -44 
  -52     8 
  -62   -10 
  -46   -58 
  -42    40 
   34   -34 
  -52    40 
   46    10 
   -4    34 
  -68   -14 
   10   -10 
  -46    38 
   58    10 
