7 4
200
   -1    -1    -1    -1     1     1     1 
    0     0     0     0   384  4992   288 
   16    12    20    12    16     8    12 
    1     1     1     1     1     1     1 
    5 0     3 4     5 0     4 5     1 0     1 0     1 0 
  192   384   672    24   384  4992   288 
   31 -154   -97 -146   -97 -146   -97 -146    24 -83    24 -83    24 -83 
    0 1     2 0     2 0     2 0     1 0     1 0     1 0 
 -616 -154     0 -462     0 -462     0 -462   154 -308   154 -308   154 -308 
    5 0     3 2     3 2     3 2     3 1     3 1     3 1 
    8     1    -6    -1    26   326    22 

    1     1     1     1    -1    -1    -1 
   -1    -1    -1    -1    -1    -1    -1 
    1     1    -1    -1     1     1    -1 
    1     1    -1    -1     1     1    -1 
   -1    -1    -1    -1    -1    -1    -1 

   -1    -1    -1    -1     1     1     1 
    1     1     1     1     1     1     1 
   -1    -1     1     1    -1    -1     1 
   -1    -1     1     1    -1    -1     1 
   -2     2    -6     2    -2     6     2 
   -2     2    -6     2    -2     6     2 
    6    -8    -2    -4     0     6     2 
    6    -8    -2    -4     0     6     2 
  -10    -6     6    -6    -6   -10   -10 
    6     8     6    -4     4    -2     2 
    6     8     6    -4     4    -2     2 
   -6     6    -6    -2    -2    10     2 
   -6     6    -6    -2    -2    10     2 
   -8     8     4     0     4     8    -4 
   -8     8     4     0     4     8    -4 
    6   -14    10   -14    -2    -2     2 
    6   -14    10   -14    -2    -2     2 
   -4    -4     4     4    12    -4    -4 
   -4    -4     4     4    12    -4    -4 
  -12   -14     0     6     6    12    -4 
  -12   -14     0     6     6    12    -4 
    0    -8   -16     0    -8   -16     8 
    0    -8   -16     0    -8   -16     8 
   10    18   -14   -14   -14    -6     2 
   10    18   -14   -14   -14    -6     2 
   10   -16    -6    -4     4   -14    14 
   10   -16    -6    -4     4   -14    14 
   18    10     6    10    14   -14   -10 
   18    10     6    10    14   -14   -10 
    1     1     1     1     1     1     1 
  -16     8     0    16     8   -16     8 
  -16     8     0    16     8   -16     8 
  -14   -16     2    12     0   -14    14 
  -14   -16     2    12     0   -14    14 
  -16    16    -8     0     8     0     8 
  -16    16    -8     0     8     0     8 
   12    -2    -4     2    18    12   -16 
   12    -2    -4     2    18    12   -16 
   12    12     4   -20     4    -4    20 
   12    12     4   -20     4    -4    20 
   -8   -10    -8   -14     2     8    20 
   -8   -10    -8   -14     2     8    20 
  -22    -6   -14    -6     2    -6     2 
  -22    -6   -14    -6     2    -6     2 
   10    -8     2   -12    20   -14   -10 
   10    -8     2   -12    20   -14   -10 
   -8     8    -4     0    12     8    20 
   -8     8    -4     0    12     8    20 
   -2    16     6   -12    20   -26     2 
   -2    16     6   -12    20   -26     2 
   24   -10     8   -14   -14     8    20 
   24   -10     8   -14   -14     8    20 
  -28     2    -8   -26    30   -20   -28 
  -28     2    -8   -26    30   -20   -28 
   -4     8    -4     0    -8    12    20 
   -4     8    -4     0    -8    12    20 
  -22    -6   -10    26   -10    -6   -10 
  -22    -6   -10    26   -10    -6   -10 
    2     0   -14    -4    16    18    14 
    2     0   -14    -4    16    18    14 
  -18     2   -18     2   -30   -18   -34 
  -14    -8   -14   -12     8   -30   -34 
  -14    -8   -14   -12     8   -30   -34 
    6    -6   -34   -14   -30     6   -10 
    6    -6   -34   -14   -30     6   -10 
  -20     4    20   -20    20    -4    -4 
  -20     4    20   -20    20    -4    -4 
   22   -22     6   -14   -22    22    14 
   22   -22     6   -14   -22    22    14 
    2   -22     6    34   -26    26   -10 
    2   -22     6    34   -26    26   -10 
  -10     0   -34   -28   -28    -2   -22 
  -10     0   -34   -28   -28    -2   -22 
   22   -22   -14    26    22   -10     2 
   22   -22   -14    26    22   -10     2 
   -4    20    20    36   -20   -20    20 
   -4    20    20    36   -20   -20    20 
   -4   -18   -20    18   -30    -4   -16 
   -4   -18   -20    18   -30    -4   -16 
   24   -22     4    38    14    16   -40 
   24   -22     4    38    14    16   -40 
    6   -26    38   -26     6   -10   -10 
    6   -26    38   -26     6   -10   -10 
  -22     2    26    34    18    26   -22 
  -22     2    26    34    18    26   -22 
   28   -40   -20    16    16   -20   -28 
   28   -40   -20    16    16   -20   -28 
   -6    10    10    26   -38    10   -22 
   -6    10    10    26   -38    10   -22 
   16   -24   -24    40    16    16     8 
   16   -24   -24    40    16    16     8 
  -28   -24    20     0   -32    20    -4 
  -28   -24    20     0   -32    20    -4 
    4   -28   -28    12    28    36    -4 
    4   -28   -28    12    28    36    -4 
  -22    16   -22   -36   -16    -6   -10 
  -22    16   -22   -36   -16    -6   -10 
  -30   -30    18   -30   -46   -30   -46 
  -34   -38   -14    10    30    30     2 
  -34   -38   -14    10    30    30     2 
   28    40     8   -24   -44    12     8 
   28    40     8   -24   -44    12     8 
  -44    32   -32    32    44   -28    32 
  -44    32   -32    32    44   -28    32 
   14    18   -34    -6    10   -34   -10 
   14    18   -34    -6    10   -34   -10 
   -8    42     4   -26   -18   -32     8 
   -8    42     4   -26   -18   -32     8 
   24    24    -8     8    32    24   -40 
   24    24    -8     8    32    24   -40 
   22     2    -6   -46    38   -26    26 
   22     2    -6   -46    38   -26    26 
   12     4    -4     4   -20     4    20 
   12     4    -4     4   -20     4    20 
  -44   -16    28   -40     0     4    20 
  -44   -16    28   -40     0     4    20 
  -16    28    32    36    44   -24    32 
  -16    28    32    36    44   -24    32 
  -32   -26     0    18    18   -32    44 
  -32   -26     0    18    18   -32    44 
  -10   -22   -10   -14    26   -26    14 
  -10   -22   -10   -14    26   -26    14 
  -40    12    24   -44    28     0     8 
  -40    12    24   -44    28     0     8 
   -6   -34   -30   -10    -2    26    26 
   -6   -34   -30   -10    -2    26    26 
  -34    40   -42    28    28    22   -46 
  -34    40   -42    28    28    22   -46 
   14   -14    50    34    46     6    26 
   14   -14    50    34    46     6    26 
   28   -16   -16   -48    20   -52   -16 
   28   -16   -16   -48    20   -52   -16 
   44     8   -28    16    -8    28    -4 
   44     8   -28    16    -8    28    -4 
   50     6     2    -2   -18   -14    26 
   50     6     2    -2   -18   -14    26 
  -40   -38    28    38   -26    16   -16 
  -40   -38    28    38   -26    16   -16 
   22     8   -50    12    32    22    50 
   22     8   -50    12    32    22    50 
    2    56    26   -44     0    18   -10 
    2    56    26   -44     0    18   -10 
   44     8    44    32   -48    28    20 
   44     8    44    32   -48    28    20 
   56   -26    16   -14    -6    24   -52 
   56   -26    16   -14    -6    24   -52 
   42   -54   -22   -54   -54   -22   -22 
  -18    10    -6    42     6   -42     2 
  -18    10    -6    42     6   -42     2 
    8    -4    40    20     4     0   -40 
    8    -4    40    20     4     0   -40 
   50     2   -18   -14    -2    18    14 
   50     2   -18   -14    -2    18    14 
  -28    44    28    28   -28   -28    44 
  -28    44    28    28   -28   -28    44 
  -44    12    52   -44   -12    20   -52 
  -44    12    52   -44   -12    20   -52 
   24    16    32   -16   -40    -8   -16 
   24    16    32   -16   -40    -8   -16 
   -4   -22   -32    14    22   -12   -52 
   -4   -22   -32    14    22   -12   -52 
  -56   -48   -32     0   -40    24   -16 
  -56   -48   -32     0   -40    24   -16 
  -48   -40     8     8    16    16   -40 
  -48   -40     8     8    16    16   -40 
   10    18   -26    26    14   -46   -10 
   10    18   -26    26    14   -46   -10 
   42     2    58    34   -46    26   -22 
   42     2    58    34   -46    26   -22 
  -52    14    -4   -14   -14   -20    32 
  -52    14    -4   -14   -14   -20    32 
   54   -30   -10    58    18   -26    62 
   54   -30   -10    58    18   -26    62 
   26   -32   -30    28    -4   -30    38 
   26   -32   -30    28    -4   -30    38 
  -20     0   -40   -48    28    -4     8 
  -20     0   -40   -48    28    -4     8 
   20   -56   -12   -32    32   -28   -52 
   20   -56   -12   -32    32   -28   -52 
   10    26   -34    50   -42   -14   -34 
   10    26   -34    50   -42   -14   -34 
   32    -8    -8   -24    16    32     8 
   32    -8    -8   -24    16    32     8 
  -14   -26    18   -34    30   -46   -22 
  -14   -26    18   -34    30   -46   -22 
  -18   -62    26   -14    -2    46   -22 
  -18   -62    26   -14    -2    46   -22 
  -28    -4   -60    12    20    -4    44 
  -28    -4   -60    12    20    -4    44 
   -2    10     6   -14     2    14   -34 
   -2    10     6   -14     2    14   -34 
  -26    50    38   -38    10   -10    62 
  -26    50    38   -38    10   -10    62 
  -52   -44    12   -52   -20    12    20 
  -52   -44    12   -52   -20    12    20 
  -58   -14    30   -54    58    38   -10 
  -58   -14    30   -54    58    38   -10 
    2     6    26    -2   -10    18     2 
    2     6    26    -2   -10    18     2 
  -28   -48     4     8   -24   -28   -52 
