2 17
25
    1    -1 
    0     0 
    8     8 
    1     1 
    3 4     3 1 
   96    12 
  -65 57  -107 143 
    1 0     1 0 
 -310 155  -465 465 
    3 2     3 1 
    2    -1 

    1    -1 
   -1    -1 
   -1     1 
   -1     1 

   -1     1 
   -3    -3 
   -2    -4 
   -2    -4 
    0     2 
    0     2 
   -8    -4 
   -8    -4 
    1     1 
    1    -1 
    1    -1 
    8    10 
    8    10 
    0   -12 
    0   -12 
  -14     6 
  -14     6 
    2     8 
    2     8 
  -16     6 
  -16     6 
    0    -8 
    0    -8 
    6    -6 
    6    -6 
