1 4
100
   -1 
    0 
    2 
    1 
    3 1 
   48 
   33 13 
    1 0 
   85 85 
    3 1 
   -4 

   -1 
   -1 

    2 
   -3 
   -2 
   -2 
    2 
    2 
    0 
    0 
    1 
  -10 
  -10 
    2 
    2 
    4 
    4 
  -14 
  -14 
    8 
    8 
  -14 
  -14 
  -14 
  -14 
    2 
    2 
   12 
   12 
    2 
    2 
  -18 
    8 
    8 
   14 
   14 
  -12 
  -12 
    6 
    6 
   -2 
   -2 
   26 
   26 
   18 
   18 
    6 
    6 
    2 
    2 
   16 
   16 
   10 
   10 
   -6 
   -6 
  -16 
  -16 
  -30 
  -30 
    6 
    6 
    1 
  -16 
  -16 
    2 
    2 
   16 
   16 
   -6 
   -6 
   22 
   22 
  -34 
  -34 
   10 
   10 
   -2 
   -2 
  -14 
  -14 
  -38 
  -38 
   26 
   26 
  -34 
  -34 
    6 
    6 
    6 
    6 
  -36 
  -36 
   22 
   22 
  -14 
  -14 
   32 
   32 
  -10 
  -14 
  -14 
