2 0
25
    1    -1 
  432     0 
    4     2 
    1     2 
    1 0     1 3 
  432   144 
 -146 163   -22 139 
    0 -1     1 0 
  130 -310  -440 490 
    1 1     1 3 
  216    12 

    1    -1 
   -1     1 
    1    -1 

    0     2 
   -1     1 
    1    -5 
    4     4 
    6    -2 
    4    -1 
    5     0 
   -1    -2 
    1    -1 
   -2    -5 
    6    -3 
   11     0 
   -6     1 
   -8    -6 
    8    -5 
    7   -13 
    2    -7 
  -10     2 
   13     7 
  -11     2 
    2    14 
    0    11 
  -12    -8 
   -2   -17 
   12     1 
