3 0
200
    1    -1     1 
    0     0    72 
   10     4     6 
    1     1     1 
    3 1     5 4     1 0 
   24    48    72 
  -76 75   135 -22  -107 9 
    1 0     1 0     1 0 
 -304 224   448 160  -224 -80 
    3 1     3 2     2 1 
    2     1    12 

    1     1    -1 
   -1    -1     1 
    1    -1     1 

   -1    -1     1 
    0     0     0 
   -2     4     2 
   -4     0     4 
   -4     2     0 
   -2    -2    -2 
   -4    -4     4 
   -4     4     4 
   -2    -6    -2 
    6    -4    10 
   -2    -4    -6 
    2    -2    -6 
    4     2     8 
   -8    -4    -8 
   -4   -12     4 
   -4    10     0 
  -12    10     8 
  -12    -4    12 
    4   -12    -4 
   -2    10    -2 
  -10    -6     6 
   -4   -16    -4 
    4     8    -4 
   -2     2    14 
   -1     1    -1 
  -16    -8   -16 
  -16     0     8 
  -16    -6   -20 
   12    18   -16 
   -2   -22    -2 
  -12     0   -12 
    6    12    18 
   20   -12     4 
  -16   -20     0 
   -2   -12   -14 
   -2     4    10 
  -18    14    14 
   -8   -14     4 
  -12    -4    20 
  -20    12    12 
  -20    26   -16 
    2    -2   -22 
  -10   -22    14 
   14   -22   -10 
   14   -12    18 
   28    16    20 
   12     4   -12 
   -8     4   -24 
    8    -8   -16 
   -6     4    -2 
  -26   -10     6 
   26    -2    18 
   22   -30   -26 
   14     2   -18 
    6    -4   -14 
    0    -8    -8 
    4    -6    -8 
    2   -18    26 
  -28   -12     4 
    4     4     4 
  -22    10   -14 
   -4    -4    -4 
   -4    -4    28 
    6    26    22 
   -6    26    -6 
   28    36    -4 
    4   -28    28 
  -14   -22   -22 
  -30     2    18 
  -12    10     8 
  -22     6   -14 
   10     4   -10 
    8    32    -8 
   24    26    36 
   26    14    18 
   20   -12    36 
  -12    -4    -4 
   -4   -22    32 
  -24    18   -12 
   10    10    26 
   30    -6   -34 
   16    34   -20 
   20    10     8 
   -2   -22   -10 
    2   -14     2 
   10   -20    30 
   28    -8   -20 
  -26    10   -26 
   22    -6   -26 
   -2    28    26 
   26     4   -10 
    4   -16   -36 
  -12     8   -28 
   20    -4    36 
  -28    -4    12 
   28    -4   -44 
   12   -28     4 
   34   -14    18 
  -26    -2     6 
   16    10    -4 
    4   -12    -4 
  -12    36    28 
  -16    44   -16 
   24    12    -8 
  -38    34   -22 
   38    18     6 
  -22    26    10 
  -22   -38    42 
   22   -20    -6 
   10   -28    30 
   36     2    -8 
  -20     2   -32 
   -4    28     4 
  -32    44   -32 
   -6    28    22 
   22    20     2 
  -32   -28     0 
   -4    -4   -28 
   22   -42   -26 
  -50    38    30 
   26    50    10 
   14     2   -34 
    4   -28   -36 
   44    12   -20 
  -12    26    -8 
   46   -42   -34 
  -40    -8   -24 
  -24   -16    32 
   -4    34     0 
   36     2    -8 
  -20     4   -28 
   12    12    36 
  -10    -4   -22 
   -6    20   -18 
  -20   -38     0 
    2    30    42 
  -14   -30    50 
    6    -6    -2 
  -52     4    20 
   -4   -36    28 
   12   -12    12 
  -44   -28   -28 
   42   -20    14 
   18    -4   -50 
  -38   -10     2 
   46    46    14 
  -10    26    22 
   16    26    28 
  -22    14     2 
  -20    20   -12 
  -12    28    -4 
   36   -38   -24 
  -32    34    12 
  -24     4    40 
   28   -44    52 
  -20    36   -20 
  -28     4    12 
   46   -44    10 
   52   -40     4 
  -22   -38   -22 
  -22    26    10 
  -40   -16    32 
  -40    40   -24 
  -42    -4   -46 
   -8    24     0 
   18    -2    26 
  -42   -58    22 
   22    34   -42 
  -50   -46    46 
  -28    42   -56 
   46    14    30 
   26   -14   -46 
  -50   -54    14 
  -10    44   -14 
   28   -32   -20 
  -40    12   -40 
   24    -4    -8 
   30   -28    34 
  -46   -36   -42 
  -64    34    44 
   40   -30     4 
   38    12    10 
  -16    64    48 
  -38    14   -46 
  -36   -22    32 
    2   -10   -22 
   18    22    58 
   28    12    52 
  -52    28    -4 
  -62    26    18 
   22    10    22 
    2   -38   -22 
   34   -54    42 
    4    52   -20 
   64   -60     0 
    2   -46   -14 
   14    34   -50 
   50   -58    26 
  -46   -10    26 
   40    -8    32 
