4 2
25
   -1    -1     1     1 
    0     0    12    -6 
    6     4     4     2 
    1     1     1     1 
    1 3     1 3     1 0     1 0 
   12    12    12    -6 
  116 -143   116 -143  -106 181  -106 181 
    1 0     1 0     0 -1     0 -1 
  544 -224   544 -224    32 -288    32 -288 
    1 3     1 3     1 1     1 1 
    1     1     6    -3 

   -1    -1     1     1 
   -1    -1    -1    -1 

   -2     0     0     2 
    0     0     0     0 
    0    -4     4     0 
    4    -2     2    -4 
    0     4     4     0 
    6    -2    -2     6 
   -6     0     0     6 
   -2    -4     4     2 
   -2    -2    -2    -2 
   -8     0     0     8 
   -4     2    -2     4 
    4     8     8     4 
   -4     8     8    -4 
    8     4    -4    -8 
  -10     4    -4    10 
   10     2     2    10 
    2    -6    -6     2 
    8     4    -4    -8 
   -4    12   -12     4 
    1     1     1     1 
   -6    -6    -6    -6 
    0   -10    10     0 
    4    -6     6    -4 
   -6    -2    -2    -6 
   -2    14    14    -2 
