1 0
200
    1 
 -528 
    4 
    1 
    1 0 
 -528 
 -107 181 
    0 -1 
   34 -289 
    1 1 
 -264 

    1 
    1 
   -1 

    0 
    3 
   -2 
   -1 
   -2 
    7 
   -1 
   -4 
    3 
   10 
   -5 
   10 
   -1 
    4 
   -2 
   14 
   -1 
   -5 
   -8 
    0 
   -9 
   15 
   -3 
    5 
   -7 
  -13 
    8 
    0 
  -15 
   14 
    8 
   -4 
   13 
    4 
    8 
   17 
  -11 
   22 
   18 
  -18 
  -26 
   19 
   11 
    2 
    7 
   16 
   -1 
    2 
   -6 
    6 
   21 
   18 
   30 
  -18 
  -16 
   -4 
   -1 
   -4 
    5 
   14 
    1 
   24 
   30 
  -28 
   20 
    7 
   25 
  -32 
  -32 
   12 
   30 
  -23 
   -8 
  -24 
  -12 
   19 
   -2 
   -3 
  -24 
   23 
  -22 
  -17 
  -20 
    5 
   26 
  -26 
   19 
  -18 
   27 
  -19 
   20 
   32 
   26 
    5 
    5 
    6 
   15 
   21 
   18 
  -33 
   -8 
  -32 
  -14 
   25 
   -2 
   -2 
   -5 
   34 
  -40 
   -7 
   10 
  -23 
  -24 
  -18 
   28 
   40 
  -16 
  -16 
   14 
   26 
   38 
   20 
  -20 
  -20 
  -10 
   20 
   10 
   43 
   34 
   -2 
  -44 
   25 
   32 
   32 
   13 
   28 
  -23 
  -50 
   28 
  -26 
    7 
   37 
  -16 
  -40 
  -28 
  -40 
   -4 
   11 
   -7 
  -35 
   16 
  -18 
    3 
  -48 
   -9 
   11 
   32 
   24 
    9 
   25 
  -38 
  -33 
  -51 
   33 
   27 
   -8 
   -8 
  -11 
    1 
   29 
  -55 
  -26 
   40 
   25 
    1 
    8 
   59 
  -27 
    0 
   34 
  -14 
  -18 
   60 
  -46 
   14 
  -20 
   58 
  -36 
   24 
  -26 
    4 
   14 
  -22 
  -32 
   -8 
   16 
   31 
   44 
   -1 
  -48 
