14 4
25
    1    -1    -1    -1    -1    -1    -1    -1    -1    -1    -1    -1     1    -1 
    0     0     0     0     0     0     0     0     0     0     0     0  -144     0 
   12    12    10    10    10     8     8     8     8     8     6     4     4     4 
    1     1     1     1     1     1     1     1     1     1     1     1     1     1 
    3 1     5 0     5 0     5 0     5 0     5 0     3 4     3 4     5 0     5 0     3 4     5 0     1 0     5 0 
   24   432    48    48    24    96    48    24    24    24    48    48  -144    48 
  -68 83   215 -225   215 -225   215 -225   215 -225   215 -225   215 -225   -43 -120   215 -225   215 -225   215 -225   215 -225   117 -31   215 -225 
    1 0     2 0     2 0     2 0     2 0     2 0     2 0     0 1     2 0     2 0     2 0     2 0     1 0     2 0 
 -288 264   552 -240   552 -240   552 -240   552 -240   552 -240   552 -240  -816 216   552 -240   552 -240   552 -240   552 -240   264 24   552 -240 
    3 1     2 3     2 3     2 3     2 3     2 3     2 3     5 0     2 3     2 3     2 3     2 3     2 1     2 3 
    2    10    -2     1     1     4     2    -2    -1     1     2     2   -24    -4 

   -1    -1     1     1     1    -1    -1     1    -1    -1    -1     1     1    -1 
    1    -1    -1    -1     1     1     1    -1     1     1    -1    -1     1     1 
    1     1     1     1    -1     1     1    -1    -1    -1     1     1     1    -1 
    1     1    -1    -1    -1    -1    -1     1     1     1     1    -1    -1     1 

    0     0     0     0     0     0     0     0     0     0     0     0     0     0 
    0     0     0     0     0     0     0     0     0     0     0     0     0     0 
   -4    -4    -2    -2    -2     0     0     0     0     0     2     4     4     4 
   -1    -1    -1    -1     1    -1    -1     1     1     1    -1    -1    -1     1 
   -4     6    -2     4     4    -2     2    -2     2     6    -6    -2     6    -2 
   -4    -6     0     6    -2    -2    -6    -2     2    -2     0    -6     2     2 
   -8     8     6    -6    -6     4    -4    -4    -4    -4     2     0     0    -8 
   -1    -1     1     1     1     1     1    -1    -1    -1    -1     1     1    -1 
   -8    -6    -2    -8     8     2     6     6    -2     2    -6    -2     6     2 
    2     8    -4     2    -6     0     4     0     4     0    -4     8     0    -8 
   -8    -8    -4     8     0    -4    -4    -2    -4    -4    -2   -10    -2     0 
    6     6     2   -10    -2    -6     2     0     2     2     0    -4   -12   -10 
  -10    -2     6    -6    -6   -10    -2    -6   -10     6    10    -6    10   -10 
   -4     4   -12    12     4     8     0     6    -8    -8    10     6    -2     4 
    6    -8    10     4    -4     8     4     2     4    -8     4    -2   -10    -8 
    2    -2     2   -10   -10    14   -10     6    -2   -10    -2    14    -2    -2 
   -6     6    -2   -14    -6   -14    -6     0    10    -6    12     4    -4     6 
    4     4    -4    -4    -4     4    -4     4   -12    -4    -8    -4    12   -12 
   -6    -4     8   -10    -2    -4     8     4   -16   -12    -4    -4     4    -4 
  -14   -14     2     2    10    10    10     6     2    10    -2   -10     6   -14 
    8   -10   -16   -10    14     2     6   -14   -10   -14     8    14   -10   -10 
   -4    16     8    -4    12    -8    16    -4     0     0    -8    -4    12     8 
    0     8     0    12    -4     8    -8   -16    -8    -8   -16     0    16     8 
  -18     2    -2   -14    -6     2    -6     2     2     2     2   -14   -14     2 
  -10    -2     8     8    -8    -2    14     8    14   -18    -2     8    -8    14 
