2 2
200
   -1    -1 
    0     0 
    6     3 
    1     1 
    3 1     3 1 
27360 13680 
  126 16   126 16 
    1 0     1 0 
  361 190   361 190 
    3 1     3 1 
 2280 -1140 

    1    -1 
   -1    -1 
   -1    -1 
    1    -1 

   -2     1 
   -3    -4 
   -2     2 
   -1     1 
    6    -4 
    2     2 
    1     1 
    1     1 
    6     2 
   -1     1 
   -8   -10 
    2    -4 
   -4     5 
    8     8 
   -8     2 
   -4     8 
   -8   -10 
   -8    11 
   12    -4 
   -8     2 
   -4    -4 
   -4    -4 
    2   -16 
   -2   -10 
    0   -10 
    0     2 
   -6   -13 
    8    17 
  -14    -1 
   16    14 
  -20     5 
    8     8 
    4    -7 
   12    -4 
   12     2 
  -14     8 
   14     5 
   12     2 
    8    -1 
    4    -4 
  -10    -1 
  -20    17 
    6    -4 
   14   -10 
  -16    -7 
    8    11 
   12   -25 
   24     5 
    2     5 
   26    -1 
  -14    14 
  -14    14 
  -18   -22 
  -18   -10 
    6   -22 
   20   -10 
   22   -31 
    2    32 
    0   -28 
    0    26 
   -2    11 
  -28   -16 
  -18    -4 
   14    17 
   10    11 
  -10   -19 
   20     2 
  -26    -4 
   10   -19 
  -14   -28 
   34    -1 
   -8   -25 
   16     8 
  -10   -16 
   -2    20 
   10     5 
    6    29 
   34     5 
  -22     2 
  -24     5 
  -10   -22 
  -34   -37 
  -20   -19 
   10    20 
   14    20 
  -14   -13 
   -8    26 
  -42    17 
    8    -4 
   26    -4 
   40    23 
  -20   -16 
    8   -16 
    0    14 
  -40    41 
  -16    20 
    8   -31 
  -16   -28 
   36   -10 
   16   -16 
  -10   -37 
   26     5 
   20    -1 
  -32   -22 
  -24   -34 
  -38    11 
   -4    -1 
  -42    -1 
   -8   -22 
    4   -28 
   20    26 
   -2    14 
  -28   -19 
   20   -28 
  -30     8 
   40   -43 
  -44    41 
   -4   -25 
  -22   -40 
  -32     5 
  -30    -4 
   -6    -1 
   20   -28 
   18   -34 
  -18     5 
    8   -10 
   26    44 
    8   -31 
   22    -1 
   24    44 
  -20   -25 
   14     2 
    8   -28 
  -32    20 
   -6   -52 
  -22   -22 
   -8   -28 
  -38    -1 
   28    32 
    4    26 
  -12    32 
   50    11 
  -16    32 
   44    23 
  -30    20 
   10    32 
   20   -52 
   10   -55 
  -26    -4 
    4   -55 
   20    35 
  -28     5 
   -2    17 
    2    56 
   52   -43 
  -44   -46 
   28     8 
   -8   -13 
    0   -25 
  -30    20 
  -22   -22 
    8    23 
   32    26 
  -40   -25 
   48   -10 
  -50   -55 
  -28    38 
   -6    14 
  -38    38 
  -46   -46 
   22   -40 
   38   -19 
   18     5 
    8    26 
   56    35 
   44   -37 
   52   -43 
    8   -46 
   36    20 
  -10    29 
  -46    -7 
    8   -46 
   14    32 
   38    20 
  -14   -22 
   60   -31 
   14    26 
  -52    -4 
  -32   -49 
   10   -16 
  -16   -49 
   34     2 
  -22   -22 
  -10    -4 
   28    14 
   58   -13 
  -22   -40 
   48   -28 
   60    44 
  -28    32 
