1 0
200
   -1 
    0 
    4 
    5 
    3 1 
   60 
  -52 153 
    1 0 
 -310 560 
    3 1 
    5 

   -1 
   -1 
    1 

    0 
    1 
   -2 
    1 
    1 
   -4 
    2 
    3 
    1 
   -2 
    1 
    4 
   -2 
    4 
   -4 
   -7 
    4 
   -8 
  -12 
   10 
   14 
   -2 
    0 
   -4 
    2 
  -14 
    8 
  -18 
    4 
    8 
  -13 
   11 
   -6 
   15 
   -2 
  -16 
   -4 
   -3 
   16 
  -10 
   12 
  -13 
   -9 
   14 
   14 
   -4 
   18 
   -6 
   -6 
    9 
  -17 
   -6 
  -25 
   -5 
   -5 
    0 
  -17 
   10 
   -5 
  -30 
  -26 
  -20 
    2 
    6 
  -16 
   -3 
  -35 
    6 
  -22 
   16 
   25 
  -14 
   22 
    1 
  -13 
  -23 
    6 
   -2 
  -38 
   22 
  -10 
   -2 
  -18 
  -18 
    6 
   36 
   13 
    8 
   -2 
   40 
   -4 
  -18 
   43 
    2 
   -5 
   -4 
   18 
    8 
  -32 
    1 
  -20 
  -28 
   -2 
  -20 
  -13 
   19 
  -10 
   -9 
  -18 
   40 
  -30 
   -9 
  -26 
  -10 
    0 
  -36 
  -19 
   31 
   18 
   50 
   34 
   25 
   12 
   34 
   50 
  -44 
  -23 
   40 
   11 
   26 
  -27 
   10 
  -52 
  -36 
  -34 
   10 
  -19 
  -21 
   31 
   -1 
   -2 
   53 
  -44 
  -49 
   16 
  -16 
    1 
  -19 
   31 
   31 
  -47 
   58 
  -22 
  -52 
   46 
    6 
  -34 
  -13 
  -49 
  -21 
   54 
   40 
  -56 
   18 
  -45 
   -5 
  -26 
   -1 
   -7 
   -2 
  -11 
  -26 
   48 
  -26 
  -11 
   -9 
  -16 
  -37 
  -24 
   25 
   35 
   -1 
   21 
   20 
    0 
  -13 
   46 
   17 
  -15 
   38 
   25 
  -50 
    1 
   54 
  -56 
  -46 
   37 
  -61 
   24 
   12 
