2 0
25
   -1     1 
    0   -96 
    6     2 
    1     1 
    3 1     1 0 
   48   -96 
  134 -171    -5 143 
    1 0     0 -1 
  572 -550  -275 -11 
    3 1     2 0 
    4   -32 

    1     1 
   -1     1 
   -1     1 
    1    -1 

   -1    -1 
   -1     3 
    2     4 
    1    -1 
    4     4 
    0    -2 
    6     6 
   -4     6 
   -2     6 
   -4    -8 
    1    -1 
   -6    -6 
   -2    -6 
    4     0 
  -10    -6 
   10    -6 
   -6     0 
    4     8 
    4     8 
  -12    -2 
    4     4 
  -14     2 
   -8     8 
  -14     2 
    6    14 
