5 4
25
   -1    -1    -1    -1     1 
    0     0     0     0   144 
   10     6     8     6     6 
    1     1     1     1     1 
    5 0     3 4     3 4     5 0     1 0 
  864    96    48   288   144 
 -205 238  -205 238  -205 238  -205 238   123 -67 
    2 0     2 0     2 0     2 0     1 0 
 -546 390  -546 390  -546 390  -546 390   312 -78 
    3 2     3 2     3 2     3 2     2 1 
  -17     1    -1    -5    24 

   -1    -1    -1    -1    -1 
    1     1    -1    -1    -1 
    1    -1     1    -1    -1 
   -1     1     1    -1     1 

    0     0     0     0     0 
   -1    -1     1     1     1 
   -2     2     0     2     2 
   -4    -2    -2    -4     0 
   -1     1    -1     1     1 
    0     0     0     0     0 
    6    -6    -6     6    -4 
   -4     6     4     4     6 
   -2     6     2     2     2 
    4    -2    -4     4     6 
    6     2    -6    -6     4 
   10    -6     8   -10     0 
   -8     6     0    -8    -8 
   -8    -8    -4    -8    12 
   -4    -8    12    -4    -4 
   14   -10     6   -14    -2 
    2   -10    -2    -2     6 
  -10    -2    -4   -10    -6 
    8     2     6    -8     4 
  -14    14   -16   -14    -4 
    4   -14     4    -4    16 
   -4     4     8     4   -12 
    8     4   -12    -8     8 
    0    10     0     0    -4 
  -10   -10     4   -10     0 
