1 0
200
   -1 
    0 
    5 
    1 
    3 4 
168960 
   94 30 
    1 0 
  221 338 
    3 2 
14784 

   -1 
   -1 
    1 
    1 

   -1 
   -1 
    1 
   -4 
    1 
   -1 
    4 
   -7 
   -5 
   -5 
   -4 
    8 
    8 
    1 
    6 
  -11 
   15 
   -1 
   10 
   14 
    3 
   -1 
  -10 
    8 
  -10 
    5 
    6 
  -11 
   16 
   -4 
   -3 
   17 
  -13 
   -1 
    4 
    8 
   17 
    4 
  -11 
  -11 
  -24 
  -23 
  -17 
    2 
  -25 
    8 
    8 
   22 
   16 
  -12 
   14 
  -12 
  -12 
  -17 
   28 
   -8 
   14 
   -8 
  -15 
   -6 
    2 
  -13 
   22 
   -6 
   21 
   12 
  -32 
   31 
   -4 
  -14 
   -2 
    8 
   -8 
  -36 
    6 
    0 
   -2 
   22 
  -30 
   -8 
  -10 
  -35 
   -7 
  -38 
  -22 
    2 
  -16 
   -6 
  -37 
   24 
  -33 
   18 
   13 
  -30 
   25 
   -1 
   28 
   29 
   16 
   38 
   19 
   34 
  -10 
  -16 
  -11 
  -42 
   -5 
  -34 
   36 
  -41 
    4 
   16 
   -8 
   14 
   43 
   34 
  -25 
  -28 
    9 
   45 
  -30 
  -16 
  -17 
   22 
   18 
    2 
   10 
  -36 
   -4 
    8 
  -23 
   34 
   40 
   41 
  -33 
  -22 
   -5 
   13 
   -8 
  -21 
   49 
   17 
   40 
  -39 
   14 
  -12 
  -14 
   10 
  -37 
  -27 
   42 
   53 
  -31 
   44 
  -43 
    4 
  -55 
  -43 
  -38 
   39 
    2 
    2 
  -16 
  -38 
   39 
   23 
  -10 
   42 
    5 
   -2 
  -44 
  -18 
   42 
  -59 
  -12 
  -18 
   21 
    0 
  -15 
  -17 
   26 
   21 
   -9 
   -4 
    4 
  -26 
  -18 
  -64 
   -6 
    4 
   43 
   50 
  -19 
   16 
   61 
   58 
   32 
   44 
  -31 
   13 
