1 0
200
   -1 
    0 
    6 
    1 
    4 5 
   24 
  133 -126 
    1 0 
  650 -364 
    3 2 
   -2 

   -1 
   -1 
   -1 
   -1 

    1 
   -1 
    0 
    0 
    1 
    1 
    8 
   -4 
   -2 
    4 
   -8 
   -6 
   -2 
   12 
   -8 
   -6 
   -2 
    4 
   -4 
   -6 
  -14 
    0 
    8 
  -14 
    2 
   12 
   -8 
   14 
   10 
  -14 
   -8 
   -8 
    8 
  -20 
   -4 
  -16 
   -2 
    1 
    0 
    4 
   22 
  -10 
   -6 
    2 
    8 
   24 
   12 
    4 
   -8 
  -16 
  -22 
  -10 
  -26 
    2 
   28 
    0 
  -26 
  -18 
    4 
   -4 
  -14 
  -20 
  -32 
   14 
   14 
  -12 
    4 
  -22 
   22 
   -2 
   14 
    8 
   28 
   14 
  -30 
   36 
  -20 
   22 
   22 
  -10 
   26 
  -10 
  -10 
  -30 
  -26 
   -8 
  -28 
  -22 
   26 
   36 
   16 
   32 
    0 
    0 
  -28 
   16 
  -24 
   -6 
   30 
  -22 
   40 
    8 
  -12 
    4 
  -10 
    2 
   10 
  -22 
  -20 
  -40 
   -2 
   46 
   16 
   12 
   -8 
    0 
   44 
    4 
  -10 
   10 
  -38 
  -30 
  -12 
  -12 
  -42 
   -2 
  -32 
   40 
    2 
  -34 
   40 
  -28 
   24 
    4 
   30 
  -14 
  -30 
   30 
   44 
    8 
  -12 
   16 
   12 
    0 
   26 
  -14 
    2 
   22 
  -22 
   20 
  -28 
  -30 
   14 
  -52 
   28 
  -28 
   44 
    8 
    0 
  -30 
  -26 
  -24 
   40 
   32 
   16 
  -34 
  -10 
  -54 
   30 
    2 
   14 
  -26 
   -6 
    4 
  -32 
   32 
  -28 
  -44 
  -12 
   50 
    2 
  -16 
  -52 
  -22 
  -18 
  -50 
  -34 
   12 
   -8 
   50 
  -38 
   50 
  -14 
  -32 
   12 
    2 
  -14 
   50 
   30 
  -28 
