1 2
200
    1 
    0 
   12 
    1 
    1 3 
   24 
  -86 15 
    1 0 
 -132 -198 
    1 3 
    2 

   -1 
    1 
   -1 
   -1 

    0 
   -1 
   -4 
   -4 
   -4 
    2 
    1 
   -4 
    2 
    0 
   -6 
   -2 
   -8 
    4 
  -12 
  -14 
   -2 
  -16 
    4 
   14 
  -10 
    0 
   10 
  -14 
  -14 
    0 
   -6 
  -20 
  -18 
    1 
   -6 
   -8 
  -20 
   -4 
   12 
    6 
   -8 
    0 
   12 
   24 
    0 
   22 
  -18 
  -10 
    8 
   -4 
   -8 
    4 
    2 
    4 
   12 
    0 
    2 
  -14 
    2 
  -14 
    2 
  -10 
   -4 
   24 
   14 
  -20 
   12 
  -18 
   -2 
   -4 
   28 
  -10 
  -18 
   20 
  -32 
  -28 
   16 
  -24 
  -30 
   12 
  -24 
  -14 
    6 
    2 
   10 
   28 
  -10 
  -18 
   22 
   22 
    8 
   -6 
   -6 
  -12 
    0 
   -2 
   -8 
  -24 
   40 
   44 
   16 
    2 
  -36 
  -16 
   -4 
  -12 
  -40 
    0 
    2 
  -22 
   38 
   10 
   30 
   32 
   -6 
   34 
   20 
   -4 
  -18 
   38 
   -4 
   20 
   22 
   24 
  -34 
   22 
  -20 
   -4 
   10 
   -6 
   -8 
   48 
  -52 
   32 
   36 
   44 
   22 
    4 
    8 
    0 
   30 
    2 
  -28 
   28 
  -20 
   44 
  -14 
   50 
  -16 
  -18 
   38 
  -28 
   -4 
  -16 
  -48 
   22 
   12 
   24 
  -32 
  -44 
  -28 
   12 
  -24 
    2 
  -22 
   -4 
   -4 
  -30 
   -8 
  -18 
  -58 
   46 
   58 
   10 
   40 
  -14 
  -26 
  -50 
    0 
  -44 
  -12 
  -42 
  -20 
   24 
  -32 
  -28 
  -56 
   58 
  -36 
   20 
  -42 
    0 
   44 
   10 
  -38 
    6 
   46 
   52 
    4 
  -14 
  -14 
   34 
  -42 
  -26 
