1 14
200
   -1 
    0 
    4 
    8 
    0 0 
    0 
  -91 152 
    1 0 
 -578 578 
    3 2 
 7680 
    1 
    0 

    1 

    0 
   -3 
   -4 
   -4 
   -2 
   -2 
   -4 
   -4 
   -6 
   -4 
   -4 
    2 
    2 
    4 
    4 
   10 
   10 
    4 
    4 
    6 
    6 
  -12 
  -12 
   -2 
   -2 
    8 
    8 
   -6 
   -6 
  -22 
    8 
    8 
    8 
    8 
  -16 
  -16 
   -2 
   -2 
  -24 
  -24 
    2 
    2 
   -2 
   -2 
   20 
   20 
   -8 
   -8 
   24 
   24 
    6 
    6 
  -18 
  -18 
  -16 
  -16 
  -14 
  -14 
   16 
   16 
    0 
  -12 
  -12 
   22 
   22 
    4 
    4 
   14 
   14 
  -18 
  -18 
  -28 
  -28 
    6 
    6 
    8 
    8 
   -6 
   -6 
   26 
   26 
   22 
   22 
    2 
    2 
   20 
   20 
   -6 
   -6 
   32 
   32 
  -20 
  -20 
   40 
   40 
  -36 
  -36 
  -30 
   -6 
   -6 
   32 
   32 
   32 
   32 
  -14 
  -14 
  -10 
  -10 
  -20 
  -20 
  -26 
  -26 
   48 
   48 
   16 
   16 
  -32 
  -32 
   38 
   38 
   -2 
   -2 
    8 
    8 
   34 
   34 
   40 
   40 
  -50 
  -50 
   28 
   28 
  -20 
  -20 
   22 
   22 
  -14 
  -14 
   32 
   32 
  -40 
  -40 
  -20 
  -20 
  -34 
  -34 
  -22 
  -14 
  -14 
   52 
   52 
   -6 
   -6 
  -12 
  -12 
  -32 
  -32 
   24 
   24 
   10 
   10 
    0 
    0 
   12 
   12 
  -46 
  -46 
   14 
   14 
   14 
   14 
   58 
   58 
   40 
   40 
   -8 
   -8 
  -48 
  -48 
  -50 
  -50 
    0 
    0 
  -62 
  -62 
   26 
   26 
   36 
   36 
   38 
   38 
   -2 
   -2 
   28 
   28 
   14 
   14 
   10 
   10 
   36 
