18 2
25
   -1     1    -1    -1    -1     1    -1    -1    -1    -1    -1    -1    -1     1     1     1     1     1 
    0    72     0     0     0    60     0     0     0     0     0     0     0    36    36    24    24    24 
   12    12    12    10    10    10    10     8     8     8     6     6     6     6     6     4     4     4 
    1     1     1     1     1     1     1     1     1     1     1     1     1     1     1     1     1     1 
    1 3     1 0     1 3     1 3     1 3     1 0     1 3     1 3     1 3     1 3     1 3     1 3     1 3     1 0     1 0     1 0     1 0     1 0 
   12    72    12    12    12    60    12    12    12    12    12    12    12    36    36    24    24    24 
   52 -159  -123 89    52 -159    52 -159    52 -159  -123 89    52 -159    52 -159    52 -159    52 -159    52 -159    52 -159    52 -159  -123 89  -123 89  -123 89  -123 89  -123 89 
    1 0     1 0     1 0     1 0     1 0     1 0     1 0     1 0     1 0     1 0     1 0     1 0     1 0     1 0     1 0     1 0     1 0     1 0 
  528 -480  -336 144   528 -480   528 -480   528 -480  -336 144   528 -480   528 -480   528 -480   528 -480   528 -480   528 -480   528 -480  -336 144  -336 144  -336 144  -336 144  -336 144 
    1 3     2 1     1 3     1 3     1 3     2 1     1 3     1 3     1 3     1 3     1 3     1 3     1 3     2 1     2 1     2 1     2 1     2 1 
   -1    12    -1    -1    -1    10    -1    -1    -1    -1    -1    -1    -1     6     6     4     4     4 

   -1    -1    -1    -1    -1    -1    -1    -1    -1    -1    -1    -1    -1    -1    -1    -1    -1    -1 
    1    -1     1    -1    -1     1    -1     1     1     1    -1    -1    -1     1     1    -1    -1    -1 
   -1    -1    -1     1     1     1     1    -1    -1    -1     1     1     1     1     1    -1    -1    -1 

    0     0     0     0     0     0     0     0     0     0     0     0     0     0     0     0     0     0 
    0     0     0     0     0     0     0     0     0     0     0     0     0     0     0     0     0     0 
   -4    -4    -4    -2    -2    -2    -2     0     0     0     2     2     2     2     2     4     4     4 
   -4    -2     0    -2     2     4     4    -4     2     4    -4    -4    -2    -2     2     0     2     4 
    2     2     2     6    -2     2     2     2    -6     2     2     2    -2    -2     6     2     2     2 
   -6     0     6     2     6    -4     0    -2    -4    -2    -4     0    -2     6     2     6     4    -6 
    4     4    -4     4    -4     0    -8     4    -4    -4     0     8     0     4    -4     4    -4    -4 
    0     2    -4     2     6     8     0     0     6     0    -8     0     2    -6    -2     4     6     0 
   -2     8     2     2    -2     8    -4    -6     4    -6     8    -4    -2    -2     2     2     4    -2 
    4    -4     4   -10   -10    -2    -2     8     0    -8     2     2     2    10    10    -4     4    -4 
    8    -4     8     0    -8     8     8     0    -4     0    -8    -8    -4     8     0    -8     4    -8 
    1     1     1    -1    -1    -1    -1     1     1     1    -1    -1    -1    -1    -1     1     1     1 
    6    -6   -10    -2    -2    10    -6   -10    -6   -10    10    -6    -2    -2    -2   -10    -6     6 
   -4     4    -4    -8     8    -4    -4    12    12   -12     4     4    -4    -8     8     4     4     4 
   -8    -4     8    -2   -10     2     2    -4     0     4    -2    -2    10    10     2    -8    -4     8 
   -2     2    -2     2     2   -10   -10    -2     2    -2   -10   -10     2     2     2    -2   -14    -2 
   14   -14   -10   -14    10     6    -2     6    -6     6     6    -2    -6    10   -14   -10    10    14 
   -8   -10    -4   -10     2     8   -16    -8     2     8    -8    16   -10    -2    10     4   -14     8 
   -8    -4    -8     2    10    -2    -2     4     8    -4     2     2    14   -10    -2     8    -4     8 
   -2    16   -14    10   -10    16     4    -6    -4    -6    16     4    14   -10    10   -14    -4    -2 
   14     4    10    10    -2     4   -16     2     8     2     4   -16   -10    -2    10    10    -8    14 
   -8     8   -16   -16     8    -8    16     8     0    -8     8   -16    -4    -8    16    16    -8     8 
   -4    14     0   -14   -10    -8     8   -12    10    12     8    -8    10    10    14     0     2     4 
  -10     4     2    -6    14    12     8    -6     8    -6    12     8   -18    14    -6     2     8   -10 
  -18     6    14   -14    -6   -10     6    14    14    14   -10     6    10    -6   -14    14   -10   -18 
