2 2
100
   -1    -1 
    0     0 
    6     3 
    1     1 
    3 1     3 1 
10320  2064 
    3 43     3 43 
    1 0     1 0 
  -35 175   -35 175 
    3 1     3 1 
  860   172 

   -1    -1 
   -1    -1 
    1     1 

   -2     1 
   -3     0 
    1     1 
    0     0 
    2    -7 
    0    -3 
    2    -4 
   -6     0 
   -1    -1 
   -8     4 
    8     2 
   -2    -8 
  -10     2 
   12   -12 
    4     4 
   -6    12 
   12    12 
    4    -8 
   -8    -2 
   -6    -6 
    4    10 
    0     3 
    0    -9 
    2    11 
    4    -5 
    2     5 
   -2   -11 
  -14   -11 
   -2     1 
  -14    19 
  -16   -22 
   -8     4 
  -16     8 
  -20    -2 
  -20     7 
   16    -5 
  -10     2 
   -4    14 
  -16    14 
   12   -12 
    0    -6 
   -2    16 
  -10   -22 
  -14    22 
   18     0 
  -10   -22 
   -8    -5 
   -4   -13 
  -24    21 
   -8   -11 
  -26   -14 
   -8    -8 
   18   -12 
   16   -14 
   24   -30 
   -8    22 
   26    -4 
  -26    -2 
   12   -21 
   24    -9 
   14   -13 
  -20    31 
   16   -17 
   18    21 
   28     1 
  -20   -32 
   20    20 
   -2   -32 
   22    -2 
   -2   -14 
    8   -10 
   -4   -19 
   20    -7 
  -34     8 
  -18   -24 
  -28    20 
   16     4 
   32    23 
   -6    15 
   28    16 
   14    32 
    6    33 
   38   -19 
  -22     2 
  -28   -34 
   -2   -32 
  -14    -2 
    2     8 
  -22    14 
  -40    14 
    4   -26 
    4    -8 
   -8   -14 
  -28    29 
    8   -31 
   -2   -20 
   30   -12 
   10   -26 
  -34    11 
   38   -25 
