42 8
200
    1     1    -1    -1    -1    -1     1    -1    -1     1     1    -1     1     1     1     1    -1    -1     1     1     1     1    -1     1    -1    -1    -1     1    -1     1    -1    -1    -1    -1     1    -1    -1     1    -1     1     1     1 
    0    72     0     0     0     0    30     0     0    24    24     0    96    48   -18    18     0     0   -90   -24   -12   -72     0  -150     0     0     0    30     0    96     0     0     0     0   -18     0     0    54     0    72    24    72 
   12    12    12    10    10    10    10    10     8     8     8     8     8     8     6     6     6     6     6     4     4    12    12    10    10    10    10    10     8     8     8     8     8     8     6     6     6     6     6     4     4     4 
    1     2     2     5     1     1     1     1     1     1     1     2     4     2     1     1     1     1     5     2     1     2     1     5     1     1     1     1     2     4     2     1     1     1     1     1     1     1     5     2     1     2 
    3 1     1 0     1 3     1 3     1 3     1 3     1 0     3 4     1 3     1 0     1 0     1 3     1 0     1 0     1 0     1 0     3 4     1 3     1 0     1 0     1 0     1 0     1 3     1 0     1 3     1 3     1 3     1 0     1 3     1 0     1 3     1 3     1 3     3 4     1 0     1 3     3 4     1 0     3 4     1 0     1 0     1 0 
   24    72   144   120    24    36    30    12    48    24    24    24    96    48   -18    18    12    12   -90   -24   -12   -72    12  -150    36    12    24    30    24    96    24    24    36    36   -18    12    60    54    60    72    24    72 
   84 -5   101 -119   148 -15   148 -15   148 -15   148 -15   101 -119   263 -182   148 -15   101 -119   101 -119   148 -15   101 -119   101 -119   101 -119   101 -119  -121 111   148 -15   101 -119   101 -119   101 -119   101 -119   148 -15   101 -119   148 -15   148 -15   148 -15   101 -119   148 -15   101 -119   148 -15   148 -15   148 -15  -121 111   101 -119   148 -15   263 -182   101 -119   269 0   101 -119   101 -119   101 -119 
    1 0     1 0     1 0     1 0     1 0     1 0     1 0     2 0     1 0     1 0     1 0     1 0     1 0     1 0     1 0     1 0     1 0     1 0     1 0     1 0     1 0     1 0     1 0     1 0     1 0     1 0     1 0     1 0     1 0     1 0     1 0     1 0     1 0     1 0     1 0     1 0     2 0     1 0     1 1     1 0     1 0     1 0 
  256 64   320 -256   192 384   192 384   192 384   192 384   320 -256   576 -192   192 384   320 -256   320 -256   192 384   320 -256   320 -256   320 -256   320 -256  -576 192   192 384   320 -256   320 -256   320 -256   320 -256   192 384   320 -256   192 384   192 384   192 384   320 -256   192 384   320 -256   192 384   192 384   192 384  -576 192   320 -256   192 384   576 -192   320 -256   896 -448   320 -256   320 -256   320 -256 
    3 1     2 1     1 3     1 3     1 3     1 3     2 1     3 2     1 3     2 1     2 1     1 3     2 1     2 1     2 1     2 1     2 3     1 3     2 1     2 1     2 1     2 1     1 3     2 1     1 3     1 3     1 3     2 1     1 3     2 1     1 3     1 3     1 3     2 3     2 1     1 3     3 2     2 1     5 0     2 1     2 1     2 1 
   -2    12   -12    10    -2     3     5    -1     4     4     4    -2    16     8    -3     3     2     1   -15    -4    -2   -12     1   -25     3    -1    -2     5     2    16    -2    -2     3    -1    -3     1     1     9     5    12     4    12 

    1     1     1     1     1     1     1     1     1     1     1     1     1     1     1     1     1     1     1     1     1    -1    -1    -1    -1    -1    -1    -1    -1    -1    -1    -1    -1    -1    -1    -1    -1    -1    -1    -1    -1    -1 
   -1    -1    -1     1    -1    -1     1    -1     1    -1    -1    -1     1     1    -1    -1     1     1     1    -1    -1    -1     1     1     1     1     1    -1    -1     1    -1     1     1     1     1    -1    -1     1     1     1    -1    -1 
    1     1    -1     1    -1    -1    -1    -1     1     1     1    -1    -1    -1     1     1     1     1    -1     1     1    -1    -1     1    -1    -1    -1    -1     1     1     1    -1    -1    -1     1     1     1     1    -1     1    -1    -1 

   -1    -1    -1    -1    -1    -1    -1    -1    -1    -1    -1    -1    -1    -1    -1    -1    -1    -1    -1    -1    -1     1     1     1     1     1     1     1     1     1     1     1     1     1     1     1     1     1     1     1     1     1 
    0     0     0     0     0     0     0     0     0     0     0     0     0     0     0     0     0     0     0     0     0     0     0     0     0     0     0     0     0     0     0     0     0     0     0     0     0     0     0     0     0     0 
   -4    -4    -4    -2    -2    -2    -2    -2     0     0     0     0     0     0     2     2     2     2     2     4     4    -4    -4    -2    -2    -2    -2    -2     0     0     0     0     0     0     2     2     2     2     2     4     4     4 
   -1    -1     1    -1     1     1     1     1    -1    -1    -1     1     1     1    -1    -1    -1    -1     1    -1    -1     1     1    -1     1     1     1     1    -1    -1    -1     1     1     1    -1    -1    -1    -1     1    -1     1     1 
   -2     6    -2    -4    -4     0     4     4    -6    -2     2    -2     2     6    -4    -4     0     4     4    -2     2    -2     2     4    -4    -4     0     4    -2     2     6    -6    -2     2    -4     0     4     4    -4    -2    -2     6 
   -6     2     6    -6     2    -2    -6     2     2    -6    -2    -2    -6     2    -2     6     2    -2     6     2     2     2     2     6    -2     6     2    -2    -2    -6     2     2    -6    -2     2    -2    -6     2    -6     6    -6     2 
    0     0    -4     6     2     2     2    -6     4    -8     8    -4     4     0    -6     2     2     2     6    -8     4     8    -4    -6     6    -2    -2    -2     4    -4     0    -4     8    -8    -2    -2    -2     6    -6     4     0     0 
   -4     4    -4    -4    -8     4     0     0    -4     8     4     0     4     8     0     0     4    -8    -4     4     0    -4     0     4     0     0    -4     8     0    -4    -8     4    -8    -4     8    -4     0     0     4     4     4    -4 
   -2     6    -6     4     4    -8    -4     4     2     2    -2    -2    10    -6     4    -4    -8     4     4    -2     6    -2     6     4     4    -4    -8     4    -2    10    -6     2     2    -2     4    -8    -4     4     4    -6    -2     6 
   -8     0     4     0    -4     8     4    -4     0     0    -4     4     8    -8     4    -4    -8     4     0     0     8     0    -8     0    -4     4     8    -4    -4    -8     8     0     0     4     4    -8    -4     4     0    -4     8     0 
    8    -8    -8     0     8    -8     8    -8     0    -8     0     8     0     8     8    -8     8    -8     0     8     0    -8     0     0    -8     8    -8     8    -8     0    -8     0     8     0    -8     8    -8     8     0     8    -8     8 
    2    -6    10    -2    -2     2     6     6    -6    -2    10     6     2   -10    -6    -6    -2     2     2    10    -2    10    -2     2    -6    -6    -2     2     6     2   -10    -6    -2    10    -2     2     6     6    -2    10     2    -6 
   -6     2     2     2     2     6    10    -6    10   -10    -6    -2     2    -2     6   -10    -6    -2    -2     2    -2     2    -2    -2     6   -10    -6    -2    -2     2    -2    10   -10    -6     2     6    10    -6     2     2    -6     2 
   -4    -4     4    -4    -4   -12    12    -4     4    -4    -4     4     4    12    -4    12   -12    -4    -4    12     4   -12    -4     4     4   -12    12     4    -4    -4   -12    -4     4     4     4    12   -12     4     4    -4     4     4 
   -8     8    12     6    10     2    -6     2    12     0     8    -4    -4    -8     2    -6     2    10     6     0    -4     0     4    -6    -2     6    -2   -10     4     4     8   -12     0    -8   -10    -2     6    -2    -6   -12     8    -8 
    2     2    10    -2    -6     2    -6    10     2     2    -6    10     2     2   -10     6    -2     6     2     2   -14     2   -14     2   -10     6    -2     6    10     2     2     2     2    -6    -6     2    -6    10    -2    10     2     2 
    2    10    -6     2    10   -10     2     2   -14    -2     2   -10    10     6    -2    -2    10   -10    -2    10     6    10     6    -2    -2    -2    10   -10   -10    10     6   -14    -2     2    10   -10     2     2     2    -6     2    10 
  -12    12    -4     8   -12    -8    12    -4    -4    -8    12    -8   -12     8    -4    12    -8   -12     8    -4    -8     4     8    -8     4   -12     8    12     8    12    -8     4     8   -12    12     8   -12     4    -8     4    12   -12 
  -12     4   -12     8    -8    16     8     8    12     4    -4     4    -4     4     8     8    16    -8     8   -12    12    12   -12    -8    -8    -8   -16     8    -4     4    -4   -12    -4     4     8   -16    -8    -8    -8    12    12    -4 
   -2     6   -14     4     4     8    -4   -12   -14    -6   -10    14    -6   -14   -12    -4     8     4     4    -2    -2    -2    -2     4   -12    -4     8     4    14    -6   -14   -14    -6   -10     4     8    -4   -12     4   -14    -2     6 
    2   -14    10    14   -10   -10   -10     6    -6    -6     2   -14    10    10     6   -10   -10   -10    14     2     2     2     2    14     6   -10   -10   -10   -14    10    10    -6    -6     2   -10   -10   -10     6    14    10     2   -14 
   -8     0    -4    16     4     8    -4     4   -16    -8   -12   -12    -8     0    -4     4    -8    -4   -16     0    16     0   -16    16     4    -4     8     4    12     8     0    16     8    12    -4    -8     4    -4   -16     4     8     0 
   -8    -8     0     4    12     4    -4    -4    16     8     8     0     0     8     4     4    -4   -12    -4     8    16    -8   -16     4    -4    -4     4    12     0     0    -8   -16    -8    -8   -12    -4     4     4    -4     0     8     8 
   -2   -10   -14    -8     8   -12    16     8    -6    10    14    -2   -14   -14     8    16   -12     8    -8    -2     6    -2     6    -8     8    16   -12     8    -2   -14   -14    -6    10    14     8   -12    16     8    -8   -14    -2   -10 
  -14     2    -6     2    18     2   -14     2     2   -14    10    -6    18     2     2   -14     2    18     2     2   -14     2   -14     2     2   -14     2    18    -6    18     2     2   -14    10    18     2   -14     2     2    -6   -14     2 
    8     8    16    16     0    16     0   -16    -8    16     0    -8     8    16    16     0   -16     0   -16     8   -16    -8    16    16   -16     0    16     0     8    -8   -16     8   -16     0     0   -16     0    16   -16   -16    -8    -8 
   -8    16     4     4   -16    12    -8    16    -8    16     4     4   -16     8   -16     8   -12    16    -4     0    16     0   -16     4    16    -8    12   -16    -4    16    -8     8   -16    -4    16   -12     8   -16    -4    -4     8   -16 
   18    10    14   -10    14    10     6   -18   -14   -14    14     6    -6    10    18    -6   -10   -14    10    -6    18    -6    18    10    18    -6   -10   -14     6    -6    10   -14   -14    14    14    10     6   -18   -10    14    18    10 
  -14    -6     6   -10    -2    -6   -10   -18   -14     2     6    -2    10    10    18    10     6     2    10    10   -14    10   -14    10    18    10     6     2    -2    10    10   -14     2     6    -2    -6   -10   -18   -10     6   -14    -6 
    2    18    -6    -2   -10   -10   -10   -10    10    10   -14   -14    -6    -6   -10   -10   -10   -10    -2     2   -14     2   -14    -2   -10   -10   -10   -10   -14    -6    -6    10    10   -14   -10   -10   -10   -10    -2    -6     2    18 
  -16     8    -4   -12     0    -4     8     0    16     8    -4    -4     8     0     0    -8     4     0    12    -8     8     8    -8   -12     0     8    -4     0     4    -8     0   -16    -8     4     0     4    -8     0    12     4    16    -8 
    8     8     8    12    12    -4   -20    12     0   -16    16    16    16     0   -12    20     4   -12   -12    -8     8     8    -8    12    12   -20    -4    12   -16   -16     0     0    16   -16   -12     4    20   -12   -12    -8    -8    -8 
   -4    -4    12    16     0     8    16   -16     4     4    20   -12     4     4   -16    16     8     0    16    12    -4   -12     4   -16    16   -16    -8     0    12    -4    -4    -4    -4   -20     0    -8   -16    16   -16   -12     4     4 
   -4    12    -4    -4   -12   -12    20    20     4    12    20    -4    20   -20    20    20   -12   -12    -4    -4   -12     4    12     4   -20   -20    12    12     4   -20    20    -4   -12   -20    12    12   -20   -20     4     4     4   -12 
  -12   -12   -20    10    -6    10    -6   -22     0     8     8    16     0    -8    22     6   -10     6   -10   -20     4    20    -4    10   -22    -6    10    -6   -16     0     8     0    -8    -8     6   -10     6    22   -10    20    12    12 
  -16     0     8     0    -8    -8    -8    -8    -8     8    16     0    -8     8     8     8     8     8     0    16   -16   -16    16     0    -8    -8    -8    -8     0     8    -8     8    -8   -16     8     8     8     8     0    -8    16     0 
  -22     2     2    -2    22    18   -18    -2     2   -10   -14    14    10    14     2    18   -18   -22     2    18   -10    18   -10     2     2    18   -18   -22    14    10    14     2   -10   -14    22    18   -18    -2    -2     2   -22     2 
    2   -14   -14     2   -18   -18    -2    14     2    18   -14     2    18     2   -14     2    18    18    -2   -14    18   -14    18    -2   -14     2    18    18     2    18     2     2    18   -14   -18   -18    -2    14     2   -14     2   -14 
   12   -20   -12     4   -20    20    -4    12    -4    20   -12   -20    -4     4    12    -4    20   -20     4   -20     4    20    -4    -4   -12     4   -20    20    20     4    -4     4   -20    12    20   -20     4   -12    -4    12   -12    20 
    4    -4     4   -16   -12   -16    -4    12    -4    16     4     8   -12    16    12    -4   -16   -12   -16   -20   -16    20    16    16   -12     4    16    12    -8    12   -16     4   -16    -4    12    16     4   -12    16    -4    -4     4 
   -2   -26     6    -8     8    12   -16     0     2    14     2   -10    10    22     0    16   -12    -8     8    14    10    14    10     8     0    16   -12    -8   -10    10    22     2    14     2     8    12   -16     0    -8     6    -2   -26 
   -6     2    -2    -2    14    18   -10   -18    10    26   -18   -26     2     2    18    10   -18   -14     2   -14   -22   -14   -22     2    18    10   -18   -14   -26     2     2    10    26   -18    14    18   -10   -18    -2    -2    -6     2 
  -22    10    18    14   -10   -26    22   -26   -14    26    10     2   -14    -6   -26    22   -26   -10    14    -6    18    -6    18    14   -26    22   -26   -10     2   -14    -6   -14    26    10   -10   -26    22   -26    14    18   -22    10 
   -6    -6     2   -26    22    -2     6   -26    18    10    -6     2    18   -22   -26     6    -2    22   -26    10   -14    10   -14   -26   -26     6    -2    22     2    18   -22    18    10    -6    22    -2     6   -26   -26     2    -6    -6 
    4     4    -4   -14   -14   -14    18     2    16    -8    -8     0   -16     8    -2   -18    14    14    14    -4    20     4   -20   -14     2    18   -14   -14     0    16    -8   -16     8     8    14    14   -18    -2    14     4    -4    -4 
   -8     8     0   -16   -16     0   -16    16    24     8     0    16    24     8   -16    16     0    16    16   -24     8    24    -8   -16    16   -16     0   -16   -16   -24    -8   -24    -8     0    16     0    16   -16    16     0     8    -8 
   -8     8    20    10     6   -18    22    14   -12     0     8    20     4     8    14    22   -18     6    10   -16   -12    16    12   -10   -14   -22    18    -6   -20    -4    -8    12     0    -8    -6    18   -22   -14   -10   -20     8    -8 
    4     4   -12   -20    12     4    -4    -4    -4    -4   -20    12    -4    -4    -4    -4     4    12   -20    20     4   -20    -4    20     4     4    -4   -12   -12     4     4     4     4    20   -12    -4     4     4    20    12    -4    -4 
    4    20     4     6    14   -26    -2    -2    -8    16   -24    16   -24    16     2     2    26   -14    -6    -4   -12     4    12     6    -2    -2   -26    14   -16    24   -16     8   -16    24   -14    26     2     2    -6    -4    -4   -20 
    0   -16    -8   -16   -16   -16    16   -16    16     0     8    -8   -16     0    16   -16    16    16    16   -16   -16    16    16   -16   -16    16   -16   -16     8    16     0   -16     0    -8    16    16   -16    16    16     8     0    16 
  -14    10   -10    10   -14   -18   -22     2    10   -14    -2    -2    18   -22    -2    22    18    14   -10    10    -6    10    -6   -10    -2    22    18    14    -2    18   -22    10   -14    -2   -14   -18   -22     2    10   -10   -14    10 
   14   -10    14     0    16     4    -8    -8   -14   -26    -6   -26    -6    14     8     8    -4   -16     0    -2    18    -2    18     0     8     8    -4   -16   -26    -6    14   -14   -26    -6    16     4    -8    -8     0    14    14   -10 
   26    -6   -22   -18    22   -10    22   -10     2     2    18     2     2     2   -10    22   -10    22   -18    10    10    10    10   -18   -10    22   -10    22     2     2     2     2     2    18    22   -10    22   -10   -18   -22    26    -6 
  -18   -26   -14    -8   -24   -12   -16     8    10    10    14    14     2   -14     8   -16   -12   -24    -8   -18     6   -18     6    -8     8   -16   -12   -24    14     2   -14    10    10    14   -24   -12   -16     8    -8   -14   -18   -26 
   -8    -8   -24     0     0   -24   -16     0   -16    16     0    16   -32     0     0    16    24     0     0     8   -24    -8    24     0     0   -16   -24     0   -16    32     0    16   -16     0     0    24    16     0     0    24     8     8 
    0     8    -4   -20     8     4   -16   -24     0   -16   -20     4     8     8    24    16    -4    -8    20    -8    16     8   -16   -20   -24   -16     4     8    -4    -8    -8     0    16    20    -8    -4    16    24    20     4     0    -8 
   22    -2    -2    12    -4    32     4    20    18    -2    18   -10    -6   -26   -20    -4   -32     4   -12    22    18    22    18   -12   -20    -4   -32     4   -10    -6   -26    18    -2    18    -4    32     4    20    12    -2    22    -2 
   14   -10   -10   -32     0   -12     8    -8     2   -18     2   -10    10   -10     8    -8    12     0    32    -2    26    -2    26    32     8    -8    12     0   -10    10   -10     2   -18     2     0   -12     8    -8   -32   -10    14   -10 
   12    20    28   -16   -20    32     4    20     4     0    12    24   -20     0    20     4    32   -20   -16     4    16    -4   -16    16   -20    -4   -32    20   -24    20     0    -4     0   -12    20   -32    -4   -20    16   -28   -12   -20 
   24   -24   -12   -26    -6     2   -22     2    -4     8    16    -4   -20   -16     2   -22     2    -6   -26    32     4   -32    -4    26    -2    22    -2     6     4    20    16     4    -8   -16     6    -2    22    -2    26    12   -24    24 
   22    -2    10   -20    -4   -16    20   -20    10   -30    14    22   -14    26   -20    20   -16    -4   -20   -10   -26   -10   -26   -20   -20    20   -16    -4    22   -14    26    10   -30    14    -4   -16    20   -20   -20    10    22    -2 
  -16    16   -28    -2   -22    10    10    18     4   -16    16    28   -28     8    18    10    10   -22    -2     8    -4    -8     4     2   -18   -10   -10    22   -28    28    -8    -4    16   -16    22   -10   -10   -18     2    28    16   -16 
  -28   -20    -4     8    -4     8     4   -12   -20     0    -4    32    20   -16   -12     4     8    -4     8    28   -16   -28    16    -8    12    -4    -8     4   -32   -20    16    20     0     4     4    -8    -4    12    -8     4    28    20 
  -30   -30   -22   -34     6   -10   -26    22   -22   -30    34   -22    10     2    22   -26   -10     6   -34    18    -6    18    -6   -34    22   -26   -10     6   -22    10     2   -22   -30    34     6   -10   -26    22   -34   -22   -30   -30 
   10   -22    26   -14   -14   -30    18   -14    26    26   -22   -22    -6    -6   -14    18   -30   -14   -14    10   -22    10   -22   -14   -14    18   -30   -14   -22    -6    -6    26    26   -22   -14   -30    18   -14   -14    26    10   -22 
   -8   -24   -20   -10    10    18    26     2    12   -16     8   -20    -4     8     2    26    18    10   -10   -32   -20    32    20    10    -2   -26   -18   -10    20     4    -8   -12    16    -8   -10   -18   -26    -2    10    20     8    24 
    4     4    28    20   -12   -12    20   -28   -12    12    -4   -28    20    -4   -28    20   -12   -12    20     4    12    -4   -12   -20    28   -20    12    12    28   -20     4    12   -12     4    12    12   -20    28   -20   -28    -4    -4 
    2     2   -14     2    26     2    10    10   -14   -30   -30   -30    18   -30    10    10     2    26     2    34     2    34     2     2    10    10     2    26   -30    18   -30   -14   -30   -30    26     2    10    10     2   -14     2     2 
   10    -6     2    22   -26    14    22   -26     2   -14    -6   -22   -14     2   -26    22    14   -26    22    10   -22    10   -22    22   -26    22    14   -26   -22   -14     2     2   -14    -6   -26    14    22   -26    22     2    10    -6 
   34     2    18   -30   -10    -2   -10   -26    34    -6     2   -22     2    26    26    10     2    10    30     2    10     2    10    30    26    10     2    10   -22     2    26    34    -6     2   -10    -2   -10   -26   -30    18    34     2 
   -6     2   -14   -10    22    -6    30    14     2    -2     2   -10    26     6   -14   -30     6   -22    10   -14    -2   -14    -2    10   -14   -30     6   -22   -10    26     6     2    -2     2    22    -6    30    14   -10   -14    -6     2 
  -12     4    12    22    -2   -10    14    -2     8     8    32    16    -8    -8     2   -14    10     2   -22    12    28   -12   -28    22    -2    14   -10    -2   -16     8     8    -8    -8   -32     2    10   -14     2   -22   -12    12    -4 
   -8     8    -8    28    20    -4     4   -28   -16    -8   -16     8   -16     8    28    -4     4   -20   -28    -8     0     8     0    28   -28     4    -4    20    -8    16    -8    16     8    16   -20     4    -4    28   -28     8     8    -8 
  -22    26    -6    -6   -10   -10     6   -10   -22    -6   -38    10    -6   -22    10    -6    10    10     6    26    26    26    26     6    10    -6    10    10    10    -6   -22   -22    -6   -38   -10   -10     6   -10    -6    -6   -22    26 
   26    10   -30    26     6   -10   -10    22   -22     2    34    -6    -6   -14   -22    10    10    -6   -26    10     2    10     2   -26   -22    10    10    -6    -6    -6   -14   -22     2    34     6   -10   -10    22    26   -30    26    10 
    4    20    -4   -36   -12    28     4    20   -28    20    -4    -4   -12    36    20     4    28   -12   -36   -12    20    12   -20    36   -20    -4   -28    12     4    12   -36    28   -20     4    12   -28    -4   -20    36     4    -4   -20 
  -16    16    20    -6    -2    -2    -2    38   -20     8     8   -28    12     0    38    -2    -2    -2    -6    24    28   -24   -28     6   -38     2     2     2    28   -12     0    20    -8    -8     2     2     2   -38     6   -20    16   -16 
   18    34   -14    -2   -14     2   -30   -30   -14   -14     2     2   -30     2    30    30    -2    14     2     2   -30     2   -30     2    30    30    -2    14     2   -30     2   -14   -14     2   -14     2   -30   -30    -2   -14    18    34 
  -22     2    18    22   -26    -6    14   -18   -14    38   -30    14    26    -2    18   -14     6    26   -22   -14    22   -14    22   -22    18   -14     6    26    14    26    -2   -14    38   -30   -26    -6    14   -18    22    18   -22     2 
  -10    14   -22     0    32    -4     8    32   -14   -14     6   -26    10    26    32     8    -4    32     0    22   -18    22   -18     0    32     8    -4    32   -26    10    26   -14   -14     6    32    -4     8    32     0   -22   -10    14 
  -14   -14   -30    30   -34   -26    14    14    10    -6   -38    10    10    26    14    14   -26   -34    30    34     2    34     2    30    14    14   -26   -34    10    10    26    10    -6   -38   -34   -26    14    14    30   -30   -14   -14 
   14    22   -10    -8   -40    28    32   -16    18   -18    18   -26    -6   -10    16   -32   -28    40     8    -2   -22    -2   -22     8    16   -32   -28    40   -26    -6   -10    18   -18    18   -40    28    32   -16    -8   -10    14    22 
   22    30    -2   -12   -28    -8   -20    28    34    -2   -30    38   -22    38   -28    20     8    28    12    22   -30    22   -30    12   -28    20     8    28    38   -22    38    34    -2   -30   -28    -8   -20    28   -12    -2    22    30 
  -30   -14   -14   -14   -14    34    18   -30   -14    26     2   -38     2   -22   -30    18    34   -14   -14    18    -6    18    -6   -14   -30    18    34   -14   -38     2   -22   -14    26     2   -14    34    18   -30   -14   -14   -30   -14 
    2    34    34   -34   -34    -2    30    30   -14     2   -14   -30    18    34    30    30    -2   -34   -34   -30    18   -30    18   -34    30    30    -2   -34   -30    18    34   -14     2   -14   -34    -2    30    30   -34    34     2    34 
    0    32    -8   -36    20    12     4   -28    24   -16    32    24     8    16    28    -4   -12   -20    36   -16    -8    16     8   -36   -28     4    12    20   -24    -8   -16   -24    16   -32   -20   -12    -4    28    36     8     0   -32 
  -12   -28    20    26    34    10   -14   -14     0     8    16   -24   -16     8    14    14   -10   -34   -26    -4   -28     4    28    26   -14   -14    10    34    24    16    -8     0    -8   -16   -34   -10    14    14   -26   -20    12    28 
   18    18   -30    38     6    -2    22    22    26   -22   -22    -6   -38    10    22    22    -2     6    38    34     2    34     2    38    22    22    -2     6    -6   -38    10    26   -22   -22     6    -2    22    22    38   -30    18    18 
   18   -14     2    -2    22   -26   -10    22   -38    -6    10    26    26    -6    22   -10   -26    22    -2     2     2     2     2    -2    22   -10   -26    22    26    26    -6   -38    -6    10    22   -26   -10    22    -2     2    18   -14 
   24     8   -32   -36    28    -4    -4    -4    16   -16    24   -40    16   -16     4     4     4   -28    36    24   -24   -24    24   -36    -4    -4    -4    28    40   -16    16   -16    16   -24   -28     4     4     4    36    32   -24    -8 
  -16   -24     4    -4    16     4     8    16    32     0     4   -36    -8   -24   -16    -8    -4   -16     4    24   -16   -24    16    -4    16     8     4    16    36     8    24   -32     0    -4   -16    -4    -8   -16     4    -4    16    24 
    8     8    16    -8   -40     8    24   -24   -40    16   -32    24     8   -16    24   -24    -8    40     8     8   -16    -8    16    -8   -24    24     8   -40   -24    -8    16    40   -16    32    40    -8   -24    24     8   -16    -8    -8 
   20   -12    20    18   -30   -14     2   -30    16   -32   -16   -32    16     0    30    -2    14    30   -18   -20    28    20   -28    18   -30     2   -14   -30    32   -16     0   -16    32    16    30    14    -2    30   -18   -20   -20    12 
   36    20   -20   -36    20   -12    20     4   -36    -4   -28   -12    44   -20     4    20   -12    20   -36     4     4    -4    -4    36    -4   -20    12   -20    12   -44    20    36     4    28   -20    12   -20    -4    36    20   -36   -20 
  -32   -16    -4    14   -30   -22    18    10   -28   -16    24     4    20   -40    10    18   -22   -30    14   -24   -20    24    20   -14   -10   -18    22    30    -4   -20    40    28    16   -24    30    22   -18   -10   -14     4    32    16 
    4    36    -4    -4    -4    -4    28   -20   -44   -36    -4   -44   -12   -20   -20    28    -4    -4    -4    36    -4   -36     4     4    20   -28     4     4    44    12    20    44    36     4     4     4   -28    20     4     4    -4   -36 
   -4    -4    20   -24     0     0     0    16     4   -20    12   -12   -28   -36    16     0     0     0   -24   -20    36    20   -36    24   -16     0     0     0    12    28    36    -4    20   -12     0     0     0   -16    24   -20     4     4 
   34   -30   -30    10   -14    10     2   -14   -14   -14    34     2    18    18   -14     2    10   -14    10     2   -30     2   -30    10   -14     2    10   -14     2    18    18   -14   -14    34   -14    10     2   -14    10   -30    34   -30 
  -10    30   -10     8     8   -20   -16    16    -6    14    34    30     2    22   -16    16    20    -8    -8    38   -38    38   -38    -8   -16    16    20    -8    30     2    22    -6    14    34     8   -20   -16    16     8   -10   -10    30 
   14   -10    14    12    12   -32    20    20   -22    -2   -46    14    18     6   -20   -20    32   -12   -12   -18     2   -18     2   -12   -20   -20    32   -12    14    18     6   -22    -2   -46    12   -32    20    20    12    14    14   -10 
  -20     4    20    12     8   -28    16   -16   -20     8    44    -8     4    -8   -16    16   -28     8    12   -28    32    28   -32   -12    16   -16    28    -8     8    -4     8    20    -8   -44    -8    28   -16    16   -12   -20    20    -4 
   36   -28   -12    32    16    -8    32    32    12   -20    -4    -4   -20    12    32    32    -8    16    32   -12    36    12   -36   -32   -32   -32     8   -16     4    20   -12   -12    20     4   -16     8   -32   -32   -32    12   -36    28 
  -36     4    -4    40   -28    40   -36   -20     4    32    -4    40    12     0   -20   -36    40   -28    40    20   -32   -20    32   -40    20    36   -40    28   -40   -12     0    -4   -32     4    28   -40    36    20   -40     4    36    -4 
   -4    -4   -28   -40   -32     0    32    16    20    12    44     4   -44    -4    16    32     0   -32   -40    12   -12   -12    12    40   -16   -32     0    32    -4    44     4   -20   -12   -44    32     0   -32   -16    40    28     4     4 
  -14   -14    18   -18   -34   -18    30    30     2    18   -30    18     2    18    30    30   -18   -34   -18   -14     2   -14     2   -18    30    30   -18   -34    18     2    18     2    18   -30   -34   -18    30    30   -18    18   -14   -14 
  -38    42   -46    22    22    46   -26   -42   -14    18    10   -22     2     2   -42   -26    46    22    22    -6    10    -6    10    22   -42   -26    46    22   -22     2     2   -14    18    10    22    46   -26   -42    22   -46   -38    42 
   42    42    -6    22   -42    22   -10    22   -38   -38    10    10    26    26    22   -10    22   -42    22   -22   -22   -22   -22    22    22   -10    22   -42    10    26    26   -38   -38    10   -42    22   -10    22    22    -6    42    42 
   34   -46    26    22    30   -18    -2    -2   -22    -6   -14     2    -6    10    -2    -2   -18    30    22     2   -30     2   -30    22    -2    -2   -18    30     2    -6    10   -22    -6   -14    30   -18    -2    -2    22    26    34   -46 
  -28   -28   -12    38     6   -10    38    38    24    40     8    24    -8     8   -38   -38    10    -6   -38    12    -4   -12     4    38    38    38   -10     6   -24     8    -8   -24   -40    -8    -6    10   -38   -38   -38    12    28    28 
   -8    40   -24    12   -28    28   -12   -44   -32   -24    16    40   -32    -8    44    12   -28    28   -12    -8    32     8   -32    12   -44   -12    28   -28   -40    32     8    32    24   -16    28   -28    12    44   -12    24     8   -40 
  -38   -38    -6    -6   -34     6    30   -18    26    18    42    18    26    18    18   -30    -6    34     6    26     2    26     2     6    18   -30    -6    34    18    26    18    26    18    42   -34     6    30   -18    -6    -6   -38   -38 
   42    26   -14    26   -26   -10    22   -42    -6    18   -46    10    10     2    42   -22    10    26   -26    26   -14    26   -14   -26    42   -22    10    26    10    10     2    -6    18   -46   -26   -10    22   -42    26   -14    42    26 
   -4   -20     4    -4   -28   -28    36    20     4   -28    12    -4    20    20    20    36   -28   -28    -4    -4    -4     4     4     4   -20   -36    28    28     4   -20   -20    -4    28   -12    28    28   -36   -20     4    -4     4    20 
   28    44   -28   -24   -16     0   -16    32   -28     4   -20   -36    20    20    32   -16     0   -16   -24    28    -4   -28     4    24   -32    16     0    16    36   -20   -20    28    -4    20    16     0    16   -32    24    28   -28   -44 
   40    16    -4   -20   -32   -28    24     0   -24    16    -4   -36   -16   -40     0   -24    28    32    20    32    16   -32   -16   -20     0    24   -28   -32    36    16    40    24   -16     4    32    28   -24     0    20     4   -40   -16 
    8    24   -32    40     8    40   -24   -24   -24     8   -32     0     8     8    24    24   -40    -8   -40    -8   -24     8    24    40   -24   -24    40     8     0    -8    -8    24    -8    32    -8   -40    24    24   -40    32    -8   -24 
   44   -12   -12     4    -8   -20    16    16   -20    16    28    16   -12     0    16    16   -20    -8     4    20   -40   -20    40    -4   -16   -16    20     8   -16    12     0    20   -16   -28     8    20   -16   -16    -4    12   -44    12 
  -24    40   -44    -6    14   -18    46   -26     4    40    -8   -36   -28   -16   -26    46   -18    14    -6    16   -20   -16    20     6    26   -46    18   -14    36    28    16    -4   -40     8   -14    18   -46    26     6    44    24   -40 
   26    42    34    42   -10     6    38   -26    10   -14     2    42    -6     2    26   -38    -6    10   -42   -22    50   -22    50   -42    26   -38    -6    10    42    -6     2    10   -14     2   -10     6    38   -26    42    34    26    42 
   26   -14    34   -22   -38   -18     2     2   -38    14   -22   -42    34   -26    -2    -2    18    38    22    18   -10    18   -10    22    -2    -2    18    38   -42    34   -26   -38    14   -22   -38   -18     2     2   -22    34    26   -14 
   -6    26   -14     6    -2   -50   -34    14   -14   -22    -6     2   -14    10    14   -34   -50    -2     6    42    18    42    18     6    14   -34   -50    -2     2   -14    10   -14   -22    -6    -2   -50   -34    14     6   -14    -6    26 
   26    -6   -14   -34    22    38   -10    38   -14    42    26   -30   -14    10    38   -10    38    22   -34    10   -46    10   -46   -34    38   -10    38    22   -30   -14    10   -14    42    26    22    38   -10    38   -34   -14    26    -6 
   12   -36   -12   -20    36    44    20     4    44    28    20   -12    -4   -20     4    20    44    36   -20    -4    28     4   -28    20    -4   -20   -44   -36    12     4    20   -44   -28   -20   -36   -44   -20    -4    20    12   -12    36 
  -12    20    28   -20    28   -28   -52    28    -4    36   -44    12    28   -12    28   -52   -28    28   -20   -28   -20    28    20    20   -28    52    28   -28   -12   -28    12     4   -36    44   -28    28    52   -28    20   -28    12   -20 
   18    10     6   -30   -38    22   -46   -22   -22    18   -50    46    18   -22    22    46   -22    38    30    10    26    10    26    30    22    46   -22    38    46    18   -22   -22    18   -50   -38    22   -46   -22   -30     6    18    10 
   18   -38   -50    10    26    14    34    10   -22    34   -10   -10     2    10   -10   -34   -14   -26   -10    -6    10    -6    10   -10   -10   -34   -14   -26   -10     2    10   -22    34   -10    26    14    34    10    10   -50    18   -38 
    8    24     0    -8    16     8   -32    16     8   -40   -16   -32     8    24   -16    32    -8   -16     8    -8    24     8   -24    -8    16   -32     8    16    32    -8   -24    -8    40    16   -16    -8    32   -16     8     0    -8   -24 
    0     8    28     8   -28   -48    44   -28    24     8   -28   -36   -32   -32    28   -44    48    28    -8    40    32   -40   -32     8   -28    44   -48   -28    36    32    32   -24    -8    28    28    48   -44    28    -8   -28     0    -8 
  -30    10   -26    14    46   -46    22    14     2   -30     6    14    26   -22   -14   -22    46   -46   -14    26     2    26     2   -14   -14   -22    46   -46    14    26   -22     2   -30     6    46   -46    22    14    14   -26   -30    10 
  -50   -10    -2    -4    44   -32   -12   -44   -22    14    34    14   -46    22    44    12    32   -44     4   -18   -46   -18   -46     4    44    12    32   -44    14   -46    22   -22    14    34    44   -32   -12   -44    -4    -2   -50   -10 
  -20   -12   -12     4   -40    12   -16    16    44    16   -36   -16    20    32    16   -16    12   -40     4    20   -40   -20    40    -4   -16    16   -12    40    16   -20   -32   -44   -16    36    40   -12    16   -16    -4    12    20    12 
  -36    44   -20    44   -20   -20    12   -20    -4    20    -4    36   -20   -44   -20    12   -20   -20    44   -20    20    20   -20   -44    20   -12    20    20   -36    20    44     4   -20     4    20    20   -12    20   -44    20    36   -44 
   52   -28    12    30    22    -2     6    22     8    24    32    32   -40     8   -22    -6     2   -22   -30   -20    44    20   -44    30    22     6    -2    22   -32    40    -8    -8   -24   -32   -22     2    -6   -22   -30   -12   -52    28 
  -16   -32   -24    40   -32    40    16    32     0   -32    40   -24    32    32   -32   -16   -40    32   -40   -32   -16    32    16    40    32    16    40   -32    24   -32   -32     0    32   -40    32   -40   -16   -32   -40    24    16    32 
  -22   -30   -26    22   -10    26   -34    38   -22    -6    38   -50    18    50   -38    34   -26    10   -22    18   -22    18   -22   -22   -38    34   -26    10   -50    18    50   -22    -6    38   -10    26   -34    38    22   -26   -22   -30 
  -22    18   -50    -2    -2     2    38    -2   -22   -54    46   -10     2   -46     2   -38    -2     2     2    34   -22    34   -22     2     2   -38    -2     2   -10     2   -46   -22   -54    46    -2     2    38    -2    -2   -50   -22    18 
  -14    18    34   -50   -34    14   -34   -34     2   -14    18   -30    34    18   -34   -34    14   -34   -50    18    34    18    34   -50   -34   -34    14   -34   -30    34    18     2   -14    18   -34    14   -34   -34   -50    34   -14    18 
  -30   -14    34   -30    34     2    34    50    34    26   -30    10   -14   -22    50    34     2    34   -30   -14   -22   -14   -22   -30    50    34     2    34    10   -14   -22    34    26   -30    34     2    34    50   -30    34   -30   -14 
   -4    28    28   -28    36    52     4   -28   -20    -4    12    28    44    28   -28     4    52    36   -28    -4    44     4   -44    28    28    -4   -52   -36   -28   -44   -28    20     4   -12   -36   -52    -4    28    28   -28     4   -28 
   -4    -4   -12   -28     4   -28   -28    20   -52   -28    52    -4   -52   -12    20   -28   -28     4   -28    -4    36     4   -36    28   -20    28    28    -4     4    52    12    52    28   -52    -4    28    28   -20    28    12     4     4 
    4    36   -36   -20   -52    12   -20   -36    52    28   -36   -44    20   -20   -36   -20    12   -52   -20   -28    -4    28     4    20    36    20   -12    52    44   -20    20   -52   -28    36    52   -12    20    36    20    36    -4   -36 
   20    36   -12    20    52    20    20   -12   -44    28    36    28   -28    28   -12    20    20    52    20   -28    -4    28     4   -20    12   -20   -20   -52   -28    28   -28    44   -28   -36   -52   -20   -20    12   -20    12   -20   -36 
  -24    56    24    24    32   -40    48   -16     8     0    -8   -32    40   -16    16   -48    40   -32   -24    -8    16     8   -16    24   -16    48   -40    32    32   -40    16    -8     0     8   -32    40   -48    16   -24   -24    24   -56 
  -24   -16   -44    36   -32    44    40   -32     8     8    36   -20   -16    32    32   -40   -44    32   -36   -32   -24    32    24    36   -32    40    44   -32    20    16   -32    -8    -8   -36    32   -44   -40    32   -36    44    24    16 
  -26    46    14   -40    -8   -20     0   -48   -38   -10    26    -2     2   -34    48     0    20     8    40   -10   -30   -10   -30    40    48     0    20     8    -2     2   -34   -38   -10    26    -8   -20     0   -48   -40    14   -26    46 
  -38     2    38   -30   -38   -26    50    -6   -14    26    46   -34    10     2     6   -50    26    38    30    34   -46    34   -46    30     6   -50    26    38   -34    10     2   -14    26    46   -38   -26    50    -6   -30    38   -38     2 
   10   -38    50   -22    -6    26    -6    10    10   -38    18    34    26   -22    10    -6    26    -6   -22    -6   -22    -6   -22   -22    10    -6    26    -6    34    26   -22    10   -38    18    -6    26    -6    10   -22    50    10   -38 
  -14    26   -22   -26     6    26    46   -34   -22   -10    10    14    34   -34    34   -46   -26    -6    26   -22    38   -22    38    26    34   -46   -26    -6    14    34   -34   -22   -10    10     6    26    46   -34   -26   -22   -14    26 
   42    10    26   -34    42   -14    42    10   -54   -14    -6   -46    42   -46   -10   -42    14   -42    34   -22   -46   -22   -46    34   -10   -42    14   -42   -46    42   -46   -54   -14    -6    42   -14    42    10   -34    26    42    10 
  -12    -4    28    44    32   -12    -8    56   -44    24   -28   -40    28     8    56    -8   -12    32    44   -36     0    36     0   -44   -56     8    12   -32    40   -28    -8    44   -24    28   -32    12     8   -56   -44   -28    12     4 
   32    48   -20    -6   -10    14    38   -34   -20    40   -48   -20    28   -16   -34    38    14   -10    -6    -8    12     8   -12     6    34   -38   -14    10    20   -28    16    20   -40    48    10   -14   -38    34     6    20   -32   -48 
  -46    18   -46   -42    50   -38    50   -46   -14   -38    18    10   -14    26    46   -50    38   -50    42    50    -6    50    -6    42    46   -50    38   -50    10   -14    26   -14   -38    18    50   -38    50   -46   -42   -46   -46    18 
  -30    18   -22     2   -18   -18    -2    -2   -14    42    10    34     2   -38     2     2    18    18    -2    18    42    18    42    -2     2     2    18    18    34     2   -38   -14    42    10   -18   -18    -2    -2     2   -22   -30    18 
   16   -16    36   -26   -46    34   -46    -6    36    16   -16    -4    36     8    -6   -46    34   -46   -26   -24    -4    24     4    26     6    46   -34    46     4   -36    -8   -36   -16    16    46   -34    46     6    26   -36   -16    16 
   28    -4   -52    44   -52   -36   -20    12    12   -20   -36    28    12   -20    12   -20   -36   -52    44   -36    28    36   -28   -44   -12    20    36    52   -28   -12    20   -12    20    36    52    36    20   -12   -44    52   -28     4 
   -8    -8   -52    -2    -6    -6   -38     2    12   -24    56    52   -20    32     2   -38    -6    -6    -2   -16   -12    16    12     2    -2    38     6     6   -52    20   -32   -12    24   -56     6     6    38    -2     2    52     8     8 
   36    20    20   -12    28   -44    44   -52    20    44   -12   -20   -28    44   -52    44   -44    28   -12   -12    44    12   -44    12    52   -44    44   -28    20    28   -44   -20   -44    12   -28    44   -44    52    12   -20   -36   -20 
  -24    24    24   -24     0   -24    16    48   -24     0    24     0   -24    16   -48   -16    24     0    24    24   -16   -24    16   -24    48    16   -24     0     0    24   -16    24     0   -24     0    24   -16   -48    24   -24    24   -24 
  -52    -4    28   -26   -34   -10    14   -18   -16   -24    16    -8    32     8    18   -14    10    34    26     4    28    -4   -28   -26   -18    14   -10   -34     8   -32    -8    16    24   -16    34    10   -14    18    26   -28    52     4 
   10    10    26   -38   -54    26   -22   -54   -22    58    26    10    42    -6   -54   -22    26   -54   -38   -54   -38   -54   -38   -38   -54   -22    26   -54    10    42    -6   -22    58    26   -54    26   -22   -54   -38    26    10    10 
  -22    10    58    42   -30   -38   -14   -30   -22   -22    10   -22    42   -54   -30   -14   -38   -30    42   -54   -22   -54   -22    42   -30   -14   -38   -30   -22    42   -54   -22   -22    10   -30   -38   -14   -30    42    58   -22    10 
   56    48   -44    12    -8    36   -32   -40   -40   -16    20   -12    48   -56    40    32   -36     8   -12   -32    16    32   -16    12   -40   -32    36    -8    12   -48    56    40    16   -20     8   -36    32    40   -12    44   -56   -48 
   40     8     0   -32     8   -16   -40    -8   -40    16   -32    -8    40   -48     8    40    16    -8    32     8    48    -8   -48   -32    -8   -40   -16     8     8   -40    48    40   -16    32    -8    16    40     8    32     0   -40    -8 
  -32   -16     8    40   -32     8    16     0   -16    48     8   -56    48    16     0   -16    -8    32   -40    48   -32   -48    32    40     0    16     8   -32    56   -48   -16    16   -48    -8    32    -8   -16     0   -40    -8    32    16 
  -52    -4    12   -30    -6   -30   -54    42    40    16    24   -48    -8    16   -42    54    30     6    30    52   -36   -52    36   -30    42   -54   -30    -6    48     8   -16   -40   -16   -24     6    30    54   -42    30   -12    52     4 
  -22    26     2   -58    10    58    -6   -22   -38   -14    18   -22   -22    34    22     6   -58   -10    58    -6    34    -6    34    58    22     6   -58   -10   -22   -22    34   -38   -14    18    10    58    -6   -22   -58     2   -22    26 
   -6   -14   -14    18    10   -26    34   -14    42    46    58   -26   -14    38    14   -34    26   -10   -18   -14   -26   -14   -26   -18    14   -34    26   -10   -26   -14    38    42    46    58    10   -26    34   -14    18   -14    -6   -14 
  -18   -26   -14    40     8    20    16   -24   -54    42    46    14     2   -46   -24    16    20     8    40    46   -26    46   -26    40   -24    16    20     8    14     2   -46   -54    42    46     8    20    16   -24    40   -14   -18   -26 
    6    14     2    20     4     8    28    36    -6    -6    22    22     2   -46    36    28     8     4    20    38    14    38    14    20    36    28     8     4    22     2   -46    -6    -6    22     4     8    28    36    20     2     6    14 
   34   -14    50    -2    50    34   -30   -62     2   -14   -30    50   -14     2    62    30   -34   -50     2    18     2    18     2     2    62    30   -34   -50    50   -14     2     2   -14   -30    50    34   -30   -62    -2    50    34   -14 
  -22     2    34    22    30   -38    54    38    34    22    18   -50   -22    46   -38   -54    38   -30   -22    18   -10    18   -10   -22   -38   -54    38   -30   -50   -22    46    34    22    18    30   -38    54    38    22    34   -22     2 
   38    -2   -46   -24   -40     4     0     8     2   -54   -34    22    26   -14     8     0     4   -40   -24   -26   -10   -26   -10   -24     8     0     4   -40    22    26   -14     2   -54   -34   -40     4     0     8   -24   -46    38    -2 
  -10    46    18    16    48   -20    56    32   -30    10    14   -26    26   -46    32    56   -20    48    16    54   -58    54   -58    16    32    56   -20    48   -26    26   -46   -30    10    14    48   -20    56    32    16    18   -10    46 
  -56    56     0     4   -12     4    52    20    16    32   -56   -40    48    32   -20   -52    -4    12    -4    40     8   -40    -8     4    20    52     4   -12    40   -48   -32   -16   -32    56    12    -4   -52   -20    -4     0    56   -56 
    4   -60    20   -34    14   -50    14   -50     8    24   -40    40     8    24    50   -14    50   -14    34    12    28   -12   -28   -34   -50    14   -50    14   -40    -8   -24    -8   -24    40   -14    50   -14    50    34   -20    -4    60 
  -44   -36    12   -20   -48    20     8   -56    52    40    52    24    28   -40   -56     8    20   -48   -20    -4   -16     4    16    20    56    -8   -20    48   -24   -28    40   -52   -40   -52    48   -20    -8    56    20   -12    44    36 
   20     4   -44   -20    12   -36   -52   -20   -28    60    20    -4   -12    28   -20   -52   -36    12   -20   -28    12    28   -12    20    20    52    36   -12     4    12   -28    28   -60   -20   -12    36    52    20    20    44   -20    -4 
   48    24    28    24    36   -32   -52   -60     8    56     4    -4    16   -48    60    52    32   -36   -24    -8   -16     8    16    24   -60   -52   -32    36     4   -16    48    -8   -56    -4   -36    32    52    60   -24   -28   -48   -24 
   24   -24    56   -24    48    40   -32     0   -40   -16    56   -32   -40     0     0    32   -40   -48    24    40    64   -40   -64   -24     0   -32    40    48    32    40     0    40    16   -56   -48   -40    32     0    24   -56   -24    24 
  -30    50   -22   -50     2   -46   -14    34   -46    42    26    18   -62    -6   -34    14    46    -2    50   -46   -38   -46   -38    50   -34    14    46    -2    18   -62    -6   -46    42    26     2   -46   -14    34   -50   -22   -30    50 
   18    42   -54    10    18    14   -22    26    34   -10    50   -18    10    14   -26    22   -14   -18   -10   -22    14   -22    14   -10   -26    22   -14   -18   -18    10    14    34   -10    50    18    14   -22    26    10   -54    18    42 
  -48     8    -4    52    32   -36   -24    32   -16    56    -4   -52   -24   -48   -32    24    36   -32   -52    -8    -8     8     8    52    32   -24   -36    32    52    24    48    16   -56     4   -32    36    24   -32   -52     4    48    -8 
   48   -48   -16     8   -24    24     8    40   -16   -48    32   -16    32    32   -40    -8   -24    24    -8   -48   -48    48    48     8    40     8    24   -24    16   -32   -32    16    48   -32    24   -24    -8   -40    -8    16   -48    48 
   30   -26   -50    24    -8   -36   -32    64   -14   -26   -22     6   -38    14   -64    32    36     8   -24    14    34    14    34   -24   -64    32    36     8     6   -38    14   -14   -26   -22    -8   -36   -32    64    24   -50    30   -26 
  -50    54    22    56    40    -4   -16    32    50    -2   -46   -58    -6     6   -32    16     4   -40   -56   -34    -6   -34    -6   -56   -32    16     4   -40   -58    -6     6    50    -2   -46    40    -4   -16    32    56    22   -50    54 
   18    10    -2    62    14     2    22   -34    34     2    46   -26    10    58    34   -22    -2   -14   -62   -38    34   -38    34   -62    34   -22    -2   -14   -26    10    58    34     2    46    14     2    22   -34    62    -2    18    10 
  -22   -46     6    18    -6    38    18   -38   -14    42    30    30    10    18    38   -18   -38     6   -18   -46    18   -46    18   -18    38   -18   -38     6    30    10    18   -14    42    30    -6    38    18   -38    18     6   -22   -46 
    4   -44    44    -4   -44   -28    52   -28    12    -4   -44   -44    -4    44   -28    52   -28   -44    -4    36    52   -36   -52     4    28   -52    28    44    44     4   -44   -12     4    44    44    28   -52    28     4   -44    -4    44 
   -4   -20    12    36     4     4    36   -28    -4   -60    28    52   -52     4   -28    36     4     4    36    44     4   -44    -4   -36    28   -36    -4    -4   -52    52    -4     4    60   -28    -4    -4   -36    28   -36   -12     4    20 
   22    14    10    40    -8   -44    32    -8    34   -46   -42   -26   -38   -38    -8    32   -44    -8    40    54    30    54    30    40    -8    32   -44    -8   -26   -38   -38    34   -46   -42    -8   -44    32    -8    40    10    22    14 
   22    14    10   -40   -24   -12   -16    40   -30    18    22   -58    26   -38    40   -16   -12   -24   -40   -10    30   -10    30   -40    40   -16   -12   -24   -58    26   -38   -30    18    22   -24   -12   -16    40   -40    10    22    14 
  -14   -46    50   -46   -22   -14   -38    -6    34   -46    34     2    34   -14    -6   -38   -14   -22   -46    50    18    50    18   -46    -6   -38   -14   -22     2    34   -14    34   -46    34   -22   -14   -38    -6   -46    50   -14   -46 
  -18     6   -38    24    24   -28   -64   -24    26    34    22    14   -14    42   -24   -64   -28    24    24    14    62    14    62    24   -24   -64   -28    24    14   -14    42    26    34    22    24   -28   -64   -24    24   -38   -18     6 
  -20   -52   -20    20    20    20    20   -12   -20    -4   -20    28    12    60   -12    20    20    20    20    12    28   -12   -28   -20    12   -20   -20   -20   -28   -12   -60    20     4    20   -20   -20   -20    12   -20    20    20    52 
   24   -40   -36    50   -58   -42   -26   -18    52    32    16    28    20    -8   -18   -26   -42   -58    50    32   -44   -32    44   -50    18    26    42    58   -28   -20     8   -52   -32   -16    58    42    26    18   -50    36   -24    40 
   10    58   -46    -2   -10   -58    22   -10   -30     2    26    58    50   -14   -10    22   -58   -10    -2    10    58    10    58    -2   -10    22   -58   -10    58    50   -14   -30     2    26   -10   -58    22   -10    -2   -46    10    58 
  -22    58     2    -2    30    54    46   -34   -30   -30   -38    58   -14   -46   -34    46    54    30    -2    10    58    10    58    -2   -34    46    54    30    58   -14   -46   -30   -30   -38    30    54    46   -34    -2     2   -22    58 
   54   -34   -10    24   -56    -4   -48    16   -38    46    34   -34   -30   -10   -16    48     4    56   -24    38   -38    38   -38   -24   -16    48     4    56   -34   -30   -10   -38    46    34   -56    -4   -48    16    24   -10    54   -34 
    6    14   -34   -24    40    -4   -16    32    26    38    42    -2   -62    14   -32    16     4   -40    24   -42    18   -42    18    24   -32    16     4   -40    -2   -62    14    26    38    42    40    -4   -16    32   -24   -34     6    14 
   44   -52   -12   -30   -14   -14   -46    34   -40     0    16    -8    24    16   -34    46    14    14    30    68    28   -68   -28   -30    34   -46   -14   -14     8   -24   -16    40     0   -16    14    14    46   -34    30    12   -44    52 
