2 0
25
   -1     1 
    0  -600 
    5     5 
    1     1 
    3 4     1 0 
   72  -600 
  106 -141   118 47 
    0 1     0 -1 
 -141 -423  -329 235 
    4 0     2 0 
   -2  -200 

   -1    -1 
   -1     1 
    1     1 

    1     1 
    0     0 
   -5     3 
    1     1 
    4     4 
    1    -1 
    4     4 
   -2     2 
   -7    -7 
    0     8 
   -8     0 
    3    -5 
    5     5 
    6     2 
    2     6 
    2    10 
    2   -14 
   -8    -4 
   -2   -10 
    0    12 
  -12     0 
   -5     3 
    7    -1 
   -9     7 
    1     1 
