1 0
200
    1 
   36 
    6 
    1 
    1 0 
   36 
  129 -67 
    1 0 
  324 -72 
    2 1 
    6 
    0 
    0 

    1 
    1 
   -1 

    0 
    0 
    2 
    2 
   -4 
    5 
   -1 
   -4 
    8 
   -4 
    5 
    2 
    2 
   -7 
    8 
    8 
   -1 
    1 
   -1 
   11 
  -10 
   -7 
   -1 
   -1 
  -10 
    8 
   -4 
   14 
   14 
   17 
   11 
   14 
  -16 
  -10 
    8 
   23 
   -7 
    5 
    2 
   11 
  -16 
    2 
  -10 
    5 
   -1 
   20 
   17 
   14 
  -16 
   -1 
   14 
    5 
   14 
  -16 
  -22 
   32 
  -22 
  -19 
    5 
   14 
   29 
   20 
   20 
   -1 
  -10 
  -19 
  -25 
   -7 
  -22 
   32 
  -16 
   23 
   17 
   -4 
  -31 
   38 
    2 
   26 
  -10 
  -34 
  -16 
   -7 
   26 
   26 
  -31 
  -34 
  -19 
    2 
  -28 
   -4 
   38 
   -7 
   -1 
  -28 
  -19 
    8 
  -31 
  -16 
    2 
   29 
    8 
    2 
  -37 
   32 
   38 
   32 
   -4 
  -28 
  -10 
   23 
   38 
  -49 
   -1 
   26 
    2 
    2 
   14 
    5 
   26 
   -4 
   44 
   29 
   41 
    8 
   11 
   35 
   -7 
   17 
  -22 
  -37 
   35 
   20 
   32 
   32 
   -7 
  -10 
  -13 
  -40 
   -7 
   -4 
   35 
  -43 
   44 
   32 
  -46 
   -1 
  -10 
  -19 
   53 
  -40 
  -10 
   14 
    2 
   44 
  -49 
   -4 
   -1 
  -52 
  -16 
   20 
   -7 
   29 
  -40 
   20 
  -34 
  -46 
  -46 
   29 
  -46 
   41 
   -7 
    5 
   -4 
    5 
  -43 
    2 
  -28 
   26 
  -28 
   62 
   56 
  -58 
  -16 
  -22 
   53 
   47 
  -16 
  -52 
  -28 
  -58 
  -10 
   50 
  -31 
  -16 
   20 
  -22 
  -40 
   26 
   26 
   11 
