2 7
25
    1     1 
    0  -108 
   10     9 
    1     1 
    5 0     1 0 
   48  -108 
    3 134    -7 115 
    1 0     1 0 
 -260 676  -130 338 
    3 2     2 1 
    2   -18 

    1    -1 
    1    -1 
    1    -1 
   -1    -1 
    1    -1 

   -1     1 
   -1     1 
   -2    -1 
   -2    -1 
   -1     1 
    1     1 
    0     2 
   -8     2 
   -2     8 
   -4     5 
  -10    -4 
   -8     2 
  -10    11 
   -8    -1 
   -1     1 
    2    -1 
   -6     8 
   -2    -4 
    8     5 
    4     2 
   10   -16 
   -8     8 
   -4    -1 
    4    -1 
   -4   -10 
