1 0
200
    1 
    0 
    3 
    1 
    5 0 
   24 
   14 66 
    0 1 
  319 -55 
    4 0 
   -2 
    0 
    0 

    1 
   -1 
    1 

    1 
    0 
   -4 
   -1 
   -6 
    0 
    0 
   -6 
   -1 
   -5 
   -5 
  -11 
    3 
   -4 
   -6 
    8 
    8 
   -9 
   -3 
    0 
   -4 
  -12 
    8 
   11 
    9 
   -4 
    1 
    6 
    2 
   -1 
  -14 
   -2 
   14 
    8 
   -8 
  -22 
    1 
   -3 
    4 
    8 
   -3 
   -7 
   18 
   20 
    8 
    8 
   -8 
   -8 
  -23 
   -9 
    5 
  -29 
  -24 
   10 
  -22 
  -22 
   12 
  -30 
  -26 
   12 
   18 
   -8 
    2 
  -29 
  -15 
   21 
  -17 
   34 
    8 
   30 
    2 
  -25 
    1 
   24 
  -22 
    3 
   37 
   34 
  -18 
  -24 
  -34 
  -30 
  -30 
  -31 
  -23 
   10 
  -36 
  -40 
  -10 
   15 
  -31 
   17 
  -29 
  -20 
   28 
  -12 
   16 
  -17 
   14 
   34 
    6 
  -28 
    2 
   28 
   15 
   35 
    2 
   -8 
  -32 
   22 
   16 
  -26 
   45 
  -13 
  -25 
  -45 
   -5 
    5 
  -19 
    5 
    4 
   -6 
   17 
  -47 
   -3 
  -31 
   25 
   -7 
  -14 
   12 
  -38 
   26 
  -43 
    9 
  -10 
   -6 
  -34 
   24 
  -10 
   50 
   -2 
   -8 
   -1 
   13 
   19 
   31 
  -10 
  -34 
   28 
  -43 
   29 
   28 
  -44 
   -4 
  -36 
   28 
  -12 
    4 
   38 
  -26 
  -16 
  -22 
   -6 
    8 
  -32 
  -48 
   30 
   16 
   44 
   42 
  -30 
   20 
  -24 
  -45 
   13 
  -28 
   42 
  -58 
  -62 
   36 
   50 
    8 
  -28 
  -19 
   53 
   -2 
   36 
  -12 
   28 
   14 
   52 
  -45 
  -45 
  -25 
   19 
  -10 
  -34 
   19 
    1 
  -16 
