1 0
200
   -1 
    0 
    5 
    1 
    1 3 
   12 
 -164 93 
    1 0 
 -444 -120 
    1 3 
   -1 

   -1 
    1 
   -1 

    0 
    0 
    3 
   -1 
    1 
   -2 
    0 
    6 
    2 
   -2 
   -7 
   -6 
   -3 
    0 
   -8 
   -2 
    4 
   12 
   -3 
  -13 
   -4 
   -8 
  -13 
  -16 
  -14 
   -7 
  -12 
   -5 
    2 
   10 
   -8 
  -12 
    2 
   18 
   12 
  -20 
   22 
   -7 
    1 
   -2 
    4 
   14 
  -21 
    2 
   14 
  -16 
    5 
   -2 
   -5 
  -14 
   -9 
   20 
   18 
   11 
    8 
    8 
   13 
   23 
    4 
  -14 
   29 
   11 
    2 
  -26 
   10 
   -2 
   15 
   -6 
   26 
   -8 
   26 
   -7 
   28 
  -16 
  -29 
  -36 
   10 
  -12 
  -33 
   37 
   -2 
  -22 
   26 
   -2 
   -4 
    0 
   -4 
   38 
    4 
   -2 
  -23 
   23 
  -12 
   16 
   36 
   22 
  -16 
   18 
   20 
  -43 
  -17 
  -35 
  -40 
  -35 
  -13 
    7 
  -23 
   21 
   -8 
   30 
    1 
   13 
   28 
   25 
   -5 
  -34 
   41 
   12 
   22 
   37 
    8 
   10 
   -2 
   40 
   44 
    6 
  -23 
   30 
  -35 
  -39 
   37 
   32 
    5 
  -33 
   32 
   16 
   -1 
   26 
  -38 
   33 
  -33 
   12 
    8 
   30 
  -17 
   -4 
   47 
  -36 
   27 
  -36 
   12 
  -53 
  -21 
  -34 
   -2 
   -4 
   52 
   -4 
   25 
  -19 
  -59 
  -36 
    4 
  -52 
   25 
   47 
  -16 
   -6 
  -37 
   22 
  -30 
  -46 
  -30 
   24 
  -51 
   -9 
    8 
   44 
   -9 
    9 
  -30 
   46 
   36 
   46 
   36 
   -1 
  -28 
  -42 
  -28 
   14 
   26 
  -47 
   54 
   -3 
  -25 
  -21 
  -61 
  -35 
   12 
   16 
