1 0
200
   -1 
    0 
    9 
    1 
    3 1 
   12 
  172 -157 
    1 0 
  672 -456 
    3 1 
    1 
    0 
    0 

   -1 
    1 
   -1 

    0 
    0 
   -1 
    3 
   -2 
    1 
    6 
    0 
    2 
   -7 
   -2 
   -3 
   -6 
   -8 
    0 
    4 
   -2 
   -3 
   12 
   -4 
  -13 
  -13 
   -8 
  -14 
  -16 
  -12 
   -7 
    2 
   -5 
   10 
  -12 
   -8 
   18 
    2 
  -20 
   12 
   -7 
   22 
   -2 
    1 
   14 
    4 
    2 
  -21 
  -16 
   14 
   -2 
    5 
  -14 
   -5 
   20 
   -9 
   11 
   18 
    8 
    8 
   23 
   13 
  -14 
    4 
   29 
    2 
   11 
   10 
  -26 
   15 
   -2 
   26 
   -6 
   26 
   -8 
   28 
   -7 
  -29 
  -16 
   10 
  -36 
  -33 
  -12 
   -2 
   37 
   26 
  -22 
   -4 
   -2 
   -4 
    0 
    4 
   38 
  -23 
   -2 
  -12 
   23 
   36 
   16 
  -16 
   22 
   18 
  -43 
   20 
  -35 
  -17 
  -35 
  -40 
    7 
  -13 
   21 
  -23 
   30 
   -8 
   13 
    1 
   25 
   28 
  -34 
   -5 
   12 
   41 
   37 
   22 
   10 
    8 
   40 
   -2 
    6 
   44 
   30 
  -23 
  -39 
  -35 
   32 
   37 
  -33 
    5 
   16 
   32 
   26 
   -1 
   33 
  -38 
   12 
  -33 
   30 
    8 
   -4 
  -17 
   47 
   27 
  -36 
   12 
  -36 
  -21 
  -53 
   -2 
  -34 
   52 
   -4 
   25 
   -4 
  -59 
  -19 
    4 
  -36 
   25 
  -52 
  -16 
   47 
  -37 
   -6 
  -30 
   22 
  -30 
  -46 
  -51 
   24 
    8 
   -9 
   -9 
   44 
  -30 
    9 
   36 
   46 
   36 
   46 
  -28 
   -1 
  -28 
  -42 
   26 
   14 
   54 
  -47 
  -25 
   -3 
  -61 
  -21 
   12 
  -35 
   -1 
