2 10
200
   -1    -1 
    0     0 
    6     4 
    1     1 
    4 5     4 5 
   48    48 
   63 94  -144 173 
    1 0     1 0 
    0 596  -894 894 
    3 2     5 1 
    4     1 
    1     1 
    0     0 

   -1    -1 
   -1    -1 

   -2     0 
    1     1 
   -2     4 
   -2     4 
   -5    -5 
   -5    -5 
    1    -7 
    1    -7 
   -6     6 
    4     2 
    4     2 
    0    -4 
    0    -4 
    8     4 
    8     4 
    6     2 
    6     2 
    3    -5 
    3    -5 
    9    -7 
    9    -7 
    1     1 
    1     1 
   -8   -10 
   -8   -10 
   -8    14 
   -8    14 
  -11     5 
  -11     5 
  -22   -18 
   -2   -16 
   -2   -16 
   12   -14 
   12   -14 
   -4    16 
   -4    16 
   -6    -6 
   -6    -6 
   22    -6 
   22    -6 
   -2    -6 
   -2    -6 
   20   -22 
   20   -22 
    8     8 
    8     8 
   10   -12 
   10   -12 
  -17    11 
  -17    11 
  -10     8 
  -10     8 
    2     0 
    2     0 
    7    11 
    7    11 
   18   -30 
   18   -30 
   30    18 
   30    18 
   15    15 
   12   -20 
   12   -20 
   14    -8 
   14    -8 
  -29    -9 
  -29    -9 
  -23    -3 
  -23    -3 
  -14    26 
  -14    26 
  -16   -32 
  -16   -32 
   -1   -33 
   -1   -33 
   20    20 
   20    20 
  -25    15 
  -25    15 
  -20    12 
  -20    12 
   40    -6 
   40    -6 
   -2     2 
   -2     2 
  -35   -15 
  -35   -15 
   32    26 
   32    26 
  -14     4 
  -14     4 
    8   -24 
    8   -24 
   36    24 
   36    24 
  -28   -16 
  -28   -16 
  -45   -37 
  -30   -38 
  -30   -38 
   27    35 
   27    35 
  -21    11 
  -21    11 
   -5    23 
   -5    23 
  -11   -11 
  -11   -11 
   17     9 
   17     9 
  -40    -6 
  -40    -6 
  -26   -42 
  -26   -42 
  -32   -34 
  -32   -34 
  -31    -7 
  -31    -7 
   30    22 
   30    22 
   10    16 
   10    16 
   39   -33 
   39   -33 
  -46    -8 
  -46    -8 
   -8   -20 
   -8   -20 
   49   -31 
   49   -31 
  -44    20 
  -44    20 
   14    20 
   14    20 
  -41     7 
  -41     7 
   37    -7 
   37    -7 
    1     5 
    1     5 
  -30     6 
  -30     6 
  -35    41 
  -35    41 
    7    35 
    7    35 
    6     6 
    5   -39 
    5   -39 
   57    49 
   57    49 
  -48    32 
  -48    32 
   56     4 
   56     4 
    6    28 
    6    28 
  -38   -20 
  -38   -20 
  -40   -14 
  -40   -14 
   16    28 
   16    28 
  -49   -57 
  -49   -57 
   26    32 
   26    32 
  -12    56 
  -12    56 
  -10    46 
  -10    46 
  -22   -28 
  -22   -28 
   32   -20 
   32   -20 
   20   -14 
   20   -14 
   -4    44 
   -4    44 
  -48   -18 
  -48   -18 
   -7    33 
   -7    33 
   51    39 
   51    39 
  -30    22 
  -30    22 
   23   -25 
   23   -25 
  -31     1 
  -31     1 
   23   -49 
   23   -49 
   30    -8 
   30    -8 
  -50     6 
  -50     6 
   25    17 
   25    17 
  -58   -62 
