1 0
200
   -1 
    0 
    6 
    1 
    5 0 
   24 
  -52 -95 
    0 1 
 -589 209 
    4 0 
    6 
    0 
    0 

   -1 
   -1 
    1 

   -2 
    0 
    1 
    3 
    4 
    1 
    1 
    0 
   -7 
   -4 
   -2 
   -8 
    4 
   -5 
   -1 
    1 
   -3 
    8 
   10 
    9 
   -5 
  -10 
    4 
    6 
   -6 
    4 
    4 
   10 
  -10 
    5 
  -14 
   -8 
   11 
    7 
   10 
  -16 
  -18 
   -2 
   -8 
    8 
  -22 
  -22 
  -18 
  -14 
  -11 
   -7 
    2 
    0 
    2 
    8 
   -1 
  -15 
   14 
   12 
   -8 
   -8 
    1 
    5 
    1 
   29 
   -1 
    2 
  -32 
   22 
  -14 
  -12 
  -28 
  -24 
  -20 
   21 
    7 
  -20 
   36 
   -8 
   -2 
   16 
  -22 
  -13 
  -15 
    6 
   24 
  -12 
  -24 
  -30 
  -22 
   26 
   -8 
    9 
   31 
  -39 
  -17 
  -18 
   12 
    5 
   19 
    0 
   20 
    6 
  -17 
   21 
    8 
   40 
   28 
   12 
   -3 
   15 
   -4 
   12 
   12 
   34 
  -37 
  -11 
  -12 
   -4 
   19 
  -27 
   15 
   37 
   48 
   42 
   26 
   12 
  -29 
  -11 
  -10 
  -42 
  -41 
   23 
   -2 
  -14 
   51 
   13 
   46 
  -26 
    9 
  -43 
  -41 
   37 
  -12 
   -2 
  -20 
   40 
  -41 
  -45 
  -28 
  -28 
  -10 
   34 
   38 
  -19 
  -43 
  -42 
   -8 
   57 
  -55 
   36 
  -60 
   16 
   16 
   27 
  -25 
   40 
   20 
   38 
  -38 
  -35 
  -35 
  -40 
  -50 
  -46 
   18 
  -30 
  -58 
  -20 
   10 
   24 
   52 
    2 
  -34 
   17 
  -47 
   35 
   37 
   64 
  -40 
    8 
   46 
  -32 
  -20 
  -38 
  -10 
   54 
   32 
   16 
   32 
   51 
   45 
   22 
  -34 
   26 
