1 0
200
   -1 
    0 
    5 
    1 
    3 1 
36936 
 -102 -62 
    1 0 
 -245 -350 
    3 1 
 3078 

    1 
   -1 
    1 
   -1 

   -1 
    0 
   -1 
    1 
   -1 
   -7 
   -2 
    4 
   -1 
    8 
   -6 
   10 
    4 
   12 
    2 
    8 
   -6 
  -16 
    2 
    1 
   -6 
   -3 
    9 
   11 
   -1 
    5 
  -17 
    7 
   -9 
  -19 
   -8 
   18 
  -10 
    0 
   -3 
   23 
  -10 
   14 
  -14 
   -4 
    2 
   20 
  -22 
   -2 
  -14 
   16 
  -25 
   -1 
   13 
  -23 
    4 
  -22 
   14 
   -2 
   30 
   -4 
  -30 
   28 
   19 
   11 
  -31 
   11 
   -7 
  -13 
    1 
   -4 
   20 
  -16 
  -18 
    2 
   30 
    7 
   27 
    4 
    0 
   20 
   -4 
   23 
    7 
   12 
  -10 
  -19 
   -1 
  -22 
  -14 
  -24 
  -22 
  -10 
    6 
    2 
  -16 
   14 
  -18 
   17 
   13 
  -24 
  -36 
   -2 
  -29 
  -27 
   10 
  -38 
   44 
  -28 
   13 
    7 
   20 
  -12 
   19 
   23 
  -14 
   10 
   38 
  -32 
    3 
  -19 
  -19 
   31 
  -44 
    4 
    6 
   20 
    8 
   20 
   45 
   -1 
  -44 
  -48 
   13 
  -31 
  -25 
  -25 
  -49 
  -31 
  -30 
   52 
  -10 
  -32 
  -21 
   -5 
  -50 
   -8 
  -26 
  -16 
  -24 
  -16 
   49 
   -2 
  -50 
  -34 
  -38 
   10 
  -52 
  -26 
  -34 
   -8 
  -14 
   27 
   13 
   49 
  -11 
    6 
   18 
  -40 
   -4 
   11 
  -13 
   55 
    5 
  -40 
    4 
  -36 
  -16 
  -16 
   26 
    9 
  -53 
   12 
   40 
  -10 
   52 
  -34 
  -42 
   56 
  -56 
  -56 
   48 
   17 
  -37 
   49 
  -49 
   -2 
   14 
    5 
   61 
   49 
   67 
  -40 
  -64 
  -42 
