7 2
25
   -1    -1    -1     1    -1    -1    -1 
    0     0     0   -60     0     0     0 
    9     8     5     5     5     5     2 
    1     1     1     1     1     1     1 
    3 4     3 4     3 4     1 0     3 4     3 4     3 4 
  300    36    12   -60    36    12    60 
 -146 45  -146 45  -146 45   -37 165  -146 45  -146 45  -146 45 
    0 1     0 1     0 1     0 -1     0 1     0 1     0 1 
 -405 585  -405 585  -405 585  -255 -75  -405 585  -405 585  -405 585 
    4 0     4 0     4 0     2 0     4 0     4 0     4 0 
    1    -1     5   -20    -1    -1     5 

   -1    -1    -1     1    -1    -1    -1 
   -1    -1     1    -1    -1    -1     1 
   -1     1     1     1     1     1     1 
   -1     1    -1     1     1     1    -1 

    0     0     0     0     0     0     0 
   -4    -3     0     0     0     0     3 
    1     1    -1     1     1     1    -1 
   -1     0    -1    -3    -3     3    -4 
    5    -7     5    -1    -1     5    -1 
   -4    -1    -2     2     2    -4     1 
    2     3    -4     0     0    -6     5 
    1    -1    -1    -1    -1    -1    -1 
    1    -1     1    -1    -1    -1     1 
   -4     2     6     2     8   -10    -6 
    5     0     1     9    -3    -3    -8 
   -7     0    -7     3     3     9     8 
    2    -7     6     2    -4    -4    -3 
    8     4    -2    -2    10     4     4 
  -10    -6   -10    -6     6    -6   -10 
  -10     1     6    10     4    -8     9 
    8    14    -4     8   -10    14   -10 
   -4    -2     8    -8    10    10   -10 
   -4    10     8    -8     4     4     2 
    2    14     8    -4   -10    -4     2 
    2     3    10    -6    -6    -6   -11 
    8     4     8    16    -8    -8     8 
    8    10    -2    -2    -8   -14    10 
  -10   -12     2    -6   -18     6   -16 
   -1    -2     7     1    -5    -5    -2 
