2 0
25
   -1    -1 
    0     0 
    8     6 
    1     1 
    3 1     3 1 
   24    72 
  188 -57   188 -57 
    1 0     1 0 
  620 -40   620 -40 
    3 1     3 1 
   -2    -6 

    1    -1 
   -1     1 
    1     1 
   -1     1 
    1    -1 

   -1     1 
    1    -1 
   -1    -1 
    0     2 
   -2     2 
   -2    -6 
    4     4 
   -4     4 
    1    -1 
    0   -10 
    0    -2 
    6     8 
    6    -2 
   -1     1 
    4    -4 
  -10     0 
   -2   -14 
   -4     4 
   -4   -12 
    2    -6 
   -6   -14 
    0    -2 
    0   -14 
    2     6 
    2    14 
