4 2
25
    1     1     1     1 
   72    24    48    72 
    6     4     4     3 
    1     1     1     1 
    1 0     1 0     1 0     1 0 
   72    24    48    72 
  -28 186   -28 186   -28 186   -28 186 
    0 -1     0 -1     0 -1     0 -1 
 -129 -215  -129 -215  -129 -215  -129 -215 
    1 1     1 1     1 1     1 1 
   36    12    24    36 

   -1    -1    -1    -1 
    1    -1     1     1 
    1    -1     1     1 

   -2     0     0     1 
    0     3     4     3 
    0     0     0     0 
   -4     3    -2    -1 
    3     5    -5     3 
   -3    -5     5    -6 
    6     1     2     0 
    2    -1    -2     8 
    6    -9     2     9 
    7     4    -5    10 
    1    -4     5     1 
    4     6     4    -2 
   12     6     4    -9 
   -1     1    -1    -1 
   -1     1    -1    -1 
   10    10    -8   -11 
   10   -10     8    -5 
   -5    12    -1    13 
  -13    12    -1    -1 
    2    -2     4    14 
  -14     2    -4    13 
    8    10     8    11 
    0    10     8     0 
   -7    11    13     2 
    7   -11   -13     7 
