2 0
200
   -1    -1 
    0     0 
    6     6 
    1     1 
    5 0     4 5 
  108    24 
  131 -146   131 -146 
    1 0     1 0 
  684 -468   684 -468 
    3 2     3 2 
    7    -1 

    1     1 
    1     1 
    1     1 

    0     0 
   -1    -1 
    2     2 
    1     1 
   -3     0 
    1     4 
    4    -8 
   -5     4 
    2     2 
    6     0 
   -2    -8 
    8     2 
  -11    -8 
   -6    -9 
   -8     1 
   -8     1 
   12     3 
    4     4 
   -5    -2 
   -3     6 
  -11   -11 
   -8     1 
    0     0 
    7   -14 
   13   -17 
  -20    -8 
    1     1 
   11   -10 
    4    -5 
  -20    10 
   12     0 
   -3     0 
   -2    -8 
   10     1 
  -22   -16 
  -16    -4 
    2    14 
   -1     8 
  -24    12 
   12    -6 
  -16   -10 
   20    14 
  -10   -16 
    6    -3 
   26     8 
  -25    -1 
  -24   -15 
    8    -4 
  -14   -26 
   20     8 
  -11    16 
   16   -17 
  -10   -19 
   -2    16 
  -24   -27 
    8   -28 
   22    28 
   12    15 
  -20     1 
   -1    -1 
   16     4 
   22   -17 
   -1   -10 
   26   -16 
  -26    19 
   20    -1 
   30     3 
   -5     7 
   14     2 
  -11    -2 
  -26   -26 
   16    37 
  -13   -16 
  -33    18 
   -7   -10 
  -31    26 
    6    21 
  -22    29 
   -1    26 
   20    20 
  -21   -27 
   -6    15 
   14   -22 
   36   -12 
   28   -20 
   34    -2 
   22    10 
  -24    18 
   -4   -10 
  -31    41 
  -29     1 
  -10    20 
   -5    43 
  -21     6 
   18    15 
  -31     8 
   32   -31 
   14   -16 
   25    34 
   -2   -23 
   -6     9 
   45    30 
   32   -40 
   24    15 
    4    16 
   18     6 
    5   -10 
   -2   -32 
    4    28 
   13    13 
   -9     0 
  -22    35 
  -35   -32 
   -8    28 
    1    13 
    7    16 
  -20   -14 
  -10    20 
  -14    25 
   34   -41 
    6     0 
    2    14 
  -32   -35 
  -16    32 
   22    10 
   11   -34 
   -8    -2 
   32    35 
   18    21 
   -6     0 
   40   -23 
   12    27 
   -5   -32 
  -14    -2 
  -34    50 
  -26   -23 
   -2    -5 
   11    29 
  -55    20 
   -8    28 
   15   -18 
   -7     2 
  -39    -9 
  -14   -14 
  -10   -25 
  -20   -26 
   15    45 
  -26    -2 
   46     4 
  -32    49 
  -15     6 
   40    13 
    8   -13 
  -52   -16 
  -32    43 
   16   -23 
   40   -35 
  -25    23 
   16   -26 
   50   -46 
    7     7 
  -26    -2 
  -18    -6 
  -60    42 
  -18   -30 
   53    50 
  -58   -25 
  -46    38 
   27    57 
   20    14 
  -29   -56 
   26   -19 
  -34    62 
  -40     5 
   32    35 
  -44   -20 
  -44     1 
  -26   -14 
   52   -20 
  -48    21 
  -23   -20 
   44   -34 
  -32   -47 
   38   -16 
  -25    44 
   18    15 
  -33    18 
   32    20 
  -26   -59 
  -12    24 
  -10    20 
  -16   -22 
  -34    23 
    8    -7 
    8   -67 
   31   -14 
   40   -50 
   44   -37 
  -64    -1 
   25   -35 
