2 0
25
   -1    -1 
    0     0 
    7     7 
    1     1 
    5 0     4 5 
  108    24 
  131 15  -157 106 
    1 0     1 0 
  216 468  -684 216 
    2 3     3 2 
    7     2 

    1     1 
    1     1 
    1     1 

    0     0 
   -1    -1 
    1     1 
    2     2 
    1     4 
   -3     0 
   -5     4 
    4    -8 
    2     2 
   -2    -8 
    6     0 
  -11    -8 
    8     2 
   -8     1 
   -6    -9 
   12     3 
   -8     1 
   -5    -2 
    4     4 
  -11   -11 
   -3     6 
    0     0 
   -8     1 
   13   -17 
    7   -14 
