6 0
25
   -1    -1    -1     1     1     1 
    0     0     0  -432   -84  -108 
   20    18    16    12    14    18 
    1     1     1     1     1     1 
    3 4     5 0     3 4     1 0     1 0     1 0 
   24    72    48  -432   -84  -108 
  -97 -62   -97 -62   -97 -62    52 -97    52 -97    52 -97 
    1 0     1 0     1 0     1 0     1 0     1 0 
 -168 -504  -168 -504  -168 -504   252 -336   252 -336   252 -336 
    3 2     3 2     3 2     3 1     3 1     3 1 
    2     1     4   -26    -4    -8 

    1    -1    -1     1     1     1 
    1     1     1     1     1     1 
    1     1     1     1    -1    -1 
    1    -1    -1    -1     1    -1 
    1     1     1     1     1    -1 

    0     0     0     0     0     0 
    0     0     0     0     0     0 
   -1    -1    -1    -1     1     1 
   -1     1     1     1    -1     1 
   -6    -4    -2     2     0    -4 
   -1    -1    -1    -1    -1     1 
    0     4     0    -8    -2     2 
   -2     0     4     6     8    -4 
    2     8    -2     2     6     2 
   -2    -8    -8    -2     0     8 
   -4     2    -8    -4     4    -4 
    8    -8    10    -8     6     2 
    2    -2    -2    10     4     8 
   12    -4     4    -4    -8     8 
   10    -4    -4     2     8    -4 
    8    10    -6    -8     8     8 
   -6    -8    -2    10     2   -10 
   12    -4    16    -4    -4    -4 
    4     2     4    -4     2   -10 
   -4    -6     6    12    10     2 
    6    -6   -10     6     2    14 
  -16    14     8     8   -10     2 
   -4    12   -16   -12    14   -10 
   -2     8     2   -10   -12     8 
  -18    10    14    -2    18    14 
