3 2
25
    1    -1    -1 
  216     0     0 
    6     4     4 
    1     1     1 
    1 0     3 1     3 1 
  216    36    48 
 -200 121   192 -69   192 -69 
    0 -1     1 0     1 0 
  280 -322   644 -84   644 -84 
    1 1     3 1     3 1 
  108    -3    -4 

   -1     1    -1 
   -1     1    -1 
   -1    -1    -1 
    1    -1    -1 

   -2     0     0 
    1    -1     1 
    1    -1     1 
    0     0     0 
    4     5     2 
    4    -2    -4 
    6     1     4 
   -6     2     2 
    6    -7    -2 
    4    -7    -6 
   -4     1     2 
    2     7    10 
   10    -2    -6 
    0    10    -8 
   -8     1    -4 
   -4     8   -10 
  -12    -8     0 
   12   -13   -12 
   -1     1     1 
    6    -1    14 
    2    -2   -10 
   -8    -4    -8 
   16    -1    -4 
  -18     8     4 
  -10     4    14 
