3 6
200
   -1    -1     1 
    0     0  -120 
    4     4     2 
    1     1     1 
    3 4     4 3     1 0 
  108    96  -120 
  127 22   127 22    -4 177 
    1 0     1 0     0 -1 
  336 364   336 364  -168 -182 
    3 2     3 2     1 1 
    1    -1   -60 

    1    -1    -1 
   -1    -1    -1 
    1    -1    -1 
   -1    -1     1 

    0     0     2 
   -1     1     1 
    0     0     0 
   -1     1     1 
    1    -2    -4 
    5     4    -4 
   -4    -4    -6 
    1    -2     6 
   -7    -2     6 
   -5     6    -4 
    8    -2     4 
   -2    10     2 
   10    -6    10 
    4    -8     0 
   -5    -4    -8 
    4    10     4 
    8     0    12 
   -7   -12    12 
    1     1    -1 
  -14   -14    -6 
   -7    10    -2 
  -16    -8    -8 
  -10    -4    16 
   -2    -4    18 
    5   -14    10 
    5    10   -12 
    4     8     8 
   -2   -14    18 
    7    -6    10 
    4    -2    10 
    8   -16    -8 
    2    -4    -8 
  -20    12   -14 
   -7    -4   -14 
   16    12     8 
   10     0    16 
   -7    -6    -4 
  -20   -18     0 
  -16    -8    24 
   20     4     8 
   16    20     0 
   -7    -8    20 
    4   -26   -26 
   16    18     6 
  -25   -12     4 
  -14     6     8 
  -20    28    28 
   28   -16    -4 
    8    -2    -4 
   19     8     0 
  -22    -6    16 
   10   -20     0 
   20     0   -10 
    1   -28    26 
   32    24    20 
   -2    16   -20 
   -7   -22   -18 
  -19    22     6 
  -20    28     2 
   -4    14   -18 
  -10    30    10 
   20   -26    22 
   22   -24    34 
  -19    -4    26 
   13    14    10 
   13   -20     8 
    4    -4   -32 
    4     6    -2 
   13    -2   -18 
  -17    24    -4 
  -10     8   -16 
  -34    34   -20 
  -14   -10   -28 
    2    10    14 
   -7   -26    22 
    4    -4   -32 
  -26   -36   -24 
  -29    20   -20 
  -22   -20    32 
  -29     0   -22 
   23   -38   -22 
   -1   -30   -26 
   17    38   -34 
  -22     6    30 
  -26   -40   -34 
   16    14    -4 
    5     0     0 
   -8    -6   -18 
   28    18   -18 
   32    32   -16 
  -40   -32     8 
   19   -20    24 
  -26   -32   -40 
  -14    -4   -36 
    4    12    -4 
  -16   -22    34 
    1    16    -2 
   10     2     2 
  -25    34    14 
  -10    -2   -18 
    8   -36   -16 
  -40    20    24 
    2   -20    40 
  -10   -12    24 
  -38     4     2 
   20    18     2 
   -8    20    42 
  -22   -28   -10 
   32   -38    12 
   37    20    16 
  -22   -38   -22 
  -16    -6   -14 
   23     0   -34 
   10     6   -22 
    2     0   -24 
   32   -32    40 
   31   -22   -30 
   14   -28   -34 
   10   -32    32 
  -10    14     8 
   -8    34   -46 
    1    -2   -22 
  -17   -40   -34 
  -34    38    10 
  -44    26   -38 
   52    30    -6 
  -28   -26    28 
   31    50    12 
  -10    -2    -4 
  -50   -20    20 
   44   -32   -16 
  -16   -28     8 
  -38    28     0 
  -50    32     0 
    7    18     2 
  -26   -26    34 
   40    -4   -26 
  -40   -14   -26 
   -2    14   -38 
  -22    34     2 
    2   -42    42 
   16    -2   -38 
   -4   -12    48 
  -10   -24     0 
  -35   -22   -48 
  -34   -18    20 
  -41   -10   -22 
   35    50     4 
  -26   -18    -8 
   22    32   -50 
  -13    26    26 
  -34    10    -6 
  -13   -14    26 
  -20    20    20 
   34   -56    20 
   19    16    12 
  -23   -44    44 
    7   -36    32 
   16    28    16 
  -38     2   -34 
   11    52    22 
  -28     8   -16 
  -16    36    56 
  -20     0   -32 
  -32   -16   -24 
  -41    20    56 
    8   -28    28 
  -16   -14   -26 
  -22     2    22 
  -32    62   -48 
  -31    42   -52 
  -46     6    26 
   20    54    34 
  -14   -14    40 
  -10   -50    32 
   26   -52    12 
   -7   -60    -4 
   22   -16    44 
   -4    20   -20 
  -35     0   -64 
    8    20    44 
   17     8    24 
  -40   -32    64 
  -25    14   -14 
  -13   -22   -30 
   61   -42   -10 
   52    -2     6 
  -37    28     6 
    7    28    22 
   -4   -38    42 
  -31     6    34 
  -31   -34    -2 
  -14    26    18 
    7    52   -28 
   22    36   -28 
  -23   -58   -50 
  -47   -50   -50 
   44   -22    58 
   -1    62   -38 
    5   -44   -20 
