3 0
200
    1    -1     1 
   36     0    12 
    6     6     2 
    1     1     1 
    1 0     8 3     1 0 
   36    48    12 
  173 -60   -18 -89   173 -60 
    0 -1     0 1     0 -1 
 -225 345  -465 -105  -225 345 
    2 0     4 2     2 0 
   12    -1     4 

   -1     1    -1 
    1     1    -1 
    1     1    -1 

    0     0     0 
   -1    -1     3 
    0     3    -4 
    0     3     2 
   -4    -1     2 
    6     0     2 
    0     0     4 
    2     2    -2 
   -1    -1     1 
   -2    -8    -2 
    8    -1    -4 
    8   -10    -6 
    2    -1    10 
   12     3    -2 
    4   -11     4 
   10     1   -10 
    6     6    10 
    4    -2     8 
  -12     0     2 
    4   -14    -6 
   -2    -2     2 
    6     3    14 
   -8   -11     0 
  -10     8    -6 
   -8     1    14 
   16    10    -8 
  -12   -15     0 
    6   -15    10 
  -10     2     2 
    2     2     2 
    8     2    -2 
   12    18     4 
  -14   -11   -14 
    2    -4    22 
   10   -17   -14 
  -24     0    24 
   16   -14   -10 
  -10   -19    10 
  -16    -1    -4 
    0    18    20 
  -10    20    26 
   -2    -2   -14 
   12     6    22 
    4    -2     2 
  -10    -1    10 
  -16     8    16 
    4    10    20 
  -22    14   -14 
    8   -28    -4 
  -16   -19    26 
  -14   -26   -14 
   10   -17    26 
   22    -8   -14 
   10    13    10 
   22    22    10 
  -26     7     2 
    6    12     2 
    4    10    26 
    0     0    16 
  -12     0    -2 
  -14     4   -26 
   12    18   -26 
   28   -17   -18 
   26    14   -30 
    6     9    -6 
   26    11    -6 
   24     9    32 
  -22    32    10 
    2   -10    10 
  -18   -30   -30 
   10   -11   -30 
   -8    16   -30 
   16    10    28 
   36    24    -6 
    4   -14   -10 
   36    -9   -16 
    0   -30   -32 
   10     7   -14 
  -22    -7   -22 
  -10     5    10 
   -1    -1     1 
    2    -7    10 
   26    17    10 
   28    28    38 
   36   -36     2 
   20    23    16 
   24     0   -16 
    0   -39    26 
   16   -26    10 
   24    27    14 
   32    -4    22 
   32   -31    -2 
    8     8   -44 
    6   -30    -6 
   22    -5   -30 
  -28    14    -8 
   -4   -28   -10 
  -10   -10    34 
  -22    32     2 
  -10    11    34 
    4    28   -38 
   12   -12   -10 
  -10    44    -6 
   30    12     2 
   34    31    18 
   16   -14    14 
   22    28    -6 
   14    14    26 
   -8   -29    12 
    0    12    18 
  -26    25    -6 
   18    -6    26 
   14    -4    10 
  -16     2    -4 
   12   -18    32 
   14    32     6 
  -28   -43   -38 
   -4    -4     8 
  -26   -26   -30 
   18    27   -18 
  -44    34     2 
   14    29    -6 
   20    -4   -32 
   34     4     2 
   50    17   -14 
  -38    13    26 
  -32    40   -34 
  -16   -22     6 
    8    29    22 
   20   -19    14 
    4   -29   -20 
   10    28    30 
   20     2   -40 
  -26    16     2 
   -6   -18    10 
  -36    18   -10 
   14    -1   -14 
   34   -29   -34 
   -8    25   -32 
  -28     8    42 
  -42   -30   -18 
   28    -2    32 
    0   -18    40 
  -52    20   -20 
  -10     5     2 
  -34   -10   -10 
   22    -5   -14 
   46    22   -14 
  -16    50    42 
  -40    -4    -4 
  -28     2    24 
   10    43     2 
  -28   -58    -2 
  -44    10    34 
   -4    -4     4 
  -52    44   -50 
   28   -47   -26 
   -6    30     2 
   26   -31    22 
   38    11    34 
  -12   -30    42 
    0   -42    22 
   16    34   -28 
  -32    31     4 
  -42     0     2 
   -4    32   -10 
   16   -26    46 
   14    50   -18 
   50    50    46 
  -22   -22   -14 
   18    12   -22 
   -8   -50    26 
   -6    12   -62 
   14    26    10 
   -4   -28   -20 
   18   -42   -58 
   40    -8   -44 
    8   -22     6 
   24    24   -14 
  -26   -17   -46 
   10    28   -30 
   32   -34    50 
  -20   -50   -52 
   -4    11   -38 
   22   -32    42 
  -42     6   -54 
   16    55    22 
    4   -14   -32 
   20   -34   -54 
   14     5     2 
  -34    11   -46 
    8    41   -14 
  -34    56    34 
   62    62   -10 
    4    16    28 
   10    19    50 
   22    -8   -54 
  -40    23   -10 
   10    46   -14 
    8   -64    44 
