1 0
200
   -1 
    0 
    5 
    1 
    3 1 
   12 
  128 33 
    1 0 
  350 260 
    3 1 
    1 
    0 
    0 

    1 
    1 
    1 

   -1 
   -1 
    1 
    4 
   -1 
    1 
   -2 
   -2 
   -1 
   -9 
    1 
   -4 
    4 
   -8 
   10 
    8 
   -6 
   -9 
   10 
   -7 
    9 
   13 
  -14 
   -2 
  -14 
   16 
   -6 
   20 
  -11 
    2 
   -7 
   -8 
   14 
  -16 
    1 
    8 
    2 
  -17 
   -2 
   19 
   -1 
   16 
   26 
  -18 
  -22 
   -1 
  -10 
  -28 
   24 
   -2 
  -11 
  -22 
   -2 
    5 
  -12 
   -4 
   21 
   -6 
   -2 
    1 
   19 
    2 
  -22 
   14 
   30 
  -12 
  -10 
   20 
  -28 
  -31 
  -18 
  -32 
   24 
    3 
  -20 
    4 
  -25 
  -11 
  -30 
  -17 
   20 
   -8 
   26 
   21 
  -18 
   -8 
  -18 
  -21 
  -28 
   16 
   41 
  -16 
    0 
  -23 
   -8 
    8 
   44 
   -8 
  -38 
   40 
   17 
   -8 
   20 
  -12 
  -25 
  -12 
  -45 
   44 
   23 
    0 
   32 
   24 
  -25 
   15 
  -38 
   34 
   -4 
    6 
   13 
    8 
   43 
  -26 
  -28 
   10 
   45 
  -14 
    8 
   -8 
  -26 
  -14 
  -14 
  -49 
   28 
  -50 
   41 
  -16 
   14 
  -23 
  -42 
   18 
   37 
   28 
   21 
  -36 
  -34 
  -26 
   -7 
  -41 
   -8 
   -2 
  -16 
  -44 
   58 
   48 
    2 
  -26 
    9 
  -25 
  -48 
  -36 
   -1 
    2 
   57 
   14 
   36 
   50 
   17 
  -23 
   19 
  -58 
  -22 
   41 
   26 
  -21 
  -56 
   20 
  -10 
  -27 
   16 
  -30 
   -1 
  -40 
   19 
  -34 
  -40 
   37 
   44 
   -5 
   20 
   26 
   17 
  -18 
   54 
  -39 
  -59 
   22 
   35 
  -54 
   -1 
  -35 
