5 9
200
    1     1    -1    -1     1 
  144     0     0     0  -192 
    6     6     4     2     2 
    1     1     1     1     1 
    1 0     5 4     1 3     1 3     1 0 
  144    24    24    24  -192 
   70 133   -41 138  -156 17  -156 17    70 133 
    0 -1     1 0     1 0     1 0     0 -1 
 -272 -64  -400 608  -208 -400  -208 -400  -272 -64 
    1 1     3 2     1 3     1 3     1 1 
   72     1    -2     2   -96 
    0     0     0     0     0 
    0     0     0     0     0 

   -1    -1     1     1    -1 
    1     1     1     1     1 

   -2    -2     0     2     2 
    0     0     0     0     0 
   -3    -1     3     1     3 
   -3    -1     3     1     3 
    2    -6    -2    -6     2 
    1    -3    -1    -3     1 
    5    -5     1     5    -5 
    2     2    -4    -2    -2 
    8    -4    -2    -4     8 
    9    -5     3     5    -9 
    0     0     0     0     0 
    7    -5   -11    -5     7 
    3     7    -3     7     3 
    0     0     0     0     0 
    7     1    -1    -1    -7 
   11    -1     5    -1    11 
    4     0    10     0     4 
   -8   -12   -14    12     8 
   -4     4    -8    -4     4 
    6     2   -12     2     6 
   14    -6     4    -6    14 
    8     0     4     0    -8 
  -12    -4     0     4    12 
    2    -6   -14    -6     2 
   -7   -15     1   -15    -7 
   10     6    10    -6   -10 
   14   -10     4    10   -14 
  -11    -7    11    -7   -11 
    9   -11    -9   -11     9 
   20   -16     2   -16    20 
  -13    -7   -11     7    13 
  -16    16     8   -16    16 
   10    -2   -22     2   -10 
  -19    -5     5     5    19 
   11    -7    13     7   -11 
   18     2    12    -2   -18 
   -6   -18   -24   -18    -6 
   -5    -9   -23    -9    -5 
    2   -10    -2    10    -2 
   -6    22     6   -22     6 
    7    11     5    11     7 
   18    10     6    10    18 
   11   -21   -13   -21    11 
   18    -2     0    -2    18 
    7    -3     5     3    -7 
   -6    10   -24   -10     6 
   20   -20    -8    20   -20 
    0   -16    24    16     0 
    8    -4   -14     4    -8 
    3     1     9    -1    -3 
  -14   -14    14   -14   -14 
    2   -14    -2   -14     2 
  -30    10   -30    10   -30 
    5     5    25     5     5 
   -9    13    21   -13     9 
  -32   -12   -10    12    32 
   13   -23    23   -23    13 
   26     2   -14     2    26 
   13     3    13    -3   -13 
  -25     1   -29    -1    25 
   15    15    15    15    15 
    2   -18    -2    18    -2 
  -22    26     8   -26    22 
   22   -14     4   -14    22 
  -22    -6   -34    -6   -22 
  -10   -22   -26    22    10 
   24    -8    12     8   -24 
   23   -25    31   -25    23 
  -25    23   -29    23   -25 
   12    -8   -18    -8    12 
   -2    -2   -14    -2    -2 
   16     0    32     0   -16 
    4   -28     4    28    -4 
  -10   -22    20   -22   -10 
   -1    -1    -1    -1    -1 
  -33     1    -9    -1    33 
   -4    16    10   -16     4 
   -8   -20   -14   -20    -8 
  -30    18    -6    18   -30 
  -14    -6    14    -6   -14 
  -30    26   -30    26   -30 
  -10    10    28    10   -10 
    4     8   -22     8     4 
   36    16    30    16    36 
   19    -5    31    -5    19 
   23   -19    -7    19   -23 
  -21     9    21    -9    21 
  -17    -9   -37    -9   -17 
  -15   -15    -3   -15   -15 
    4    -4     4     4    -4 
   24    20   -30   -20   -24 
  -18   -10   -12    10    18 
   26    34    40   -34   -26 
   28     4    -8    -4   -28 
  -13   -11   -29    11    13 
  -29    29   -29   -29    29 
    0    -4   -30     4     0 
  -44    24    10    24   -44 
  -14     2   -22     2   -14 
    6    38    30    38     6 
    4    12    28   -12    -4 
   -2    38    32   -38     2 
   26   -18   -22    18   -26 
  -38   -38   -40    38    38 
   32    28     2    28    32 
   14    14    26    14    14 
  -38    22   -20    22   -38 
  -23    25    13    25   -23 
   13   -41   -13    41   -13 
   12   -44     0    44   -12 
    4    -8   -14    -8     4 
  -19    41    11    41   -19 
    4    40   -38   -40    -4 
    1    31   -19   -31    -1 
  -12    40    42   -40    12 
   38     6     8    -6   -38 
  -14   -10    10    10    14 
   26     2   -32    -2   -26 
   10   -46    -2   -46    10 
  -27   -47   -33   -47   -27 
   46   -18   -26   -18    46 
    2   -38    26   -38     2 
  -14    22   -34   -22    14 
   22    46    -8   -46   -22 
  -14     6   -40     6   -14 
   46    50     8    50    46 
   38   -14    26    14   -38 
   -8    32     8   -32     8 
   -5    31    17    31    -5 
  -26    46    26    46   -26 
  -38   -34   -50    34    38 
  -34    26    22   -26    34 
   20   -12    28    12   -20 
   52    20    -8   -20   -52 
   10     2    14     2    10 
  -43   -39    43   -39   -43 
  -10    -2    26    -2   -10 
    5   -35   -55   -35     5 
   41    -1    25     1   -41 
  -44   -28    28    28    44 
   38   -22   -22    22   -38 
  -35   -13    17    13    35 
  -31   -29   -13    29    31 
   10    -6   -16     6   -10 
   -7     5   -41     5    -7 
  -25    11    25    11   -25 
  -23   -47     5   -47   -23 
   12    40    30    40    12 
  -44   -16    34   -16   -44 
   49    39   -11   -39   -49 
   52    36    20   -36   -52 
  -38    -2   -32    -2   -38 
   39    59    45    59    39 
   20   -44    40    44   -20 
   50    34     8   -34   -50 
   24    -8    12     8   -24 
  -44    20    28   -20    44 
  -16   -20   -22    20    16 
  -48   -16     0    16    48 
   22    38   -26    38    22 
  -51   -19    -3   -19   -51 
   -6    22     6   -22     6 
   12    28     0   -28   -12 
   37   -25   -53    25   -37 
   16   -28    38    28   -16 
  -21    15    -3    15   -21 
  -38   -38   -26   -38   -38 
   -6    14    36    14    -6 
   31    -9    23    -9    31 
   -2   -34    22   -34    -2 
   22    58    28    58    22 
   62    10    16    10    62 
  -44   -32   -22   -32   -44 
  -32   -12    10    12    32 
   27    17     9   -17   -27 
   13    59   -47   -59   -13 
  -21   -51    15    51    21 
   58   -50   -22    50   -58 
    4   -44    40    44    -4 
   22    22   -26    22    22 
  -46    34   -58    34   -46 
  -58    18   -26   -18    58 
  -15   -37    27    37    15 
   22    22    26    22    22 
  -54   -42    48   -42   -54 
    7   -13     5   -13     7 
   22    18   -40    18    22 
  -22    66     8   -66    22 
  -24    28   -18   -28    24 
   10   -50    20   -50    10 
   46   -18   -22   -18    46 
   23   -25   -17   -25    23 
  -14   -42   -16   -42   -14 
   56    60   -10   -60   -56 
  -20    56    38   -56    20 
  -37    59   -49    59   -37 
  -20   -44    28   -44   -20 
   14    46    -2    46    14 
  -56   -24    32   -24   -56 
  -44   -44    68    44    44 
