1 5
200
   -1 
    0 
    4 
    1 
    5 0 
  144 
  -29 -117 
    0 1 
 -585 117 
    4 0 
   -4 

   -1 
    1 
   -1 
    1 

    0 
    1 
   -1 
   -3 
    1 
   -1 
    5 
    4 
    6 
   -8 
   -3 
   -3 
  -12 
   11 
   -6 
   -5 
    8 
   12 
   12 
   -6 
    7 
   10 
   -1 
  -10 
    2 
  -14 
  -10 
  -13 
    2 
  -17 
    2 
   -7 
   10 
  -14 
   18 
   -8 
   13 
  -14 
  -17 
  -20 
   14 
    2 
  -13 
   22 
  -16 
  -18 
   21 
  -10 
   16 
   -8 
   21 
   27 
  -17 
   21 
  -22 
  -13 
    2 
   -2 
   14 
   16 
   16 
    0 
  -20 
    2 
  -11 
  -31 
   23 
  -34 
  -22 
  -14 
  -14 
    3 
  -23 
  -32 
  -24 
   32 
   -6 
  -22 
   31 
   -6 
    8 
   -9 
   26 
    0 
   -5 
  -19 
   19 
   -2 
  -10 
   24 
  -20 
   18 
  -18 
   20 
   11 
  -26 
    4 
  -20 
   -4 
   10 
    2 
  -12 
  -37 
   12 
   -9 
  -23 
   -2 
   -8 
  -11 
    0 
  -20 
  -39 
  -32 
  -31 
   36 
  -40 
  -35 
   34 
    0 
    0 
  -28 
    2 
   45 
  -38 
   43 
   44 
   20 
   31 
  -49 
   31 
  -14 
    0 
  -40 
  -45 
  -22 
  -26 
   10 
   -4 
  -12 
  -28 
    4 
  -38 
  -48 
   -7 
  -46 
  -27 
   30 
   11 
   13 
  -48 
   42 
  -18 
   25 
   40 
   32 
   36 
    8 
   -6 
   17 
    9 
  -24 
  -59 
  -13 
   48 
  -20 
  -16 
    3 
  -22 
   -5 
   33 
   -5 
   -5 
   16 
    7 
  -24 
  -26 
   38 
   -6 
   16 
   10 
   24 
   -8 
  -42 
   41 
    1 
  -18 
  -47 
  -23 
   -4 
  -31 
  -30 
   20 
   49 
  -40 
   58 
    6 
    2 
   31 
   47 
    7 
