2 0
200
   -1     1 
    0   -48 
    8     6 
    1     1 
    3 1     1 0 
  108   -48 
  103 68   -22 165 
    1 0     0 -1 
  240 375  -285 -45 
    3 1     2 0 
    9   -16 

   -1     1 
   -1    -1 
    1    -1 
    1    -1 

    0     0 
   -3    -1 
    2     2 
    1     1 
    1     2 
    0     2 
   -1    -4 
   -7     2 
   -1     1 
    1     8 
    4     8 
    5     2 
   -2     8 
   -9     8 
    9     8 
   -7     2 
   -1     1 
   -4    -4 
   -4     2 
   -4     2 
    9   -10 
   -4    -4 
    4     8 
   -6     2 
   -2     2 
    2     8 
   10    14 
   10   -16 
   -3    -4 
   -5   -10 
    8   -22 
   -1     8 
   12    -4 
    0   -10 
   17   -16 
  -17   -10 
   -2    14 
  -17    14 
  -24     2 
   12   -16 
    2    20 
    7   -16 
  -18    -4 
  -15     2 
    2     8 
   10    20 
   -8    -4 
    9     2 
   26   -22 
  -27     8 
    6   -22 
  -11    -4 
  -14   -10 
    7    -4 
    0   -22 
   15     8 
    9   -22 
   22    26 
   12    -4 
   -2   -22 
  -25   -28 
  -23   -16 
   -2    20 
   31    14 
  -19    14 
    4     8 
  -10     8 
    5    14 
  -22   -22 
  -32   -10 
   -6    26 
    8    32 
    4     8 
   18    -4 
  -11   -10 
   24     2 
  -38     8 
  -11    26 
  -25    38 
   -2   -22 
  -14    14 
   20     2 
   14    -4 
  -26   -16 
  -22    20 
  -28     8 
   10   -28 
  -16    38 
   27    26 
  -21    20 
   -6   -22 
   24    20 
  -18     2 
   11    14 
   -4    -4 
   14    -4 
   -3    32 
   -2    38 
   -2    44 
   30   -34 
    9     8 
   45     8 
   13    38 
   10   -40 
   10   -28 
  -20    32 
   28    26 
   23    14 
   42    14 
   10   -40 
  -16    20 
  -44   -16 
    6    44 
   -2   -40 
  -29   -16 
  -17   -10 
  -12   -16 
   46    14 
  -12    26 
   14    14 
  -19    26 
  -28   -16 
  -40     8 
   -6    44 
  -38    44 
   30   -10 
   16    32 
   34    26 
  -14    50 
  -24   -46 
   28   -52 
  -52   -28 
  -36    -4 
   45    50 
   45   -10 
  -25   -22 
    8    14 
  -36    14 
   -4   -40 
  -52    -4 
  -40   -52 
   44    44 
   18   -16 
   12   -22 
    4    50 
    3   -16 
  -20   -22 
    8   -28 
   -7   -46 
  -46    -4 
  -14    32 
  -30    20 
    7   -22 
  -20    44 
  -20    32 
   -2   -10 
   -8    -4 
   -1   -46 
  -20    20 
  -12    20 
   14     2 
   31   -52 
   22    32 
   28    -4 
  -15   -40 
    8   -28 
   -8    32 
   62   -34 
  -50   -16 
   30     2 
  -38    38 
    0   -10 
   38    26 
  -52    -4 
   41   -40 
  -42   -28 
   37   -28 
   20     2 
   -8    32 
  -33    14 
   -1   -34 
  -15   -16 
  -37   -28 
  -26   -22 
   32   -58 
  -38     2 
  -50   -34 
   -1    56 
  -19    -4 
   20   -34 
  -55    20 
   -6     2 
   62    50 
    2   -52 
  -28    20 
   58    14 
   23   -58 
    2   -34 
   34     2 
   24     8 
