2 11
25
   -1    -1 
    0     0 
    6     2 
    1     1 
    3 1     3 1 
   12    12 
   48 143    48 143 
    1 0     1 0 
    0 620     0 620 
    3 1     3 1 
   -1    -1 

   -1    -1 
   -1    -1 
   -1     1 
   -1     1 

   -2     2 
    1     1 
   -4     0 
   -4     0 
   -4     0 
   -4     0 
   -4    -4 
   -4    -4 
    1     1 
    1    -1 
    1    -1 
    8    -8 
    8    -8 
  -10     2 
  -10     2 
   14     0 
   14     0 
    8     4 
    8     4 
   -4     6 
   -4     6 
    8    -4 
    8    -4 
  -10    -2 
  -10    -2 
