1 0
200
   -1 
    0 
    5 
    1 
    3 1 
  576 
  169 -55 
    1 0 
  561 -51 
    3 1 
   48 
    0 
    0 

   -1 
    1 
   -1 

    0 
    0 
   -2 
    2 
   -1 
   -5 
    3 
   -1 
    3 
    8 
    0 
    6 
   -1 
  -11 
    9 
    6 
   -2 
   -4 
  -12 
   16 
    8 
  -10 
  -10 
    0 
   16 
    5 
    9 
  -16 
    8 
  -13 
  -13 
  -21 
   10 
    6 
   -8 
   16 
    7 
   -1 
  -16 
   20 
    2 
   -6 
   -4 
    0 
  -20 
   -8 
   -4 
    0 
  -25 
   -9 
    6 
  -18 
  -18 
   -2 
  -25 
    7 
    8 
  -28 
   -2 
   14 
    1 
   -4 
    4 
   -4 
   -4 
   35 
  -17 
   22 
   22 
  -11 
    5 
   18 
   10 
  -26 
   -2 
   34 
  -22 
   12 
   12 
  -23 
   21 
  -25 
  -29 
  -37 
   19 
   -8 
   -4 
   37 
    9 
   16 
   16 
    6 
   18 
  -44 
   32 
  -28 
   20 
    7 
   10 
  -10 
  -34 
    2 
  -32 
  -40 
  -23 
  -27 
    4 
  -20 
  -14 
  -38 
   47 
   31 
   -6 
  -26 
  -25 
    3 
  -28 
    8 
    5 
  -15 
  -24 
  -44 
  -16 
  -16 
   -4 
  -48 
   28 
    4 
   26 
   34 
   19 
   19 
  -20 
   12 
  -47 
  -35 
    5 
  -23 
  -28 
  -20 
    4 
  -12 
   34 
  -30 
    6 
   14 
   10 
  -38 
    2 
   20 
   -4 
   -2 
  -14 
  -33 
   11 
   30 
   22 
   55 
  -13 
  -10 
  -42 
    1 
   37 
   52 
  -12 
   -2 
   14 
  -52 
    4 
   41 
  -43 
  -49 
   -1 
  -13 
   -5 
  -40 
  -32 
   41 
   49 
    7 
  -25 
  -15 
    5 
  -32 
   48 
   10 
  -18 
   41 
  -35 
   -6 
  -50 
   56 
  -40 
   11 
  -25 
    8 
   40 
    4 
    0 
  -64 
