3 0
25
   -1    -1    -1 
    0     0     0 
    3     7     9 
    1     1     1 
    3 1     3 1     3 1 
   60    12    12 
  200 -105   200 -105   200 -105 
    1 0     1 0     1 0 
  704 -220   704 -220   704 -220 
    3 1     3 1     3 1 
   -5     1     1 

    1    -1    -1 
   -1     1    -1 
    1    -1    -1 
   -1     1    -1 

   -1     1     1 
    1    -1     1 
    5     1    -1 
    2    -2     2 
    0     2    -4 
   -6    -2     2 
   -8     2    -4 
   -2    -6     2 
    3    -1    -1 
   -3    -1    -7 
    0     2     8 
   -9     9    -7 
   -6     2   -10 
    4    -6    -4 
    1    -1     5 
   -2   -10   -10 
   -2    14   -10 
   -5   -13     5 
   -1     1     1 
    3    -3    -7 
  -15    11    11 
   -4     0   -16 
    5    -3   -13 
  -17    -5   -13 
   -8    -2   -16 
