2 9
100
    1    -1 
    0     0 
    8     5 
    1     1 
    5 0     3 1 
  288   144 
   25 0    46 -61 
    0 1     1 0 
   99 -99   198 -198 
    4 0     3 1 
  -24    12 

    1    -1 
   -1    -1 

    0     0 
   -3     0 
   -5     1 
   -5     1 
   -2    -5 
   -2    -5 
    0     3 
    0     3 
   -6    -6 
   -8    -8 
   -8    -8 
   -3    -9 
   -3    -9 
   -9     0 
   -9     0 
    6     9 
    6     9 
   -4     5 
   -4     5 
    4     7 
    4     7 
    5    11 
    5    11 
   11    -7 
   11    -7 
  -10    11 
  -10    11 
   -2    10 
   -2    10 
    1     1 
   -4   -16 
   -4   -16 
    1     1 
    1     1 
  -16   -13 
  -16   -13 
  -13   -22 
  -13   -22 
  -14     7 
  -14     7 
   -5    13 
   -5    13 
  -14    13 
  -14    13 
    0     3 
    0     3 
   27    -3 
   27    -3 
  -20     4 
  -20     4 
   15     6 
   15     6 
   10   -17 
   10   -17 
   11    -1 
   11    -1 
   -8    22 
   -8    22 
  -20     4 
  -20     4 
   15   -30 
   23   -28 
   23   -28 
   14   -13 
   14   -13 
  -20    -5 
  -20    -5 
  -22    23 
  -22    23 
    6    -3 
    6    -3 
    4    -5 
    4    -5 
   16     1 
   16     1 
  -26   -11 
  -26   -11 
  -38   -14 
  -38   -14 
    0     3 
    0     3 
    1   -35 
    1   -35 
  -11    -2 
  -11    -2 
    7    16 
    7    16 
  -18     6 
  -18     6 
  -20     7 
  -20     7 
  -16    -1 
  -16    -1 
   14   -28 
   14   -28 
   11    11 
   11    11 
  -45   -30 
   10   -41 
   10   -41 
