15 0
25
    1     1     1    -1     1    -1    -1     1    -1     1     1     1    -1    -1     1 
    0     0   -60     0   -60     0     0    48     0   -36    72    72     0     0   -48 
   12    10    10    10    10    10    10     8     6     6     6     6     4     4     4 
    1     1     2     1     1     1     1     1     1     2     1     1     1     1     1 
    3 1     3 1     1 0     4 3     1 0     5 0     5 0     1 0     5 0     1 0     1 0     1 0     5 0     5 0     1 0 
   24    24   -60    24   -60    12    96    48    24   -36    72    72    48    24   -48 
  -92 11   -92 11   -27 -103    71 -278   -27 -103   167 -81    71 -278   -27 -103   167 -81   -27 -103   -27 -103   -27 -103   167 -81    71 -278   -27 -103 
    1 0     1 0     1 0     2 0     1 0     1 0     2 0     1 0     1 0     1 0     1 0     1 0     1 0     2 0     1 0 
 -288 -48  -288 -48    48 -336   384 -624    48 -336   576 96   384 -624    48 -336   576 96    48 -336    48 -336    48 -336   576 96   384 -624    48 -336 
    3 1     3 1     2 1     3 2     2 1     2 3     3 2     2 1     2 3     2 1     2 1     2 1     2 3     3 2     2 1 
   -2     2   -10     2   -10    -1     4     8     1    -6    12    12    -1    -1    -8 

    1    -1     1     1     1     1    -1    -1     1     1    -1    -1     1    -1     1 
    1     1     1    -1    -1     1    -1    -1     1     1     1    -1     1     1     1 
   -1     1    -1    -1     1     1     1    -1     1    -1     1    -1     1    -1    -1 

    0     0     0     0     0     0     0     0     0     0     0     0     0     0     0 
    0     0     0     0     0     0     0     0     0     0     0     0     0     0     0 
   -4    -2    -2    -2    -2    -2    -2     0     2     2     2     2     4     4     4 
    0    -4     0     0     0     0     4     0     0     0     4     4     0     0     0 
   -2    -4    -4     0     0     4     0     6     0     4    -4    -4    -2     2     2 
   -6     4     0    -4     4     0     0    -2    -4     0    -4     4    -6    -6     6 
   -8    -4    -4     4     4    -4     4     4    -4     4    -4     4     8    -4     8 
   -4    -8     8     0     0    -8     0     4     0     8     8     8     4    -4    -4 
   -2    -6     2    -2     2    -2    -2    -6    -2    -2    -2    -6    -2     2     2 
   -4     2    10    -6    -6    10     2     8     6   -10    -2    -2     4     4     4 
    6   -10     0    -4     4     0    -2     4     4     0    -6    10    -6     0     6 
   -6    -6    -6    10    10    -6     2    -2    10    -6    10    -6    -6     6    -6 
   -8    -8    -2     2     2    -2    -8    10     2    -2     4    -8    -8    -2    -8 
    1    -1     1     1    -1    -1    -1     1    -1     1    -1     1    -1     1     1 
   -6    -8     6    10    10     6   -12     8   -10    -6     4     8     6     0     6 
   -8   -12    10     6     6    10    -4   -14     6    10     0   -12    -8    -2    -8 
   -2     6    10     2     2    10    -2    14     2    10    -2     6    -2    -2    -2 
   12    -4    12    12   -12   -12    -4     4   -12    12    12     4   -12   -12    12 
    2     8    -2     2     2    -2   -12    16    -2     2     4    -8    -2    -8    -2 
   -8   -10   -16     0     0    16   -10     6     0    16     6   -10    -8   -10     8 
   -6     6     6   -14    14    -6     2     2   -14    -6   -14     6    -6    -6     6 
   16    10    14   -10   -10    14     2     0    10   -14    14   -10   -16    -4   -16 
  -10    -6    -4     0     0     4    10   -12     0    -4    -2     6    10     8   -10 
   -6     2     6    -6     6    -6   -18    10    -6    -6    -2     2    -6    18     6 
  -18    -2    -6    -2     2     6   -14   -14    -2     6     2    -2   -18    -6    18 
