2 16
200
    1     1 
   12    12 
    2     2 
    1     1 
    1 0     1 0 
   12    12 
  158 0   158 0 
    0 -1     0 -1 
 -315 315  -315 315 
    2 0     2 0 
    4     4 
    0     0 
    0     0 

    1     1 
    1    -1 
   -1     1 
    1     1 

    0     0 
    3     3 
   -1     1 
    1    -1 
   -5    -1 
   -1    -5 
    5    -5 
   -5     5 
   -1    -1 
    8     8 
    8     8 
   -4     8 
    8    -4 
   -1     5 
    5    -1 
    8    -8 
   -8     8 
   15    -3 
   -3    15 
   -3    -7 
   -7    -3 
    4    -4 
   -4     4 
  -10    -2 
   -2   -10 
   -4    12 
   12    -4 
   11    -5 
   -5    11 
    7     7 
  -11    -1 
   -1   -11 
    4     4 
    4     4 
   -4     0 
    0    -4 
   18    -6 
   -6    18 
  -12     4 
    4   -12 
   16    20 
   20    16 
   -2   -10 
  -10    -2 
  -15     7 
    7   -15 
    2     6 
    6     2 
    4    24 
   24     4 
   20    24 
   24    20 
   20    28 
   28    20 
   13   -21 
  -21    13 
    6    -2 
   -2     6 
  -16     4 
    4   -16 
  -10   -10 
   10    10 
   10    10 
  -35    -7 
   -7   -35 
    2   -26 
  -26     2 
  -26   -22 
  -22   -26 
  -26    22 
   22   -26 
   34    14 
   14    34 
   22     2 
    2    22 
   38    -2 
   -2    38 
   22   -18 
  -18    22 
    8    -4 
   -4     8 
   35   -13 
  -13    35 
   -7    21 
   21    -7 
    5    35 
   35     5 
  -40     8 
    8   -40 
   13    15 
   15    13 
  -13    33 
   33   -13 
  -24     4 
    4   -24 
   24    -4 
   -4    24 
  -10   -10 
  -39    -7 
   -7   -39 
   20    36 
   36    20 
   32   -40 
  -40    32 
   17   -27 
  -27    17 
  -34   -38 
  -38   -34 
  -32     4 
    4   -32 
   -4   -12 
  -12    -4 
  -35    -5 
   -5   -35 
    8    28 
   28     8 
   16     8 
    8    16 
  -28    40 
   40   -28 
  -14     6 
    6   -14 
    5    35 
   35     5 
   -3    21 
   21    -3 
   16    48 
   48    16 
   15   -29 
  -29    15 
   10    42 
   42    10 
  -26   -46 
  -46   -26 
    2    14 
   14     2 
  -34    18 
   18   -34 
    8     8 
    8     8 
   11     5 
    5    11 
    5    23 
   23     5 
  -20     4 
    4   -20 
   10    10 
   14   -58 
  -58    14 
   47   -55 
  -55    47 
  -24    -8 
   -8   -24 
  -48   -56 
  -56   -48 
  -47     3 
    3   -47 
   40   -16 
  -16    40 
  -13    47 
   47   -13 
   51   -23 
  -23    51 
    6   -34 
  -34     6 
   58    26 
   26    58 
  -14    58 
   58   -14 
    6   -34 
  -34     6 
  -28   -24 
  -24   -28 
   -5     5 
    5    -5 
   20    48 
   48    20 
   46   -50 
  -50    46 
  -46   -54 
  -54   -46 
  -23    59 
   59   -23 
   20    24 
   24    20 
  -34    -2 
   -2   -34 
   28    24 
   24    28 
  -47    25 
   25   -47 
   38   -34 
  -34    38 
   12   -56 
  -56    12 
   34   -14 
  -14    34 
   20     4 
    4    20 
  -33    41 
