1 2
200
    1 
  -72 
   12 
    1 
    1 0 
  -72 
   49 87 
    1 0 
   10 310 
    2 1 
  -12 

    1 
    1 
    1 
   -1 

   -1 
   -1 
   -4 
    3 
    6 
    0 
   -1 
   -5 
   -1 
    5 
    7 
    8 
    3 
   -6 
    4 
    6 
   -2 
    3 
    8 
   11 
  -16 
  -10 
   10 
    1 
   -8 
   -4 
    4 
   14 
   -5 
    6 
    2 
   14 
    4 
   -8 
    8 
  -17 
   -3 
  -14 
  -22 
   -2 
    8 
    1 
  -11 
   23 
    2 
    3 
    4 
   22 
   -8 
   -8 
   16 
  -22 
    7 
    5 
    0 
   -1 
   -8 
   17 
   -1 
    4 
   10 
  -26 
   12 
  -21 
   31 
   14 
    1 
   -5 
   29 
  -11 
  -24 
   -6 
  -20 
   29 
   24 
  -25 
  -32 
    8 
  -27 
    3 
    8 
   34 
  -14 
   38 
   -8 
    2 
  -16 
   20 
   18 
    8 
  -28 
    1 
   40 
  -30 
   36 
   -4 
    7 
    9 
  -24 
   11 
    1 
   -9 
   20 
   38 
   27 
   30 
   30 
   26 
  -29 
  -23 
  -22 
    4 
  -11 
   18 
  -25 
   -2 
   10 
  -39 
  -37 
   10 
  -30 
   10 
  -13 
  -22 
  -31 
   28 
   50 
   48 
   -4 
   42 
    2 
    8 
  -16 
  -34 
   34 
  -15 
   34 
    4 
   42 
  -20 
  -12 
    4 
   12 
  -49 
  -14 
    8 
  -25 
  -18 
  -34 
   18 
   36 
  -34 
    3 
    7 
  -26 
    7 
    5 
   48 
  -16 
  -25 
  -38 
   31 
   30 
   28 
   52 
   46 
  -36 
   49 
    2 
    2 
   21 
    9 
    6 
    4 
   14 
    9 
  -12 
   61 
   -8 
    9 
  -43 
  -19 
  -11 
   33 
  -29 
  -54 
   -9 
  -10 
  -40 
   23 
   -4 
  -50 
  -21 
  -35 
   56 
   33 
   38 
   34 
  -24 
    1 
