6 2
25
   -1    -1     1     1    -1    -1 
    0     0  -108  -108     0     0 
   11     9     9     9     6     6 
    1     1     1     1     1     1 
    1 3     1 3     1 0     1 0     1 3     5 4 
   24    24  -108  -108    48   216 
  -62 -111   -62 -111   -81 137   -81 137   -62 -111     5 -128 
    1 0     1 0     1 0     1 0     1 0     1 0 
  270 -630   270 -630  -300 330  -300 330   270 -630   270 -630 
    1 3     1 3     2 1     2 1     1 3     3 2 
   -2    -2   -18   -18    -4     7 

   -1    -1     1     1    -1    -1 
    1     1     1     1     1    -1 
   -1     1     1     1     1    -1 
    1    -1    -1    -1    -1    -1 

    0     0     0     0     0     0 
   -1    -1    -1    -1    -1     1 
   -3    -1    -1    -1     2     2 
    2    -2    -2     4     1    -1 
    4    -4    -4     2    -1     5 
    4     0     0     6     0    -4 
   -7    -5     1     1     4    -4 
   -4     6     0    -6    -6     2 
    1    -1    -1    -1    -1     1 
    4     6     0     0    -3    -7 
    5     5     5     5     5    -1 
   -7    -3     3     3    -3    -7 
   -1     1     1     1     1     1 
    0     4    -8     4     4    -4 
   -8    -2     4    -2     1    -7 
    0    -6     0    -6   -12    -4 
   14   -10     2     8    -7    -7 
   -9    15    -3    -3    -3    11 
    2     4   -14     4    -2     2 
  -10    -2    10    10    -5    -7 
  -11    11    11    11    -7    11 
    4    -6   -12    -6     6   -10 
   15    11   -13    -1    -4     8 
    7     9    -3   -15   -12    -4 
   13     3     3     3     3    -7 
