2 0
26
    1    -1 
   40     0 
    8    12 
    1     2 
    1 0     0 0 
   40     0 
    178 -13     178 -13 
    165 13     165 13 
    165 13     165 13 
    165 13     165 13 
    6     4 
    0     0 
    0     0 

   -1     1 
    1     1 

   -1     1 
    0     0 
    0     0 
   -1    -1 
    2    -2 
   -2    -2 
   -2     2 
   -2    -2 
    2     2 
    4     4 
    8    -8 
   -4     4 
    6    -6 
    4    -4 
    4    -4 
    2     2 
   10    10 
   -2    -2 
    4     4 
    8    -8 
    8    -8 
   10    10 
    8    -8 
   10   -10 
  -14    14 
    0     0 
