1 2
100
    1 
  128 
   32 
    1 
    1 0 
  128 
   15 -2 
    1 0 
   11 13 
    0 1 
    4 
    0 
    0 

   -1 
   -1 
   -1 

   -1 
    1 
   -2 
    0 
   -4 
   -6 
   -8 
    2 
    0 
   -8 
   -6 
   -8 
   -2 
   -2 
    0 
   -8 
  -10 
    2 
    0 
  -16 
    1 
   -4 
    0 
   10 
   -6 
  -10 
    0 
    2 
   18 
  -12 
    4 
  -12 
   20 
   -4 
   -4 
    4 
    0 
  -16 
   -4 
   -6 
   -2 
    4 
   14 
  -24 
    6 
  -18 
   22 
   22 
   -4 
   16 
   -2 
   28 
   -6 
    2 
   18 
   30 
  -30 
  -14 
    8 
  -14 
   32 
  -26 
  -20 
  -12 
  -20 
   24 
    8 
   22 
    0 
    4 
  -28 
  -24 
  -30 
   14 
    2 
  -18 
   26 
   22 
  -18 
  -32 
  -40 
   -8 
   -8 
    0 
   38 
  -20 
    8 
  -34 
   -6 
   -6 
  -24 
   -6 
    4 
   -2 
   40 
   20 
    4 
  -20 
    0 
  -24 
