6 2
100
    1    -1     1     1    -1    -1 
   40    40   144    48    64    48 
   20    20    24    24    32    24 
    1     1     1     1     1     1 
    1 0     1 0     1 0     1 0     1 0     1 0 
   40    40   144    48    64    48 
   11 14    11 14    11 14    11 14    11 14    11 14 
    1 0     1 0     1 0     1 0     1 0     1 0 
 -180 36  -180 36  -180 36  -180 36  -180 36  -180 36 
   -1 2    -1 2    -1 2    -1 2    -1 2    -1 2 
    7     1     3     1     3     1 

    1     1     1     1    -1    -1 
    1     1     1    -1     1    -1 
    1    -1    -1    -1     1     1 
    1    -1    -1     1     1     1 
   -1     1    -1    -1    -1     1 

   -1    -1    -1    -1     1     1 
   -1    -1    -1     1    -1     1 
   -1     1     1     1    -1    -1 
    0     0     0     0     0     0 
    0    -2     2    -4     6    -2 
    1    -1     1     1     1    -1 
    4     4     0     0    -8     0 
   -8    -6     2     8    -2     2 
   10    -2    -6     6     4     0 
    2    -6    -6     6    -4    -4 
    4     8    -4    -4    -2    -2 
    4     0    -4    -4    -8    -4 
   10    -6     6     6    -2   -10 
    6    -2     6    -6   -12    -8 
    0     0    12     0     6   -10 
   -2     0     0     6     4   -12 
    6    10     2     2    -6     6 
    0    -8   -12   -12     6   -10 
   10     0     0    -6     4     0 
   -2    -4     0     6    -8    -8 
   16     8   -12     0     4     0 
   -4    -2     2     8    -4    12 
   10     6    14    14   -14    -2 
  -14     2    -6     6    -2     2 
    0    -6     6   -12    -6     6 
    2   -10    14    14     2   -10 
   -4   -12     8     8     8     0 
    8    -8   -16   -16   -10   -22 
  -10    12     0   -18     2   -10 
    4   -12    12    12   -20    12 
    4     0    -4   -16     4    12 
  -14    12     8   -10   -20    16 
   -2   -20     8     2    16    -8 
   18     8     8   -10     0     8 
    8    -4    20   -16    20   -12 
    4    16    -4     8    -8     0 
   12    -8   -12    12   -12     0 
  -10   -12    24     6   -16     8 
    0   -10     6    24    -6     2 
    2   -18    18     6    14     6 
    4    12   -12    12    -8     0 
    6    16   -24     6   -24    12 
  -26     6     2    14   -20     8 
   18   -22     2    14     6     2 
    8     2     6   -12   -22     6 
    6    -2    18     6   -18   -22 
  -10     0   -16    26    14    10 
    4    -4    20    20   -14   -22 
  -10    20   -16    26    20    -4 
  -18     8     8     2    24     8 
   16    18     6   -12   -26     2 
   26    -6    18   -18   -22    14 
    8    -4    24   -12    -4    -4 
    0   -24     0   -24    -6   -18 
    2     6   -18    18     2    18 
  -14    -2     6   -18     4     0 
   -6   -26    18    18    -6   -18 
  -30   -14    -6    -6    -6   -14 
  -24     8     8   -16     0    -8 
    8     8     8     8    14    -6 
  -10     2   -10   -22   -28     0 
  -12     2     2    20    18   -10 
  -18    30     2    14   -24     4 
   -4    28    -4    20    -4    28 
  -26    12   -16    26   -32    12 
    0    -8    24   -24    12    28 
  -16   -24     0     0    20   -20 
    4   -26   -18    12    22   -18 
  -26    -2    18    -6    16    12 
   -8    20    20     8    16    16 
  -24   -28    20     8    -6   -22 
  -16   -36    12     0    -4   -12 
   16    -8    12   -12    22    14 
    2   -34   -10   -34    32    16 
   10    34   -34    26    10    14 
   18   -14    18    -6   -18   -10 
   18    18    -6     6    18    -2 
   12   -22     2    20     6    10 
  -12   -14   -22    -4   -18     2 
  -30   -26    14   -22     6    22 
  -34   -14   -22   -22    14    34 
  -10     6   -22   -10    -4     8 
    0    28   -16   -28    24    24 
    8   -32     8     8    14     2 
   14    12    24   -18   -34     2 
   20    36    36   -12   -28   -36 
    2    -2   -18    30   -10   -14 
  -30     6   -18    18    30   -18 
    6    34   -30   -18   -18    30 
   -2   -38    18    -6   -14   -18 
   20    20    32    32    32     0 
    4    -8     8    -4     4    12 
  -24    -8     8     8    12    12 
   24    -8    32   -16   -18   -38 
   12    -8    36     0    18     2 
   24   -28    12   -24    36    12 
    2    28    32   -34     8   -12 
  -20    28    -4    20     4   -36 
   30   -34    18    18    18     2 
  -18   -30    18    -6   -36    36 
