3 0
100
   -1    -1    -1 
   40    56    64 
   20    28    32 
    1     1     1 
    1 0     1 0     1 0 
   40    56    64 
   65 14    23 2    23 2 
    1 1     1 0     1 0 
   15 -33    57 -21    57 -21 
    2 -1     2 -1     2 -1 
    3     2     2 

    1    -1    -1 
   -1    -1    -1 
    1     1    -1 
   -1     1    -1 

   -1    -1     1 
   -1     1     1 
    1     1     1 
    0     0     0 
   -2    -6     2 
   -4     4     2 
    4    -4    -8 
    6    -2   -10 
    6     2     2 
    1    -1     1 
    6     2    -8 
   -8    -4     0 
  -12     0   -10 
   -6   -10    -6 
    0     4     0 
    8     0    -8 
    0    -4    14 
  -12     4    -4 
   -4   -12   -12 
    2    10     0 
   -6     2     0 
  -10    10    -6 
    6   -10    -6 
   14    -6     6 
  -14    10    -6 
   -6   -18    10 
   20    12     0 
   16    -8     8 
   18   -14    12 
    6   -18    12 
   12     0    20 
  -14   -10   -12 
    8   -16   -24 
  -12    16    -8 
  -22   -10    -4 
   12   -20     4 
   -8    -8     8 
   12    12    -8 
   -2    10   -18 
    4   -12   -14 
   16    12    12 
  -12    -4   -12 
  -14    -2    -2 
  -20    16    -2 
  -18   -10    -6 
  -18     6     6 
  -20     4    12 
  -12   -12     4 
  -10    -6    -8 
    8   -16    24 
   10   -10    -6 
  -18    18   -26 
   22     6    -8 
   18    -6    -8 
    6    14    14 
  -14   -18    18 
  -14    18   -18 
  -16   -28    18 
    0     0    16 
    8     0     8 
   18     2    22 
   10    10    22 
   10    14    -2 
  -20   -12   -28 
  -30   -26   -20 
   -8     0     0 
   32   -32     8 
    6    -6    -2 
   12   -20    34 
   -4    20    28 
   -2     2    20 
   16   -24   -12 
   36    28    12 
  -28     8    34 
  -26   -26   -30 
  -34    -6    18 
  -10    18    14 
  -32    16     6 
  -34    38    -2 
    2   -26   -34 
  -14    14   -26 
    0    -4   -26 
   20    12    24 
   -4    20    40 
   18   -22     4 
  -34   -10   -12 
   30   -22   -14 
   12   -24   -34 
   24    12   -14 
  -22    18   -18 
   30   -22    24 
  -16     8   -24 
   -2   -38   -16 
    8     8    16 
    0    -4   -12 
   36    20    20 
   10    38   -36 
   32     4   -20 
   12   -28   -30 
    2   -42    -2 
