2 0
100
    1    -1 
  128     0 
   32    24 
    1     1 
    1 0     0 0 
  128     0 
   10 15    10 15 
    1 0     1 0 
  109 5   109 5 
    2 -1     2 -1 
    4     1 

   -1    -1 
   -1    -1 
   -1     1 

   -2     0 
    0     0 
   -3     1 
    1     1 
   -2     2 
   -6    -4 
   -8     0 
    2    -4 
   -9    -3 
    7     3 
    2     2 
   -9     5 
   -9    -3 
   -6     6 
    0     0 
    1     3 
   -1     5 
   -9    -3 
    6   -12 
  -14     6 
  -14    12 
   -8   -10 
  -13   -13 
   14    -6 
  -17   -15 
    2   -10 
    0   -16 
   -2     2 
    1    -1 
   11    -9 
  -11   -13 
   14    -4 
    7    11 
    3    17 
  -20    -4 
  -16    14 
    8     6 
    3     3 
   -6     6 
   12    -6 
    0    12 
  -23    15 
   22    14 
  -21     5 
    2    -6 
   -7   -27 
   13   -13 
  -25    -1 
   19    11 
   14     8 
    1   -15 
   -6     6 
    0    24 
   -8   -18 
  -19   -21 
  -23    21 
    6   -18 
    0     6 
  -11   -19 
    7     5 
  -30     8 
   -6   -28 
  -11   -13 
  -13     5 
   -9   -25 
  -15    15 
   12     6 
   14    12 
  -30   -18 
  -19   -13 
   12     8 
   13   -33 
   28   -24 
    5    23 
    0     8 
   31    -9 
    2   -12 
  -16   -10 
   10    -4 
   22    14 
   16   -28 
   10    26 
   32     8 
    6     8 
  -38   -12 
  -38   -30 
   36   -30 
  -12   -12 
  -12   -12 
    4   -30 
   31    -1 
  -22    20 
  -20   -16 
    4    20 
  -13   -27 
   24     0 
   -4   -28 
  -32    -4 
   13     3 
   15    15 
