1 0
100
   -1 
    0 
   27 
    1 
    0 0 
    0 
   20 1 
    1 0 
   45 -19 
    2 -1 
    1 

   -1 
    1 
   -1 

    2 
    0 
   -1 
   -1 
   -2 
    2 
   -3 
    4 
   -2 
    7 
    2 
    6 
   -6 
   10 
   -3 
   -6 
   -9 
   -9 
  -12 
   -5 
    0 
    4 
   13 
   11 
   -3 
  -10 
    4 
   14 
   -8 
    9 
  -11 
    1 
   -7 
  -16 
   13 
   16 
  -16 
    0 
    6 
   19 
    0 
  -26 
   -8 
    4 
    6 
    2 
  -27 
  -24 
   19 
  -14 
  -10 
   24 
    9 
    0 
   -2 
  -17 
    5 
   19 
  -26 
  -21 
   11 
   22 
  -11 
   -2 
   -8 
    0 
    0 
    2 
   18 
   22 
  -15 
  -12 
   18 
  -15 
  -15 
    5 
   -2 
  -18 
   10 
    1 
   16 
  -30 
    1 
   -8 
    6 
   10 
   -7 
   27 
  -32 
  -37 
   18 
  -32 
    0 
  -37 
  -15 
   11 
  -17 
  -14 
    3 
  -29 
