2 0
100
   -1     1 
   52    64 
   26    32 
    1     1 
    1 0     1 0 
   52    64 
  -25 -4   -25 -4 
    1 0     1 0 
  -75 21   -75 21 
    2 -1     2 -1 
    5     1 
    0     0 
    0     0 

   -1    -1 
   -1    -1 
    1    -1 
    1     1 

   -1    -1 
    1     1 
    1     1 
    0     0 
    2     2 
    0     6 
   -2    -8 
   -4     2 
   -4     2 
   -6     6 
    6     0 
   -1    -1 
   -6    -6 
    6    -6 
    0    12 
   -8    -8 
   -2    -2 
  -12     0 
   -8     4 
   -8     4 
  -10     8 
   10    -2 
    6    -6 
   -6     6 
   -4     2 
  -18    18 
    2    20 
   -8    16 
    8    -4 
    6   -12 
    4     4 
   -2    -8 
    0     0 
   -4   -16 
   -2    16 
   -4    20 
    2     8 
   -2    16 
  -22    14 
  -22     2 
  -12     0 
    4   -20 
    8   -10 
   -4    14 
   10    -2 
   -6     6 
    8   -16 
  -10    20 
  -26    16 
    0     0 
   14   -22 
  -14   -26 
   20     8 
    0   -24 
    8    14 
  -14    22 
   14   -10 
    6     6 
   16    -8 
   12   -12 
   30   -18 
    2    14 
  -10    14 
    8    20 
    2    32 
   12    24 
    0   -24 
   10   -14 
    0   -30 
    4     4 
   10     4 
   -4    20 
   -4   -16 
  -20    34 
   16   -26 
   18   -30 
    0   -18 
   10    22 
  -18   -18 
  -14    10 
    8   -34 
  -34    38 
   26   -28 
  -20     4 
    6    12 
  -12     0 
    6     6 
   18    18 
   -8    34 
   -6   -18 
   20    32 
   -4    -4 
   26   -28 
  -32   -32 
   -4   -28 
   28    28 
   -4    20 
    4     4 
   22   -14 
   34   -14 
