2 0
100
   -1     1 
    0    48 
   30    24 
    1     1 
    0 0     1 0 
    0    48 
  -49 34   -49 34 
    2 0     2 0 
 -180 -32  -180 -32 
   -1 2    -1 2 
    2     4 

    1     1 
   -1    -1 
   -1    -1 
    1    -1 

   -1    -1 
    0     0 
    1     1 
   -2     0 
    0     4 
   -2    -2 
   -6     0 
    6    -6 
   -4    -2 
    2     0 
    4     8 
    4    -8 
  -12    -2 
   -6    -2 
    0     6 
   -4     6 
   10     2 
    4    -8 
    4     0 
    0    -4 
   -1     1 
   -8    -2 
   -8     2 
    8     0 
  -14     6 
   14    10 
   16     4 
   16     8 
   -4     4 
   18   -16 
   -8    16 
   -2    -2 
    2    -2 
   16    -8 
   18   -18 
  -16    20 
   -8    24 
   -8     4 
  -14    24 
    2    -2 
   16     0 
   -8    18 
  -18    -6 
   -2    -4 
   10    22 
   -8    20 
  -12     4 
  -12     0 
   14    10 
    4    16 
   18     8 
   10   -26 
  -16     8 
   -8     8 
   -8   -18 
  -22   -18 
  -18    10 
  -10    18 
   12   -30 
  -16    -8 
   -2    22 
    8   -18 
  -26    16 
    8    20 
  -10    14 
  -16   -24 
  -18    14 
   -2    18 
    8    18 
   22    -4 
    0    18 
    4    -8 
   12   -20 
   26    22 
    2   -28 
  -10    32 
  -18   -18 
   28   -20 
    2    18 
  -14    34 
  -14    -4 
   30    24 
  -20   -34 
    8   -28 
  -20    -4 
  -24     4 
   36    40 
   10    38 
    2    10 
  -12   -16 
   16   -26 
  -32    -8 
   -8    16 
   40   -40 
   42   -30 
  -24    26 
  -24     0 
  -20    16 
   16   -14 
   -6    24 
