3 0
100
   -1     1    -1 
    0    40     0 
   26    20    28 
    1     1     1 
    0 0     1 0     0 0 
    0    40     0 
  -73 26   -73 26    23 2 
    2 0     2 0     1 0 
 -120 -60  -120 -60   -48 48 
   -1 2    -1 2    -1 2 
    6     2     1 

    1     1     1 
   -1    -1    -1 
    1     1    -1 
   -1     1     1 

    0     0     0 
    0     0     0 
   -1    -1     1 
    0     0     0 
   -4     2    -2 
    2     2     6 
   -2     4    -4 
   -8    -2     2 
    6     0    -8 
   10    -2    -2 
    0     0    -8 
  -10     8    -8 
    2    -4    12 
    0     6    -2 
   -8    10     2 
   -8    -2     6 
    2     2   -10 
    8     2    -6 
    4    10   -14 
   12     0    16 
   -4     8    -8 
    6    -6    -6 
   -6     6   -10 
    0     6    -2 
    6     0     0 
   10    -2    14 
   16    -8     8 
    8     8    -8 
   -4   -16     0 
   22   -20   -12 
   20    -4   -20 
   -4    20   -12 
  -12     0     8 
    6   -12     4 
   -8   -20    -4 
  -12   -24    -8 
  -24    12     4 
    0    12   -12 
   -6     6     6 
  -10     8   -16 
  -16    26   -14 
    4    10    18 
   14   -22    -2 
  -14   -14     6 
    6    12    20 
  -12    -6   -14 
  -22    -4    12 
   20    20   -20 
  -24   -24   -16 
  -14    16   -16 
  -22   -10    22 
   -6   -12    12 
   14     8     8 
  -10     8    24 
  -30   -12     4 
   12   -18    22 
  -16    26     2 
   22   -20   -12 
  -24     0    16 
  -24    24    -8 
   10    10   -22 
   10    22   -26 
   10    -2    10 
  -32     4   -12 
   -8     4   -12 
   -8    -2     6 
  -12    18    10 
  -18    -6   -22 
    2   -28   -12 
   26   -16   -32 
   12   -12   -36 
  -28     2   -22 
   -4    26    18 
    0     6    10 
   22   -26     2 
    6    18   -30 
   34    -8   -24 
  -16     2    -2 
   34   -14   -30 
   14    26    -6 
  -34   -10    34 
  -22    14    26 
  -24     0    16 
   -8    -8    -8 
    8    -4   -12 
  -18    24    24 
   20    26    18 
  -34   -16     8 
   -6    24    24 
  -28   -10    30 
   -8    40    24 
  -20    28   -20 
   -8    40    -8 
   12   -12    36 
   12    30    38 
   20   -10   -18 
    8   -28     4 
   -4   -16    32 
  -14     4    36 
   18    18   -14 
