6 0
100
    1    -1    -1     1    -1    -1 
   92     0     0   168     0     0 
   23    27    21    21    23    27 
    1     1     3     1     1     1 
    1 0     0 0     0 0     1 0     0 0     0 0 
   92     0     0   168     0     0 
   28 -15    28 -15    28 -15     8 -7    24 -5    28 -15 
    1 0     1 0     1 0     1 0     1 0     1 0 
  -35 -43   -35 -43   -35 -43    41 1    35 43   -35 -43 
    2 -1     2 -1     2 -1     0 1    -1 2     2 -1 
    4     1    12     4     6     1 
    0     0     0     0     0     0 
    0     0     0     0     0     0 

   -1     1     1    -1     1     1 
    1     1     1     1     1     1 

   -2    -2     0     0     2     2 
    0     0     0     0     0     0 
   -3     1    -1    -1    -3     1 
    0     0     0     0     0     0 
   -4     0    -4     4     4     0 
   -4     0     4    -4     4     0 
    1    -3     3     3     1    -3 
   -2     6    -8     8     2    -6 
    6    -2     0     0    -6     2 
   -3     9     3     3    -3     9 
   -8     0     4     4    -8     0 
    6    -6     4    -4    -6     6 
   -8    -8     0     0     8     8 
   -5    -9    -3    -3    -5    -9 
   -2     2   -12    12     2    -2 
   -6     2     0     0     6    -2 
   -6     6    -4     4     6    -6 
   -4     8   -12    12     4    -8 
   -2    10    12   -12     2   -10 
  -11    -3    -3    -3   -11    -3 
   -8     0    12    12    -8     0 
   -7   -11     7     7    -7   -11 
  -13    -9   -11   -11   -13    -9 
   -1    15     3     3    -1    15 
   12   -16   -12    12   -12    16 
    5     9    -5    -5     5     9 
  -17    -9    11    11   -17    -9 
    2     6    20   -20    -2    -6 
    9    -3    15    15     9    -3 
    4   -12     0     0     4   -12 
  -18    18     4    -4    18   -18 
  -15     9     5     5   -15     9 
  -19     1   -17   -17   -19     1 
    2    -6    -8     8    -2     6 
  -13    11    11    11   -13    11 
   16     0    16   -16   -16     0 
   -3    -3    -3    -3    -3    -3 
    3     3   -21   -21     3     3 
   21   -15    15    15    21   -15 
    0    20    12   -12     0   -20 
    2   -14   -24    24    -2    14 
    0    -4    12   -12     0     4 
    4    24    -4     4    -4   -24 
  -18    -6    -4     4    18     6 
    2    22   -12    12    -2   -22 
  -27    -3    -3    -3   -27    -3 
    6    18    -4     4    -6   -18 
   -7   -27    -5    -5    -7   -27 
    1   -27   -17   -17     1   -27 
    0   -24    -8     8     0    24 
  -30    -6     6     6   -30    -6 
   26    22    12   -12   -26   -22 
   16    24   -12   -12    16    24 
   -5    -9     9     9    -5    -9 
    2    10    24   -24    -2   -10 
    6   -18   -18   -18     6   -18 
    5    -3    21    21     5    -3 
  -32    -4    12   -12    32     4 
   -8     0    20    20    -8     0 
  -28   -12   -16    16    28    12 
    5     9   -17   -17     5     9 
    2    10   -10   -10     2    10 
  -10   -18   -16    16    10    18 
    4   -12    16   -16    -4    12 
   -1    -9    11    11    -1    -9 
  -12   -28     0     0    12    28 
   18   -10   -12    12   -18    10 
  -21    -9    33    33   -21    -9 
  -30    34   -24    24    30   -34 
    2   -30     8    -8    -2    30 
   -3    17    19    19    -3    17 
   -6   -10    12   -12     6    10 
  -12    28    24   -24    12   -28 
  -16   -36   -28    28    16    36 
   14     6    -8     8   -14    -6 
    7    -9   -21   -21     7    -9 
   26     2     0     0   -26    -2 
  -14   -30    16   -16    14    30 
   17     9    29    29    17     9 
   14   -18    -2    -2    14   -18 
   20   -24    -4     4   -20    24 
  -10   -18    32   -32    10    18 
   27    27    -1    -1    27    27 
   10    -6     8    -8   -10     6 
   -9     3   -15   -15    -9     3 
   -5   -21    -9    -9    -5   -21 
  -11   -15    -9    -9   -11   -15 
  -30    14   -36    36    30   -14 
  -30    -2    12   -12    30     2 
   15   -33    -9    -9    15   -33 
  -29    -5   -13   -13   -29    -5 
   34   -18    -4     4   -34    18 
   40    16    20    20    40    16 
   24    24   -16    16   -24   -24 
   16    28    36   -36   -16   -28 
  -12    28    24   -24    12   -28 
    1   -31     5     5     1   -31 
   20    24     4    -4   -20   -24 
  -28   -44     0     0    28    44 
   -2    30   -30   -30    -2    30 
