1 2
100
    1 
  116 
   29 
    1 
    1 0 
  116 
   -1 10 
    1 0 
 -120 8 
   -1 2 
    2 
    0 
    0 

   -1 
   -1 
   -1 

    0 
    0 
    0 
    3 
    0 
   -4 
   -5 
    8 
   -3 
    0 
    8 
    4 
    7 
   -4 
   -8 
    0 
   -4 
    8 
    0 
   12 
   -9 
    7 
   13 
   -4 
   15 
    9 
  -12 
    1 
    0 
    3 
   19 
    4 
    8 
   -9 
   20 
   21 
   -7 
   -1 
  -24 
    9 
   16 
  -24 
    8 
  -16 
    1 
   12 
   23 
   -8 
  -16 
    7 
    4 
    6 
   25 
   20 
  -30 
  -12 
  -16 
   -7 
    4 
  -28 
   22 
   33 
   24 
   13 
   32 
   12 
  -32 
    4 
   23 
  -25 
   16 
  -20 
   32 
  -16 
    0 
    4 
    3 
    4 
  -14 
    1 
  -16 
   12 
  -28 
   13 
  -31 
  -35 
  -12 
   21 
  -37 
   -8 
   -4 
  -31 
  -28 
  -28 
  -36 
   12 
  -36 
   -5 
   -2 
  -44 
