5 0
100
    1    -1    -1    -1     1 
   64    52   108    56    64 
   32    26    18    28    32 
    2     1     3     1     1 
    1 0     1 0     1 0     1 0     1 0 
   64    52   108    56    64 
   27 4    27 4   -17 12    27 4    27 4 
    1 0     1 0     1 0     1 0     1 0 
  -25 31   -25 31    37 29   -25 31   -25 31 
    0 1     0 1     2 -1     0 1     0 1 
    2     2     9     8     2 

   -1    -1    -1    -1    -1 
   -1     1    -1    -1    -1 
   -1    -1     1     1    -1 

   -1    -1     0     2     2 
    0     0     0     0     0 
    2     2     1    -3    -1 
    0     0     0     0     0 
   -6     0    -5     5    -3 
    1     1    -1    -1     1 
   -8    -2     6    -4    -8 
    6     6     1    -1    -3 
  -10     8     0     6   -10 
    2   -10    -3    -3    -1 
    2   -10     5     5    -1 
    0     0     4    -6     6 
    6     6    -9    -7     3 
   -6     6    12    -4     0 
    6     0    -6    10     6 
   -4     8    -9    -3     5 
   -2    -8     4    12    -8 
    0   -12     3    -7     9 
    6   -12     3    -7     3 
   -2    16   -12    -8     4 
   12     0     3     7    -9 
   -6    -6     2    -8    12 
   10   -14     2    10    -2 
   10    10    12   -16     4 
   -2   -14     6     6    10 
   -6   -18   -13   -17    -3 
   -2     4     2     4    16 
   -2    16    -2     8    16 
    4    -2    12    -6    10 
  -16     8     9     1    17 
    2    -4     4    12    -4 
    6     0   -22   -12    12 
    8     2   -10    10   -22 
  -14    -8    19   -11   -17 
    8     8   -16   -16   -16 
    6    12   -11    -1    21 
  -12    12    -3    -3    -3 
   18   -12     6   -12   -12 
    6    -6    12   -18    -6 
   18   -12   -21    -3    21 
   -6    12   -12    20     0 
  -10    -4    12   -12    20 
   10     4    -5   -11    13 
    6   -12     4     0   -24 
   -2    -2    -3    19     1 
   -6     6     6    -6    -6 
  -20    -8   -23    -9   -17 
    8   -10    -4    -8   -16 
   16    -2     8    26   -14 
   -2    -8    19    21   -17 
   18    -6     6     0    12 
   14    -4    24    14    26 
   20   -10    -6   -22   -10 
   14   -22     0   -16   -16 
   -6    -6   -12    28    24 
  -18   -18   -18   -18     6 
  -14    -2   -15     5    13 
   18    -6    30    20    24 
   -4    20   -25    19    11 
   30    24    -2    14   -18 
  -22    14    -1    -5    17 
   26     2     8     2   -10 
   10   -20     7    -7    25 
    0    12    16    14    30 
    2   -28   -16   -22   -10 
   12    24     0   -18    18 
   -4    32    24   -24   -16 
   18   -18    12     0     0 
   22   -20   -30     0    28 
  -14     4   -26   -34    10 
    8   -10     8    18   -10 
  -36    12    -6    12     0 
   16   -32     3   -15   -23 
   14   -16    10     2    26 
   -6    -6   -26   -26    18 
   14    14   -21   -17    23 
    6   -24   -18   -22    -6 
    6   -18   -38   -10    -6 
  -14   -14     2     2   -26 
   14   -22     2   -26   -22 
  -10    32     4     2    14 
  -26    -8    22   -34    22 
    6   -36    26     6    30 
  -10    20    -8   -26    26 
    8    14   -30   -12   -16 
   -4   -28   -27   -11    29 
  -30   -18    27    -1    -3 
   10    10   -18   -12    16 
   -2    -2    12    18    22 
  -30    30     0     6    -6 
   -2    16   -22   -14   -26 
    8    20    -5     1    17 
   32   -16   -16    -8     8 
   22   -20   -38    12   -32 
  -20     4     0     4   -20 
  -20     4    24     0     4 
   34    40   -40    10    -2 
  -28    20   -32    16    -4 
   -2   -20     9    35   -29 
   -6    -6    21    17   -21 
