1 0
100
   -1 
   32 
   16 
    1 
    1 0 
   32 
   12 -11 
    1 0 
   65 1 
    0 1 
    2 
    0 
    0 

   -1 
    1 
   -1 

   -1 
    0 
   -1 
   -1 
    2 
    0 
    8 
    7 
    6 
   -2 
   -5 
    4 
    5 
    0 
    7 
  -10 
   -5 
  -15 
    4 
    7 
  -13 
    0 
   -3 
   -8 
   12 
   13 
    0 
   -7 
    4 
    0 
   -5 
  -14 
   -3 
    2 
  -20 
  -16 
  -14 
  -20 
   15 
  -11 
    1 
  -12 
  -22 
   -4 
   15 
   20 
   -8 
    8 
    4 
    2 
    1 
   -6 
   10 
  -23 
   14 
  -18 
   21 
  -14 
  -28 
  -20 
  -10 
   19 
  -21 
   35 
  -28 
  -14 
  -22 
    2 
   12 
  -28 
   -8 
    0 
  -27 
   20 
   15 
   36 
   -7 
  -34 
   29 
   10 
  -30 
   25 
  -12 
    0 
   22 
    1 
  -27 
   -2 
  -20 
  -42 
  -10 
   30 
    8 
  -10 
  -24 
    8 
   27 
   14 
   34 
  -12 
