5 0
100
    1     1    -1     1     1 
  256    56    44   330   190 
   16    28    22    15    19 
    1     1     1     1     1 
    1 0     1 0     1 0     1 0     1 0 
  256    56    44   330   190 
   -7 10    -7 10    38 27    -7 10    -7 10 
    1 0     1 0     1 1     1 0     1 0 
   45 17    45 17    51 -31    45 17    45 17 
    2 -1     2 -1     2 -1     2 -1     2 -1 
    1     1     3     1    13 
    0     0     0     0     0 
    0     0     0     0     0 

    1     1    -1    -1     1 
   -1    -1    -1    -1    -1 
    1     1     1    -1     1 
    1     1     1     1     1 

   -1    -1    -1     0     2 
   -1    -1     1     1    -1 
    1     1     1     1     1 
    0     0     0     1     3 
   -6     6     0    -4     0 
   -1    -1    -1     1    -1 
    8    -4     2     9     5 
   -2    -2    -2    -4     4 
    2     2     2    -6     2 
   -1    -1    -1    -1    -1 
    8     8    -4     5    -7 
    8    -4     2    -7     5 
    6     6    -6    -9    -3 
    2     2   -10     9    11 
   -8     4    -2    -6    -8 
   12     0    -6     9     3 
  -10     2     8     5    -1 
   -8     4   -14    12     4 
   12   -12    12    -3     3 
   -8    -8    16     3     7 
    8   -16    -4    -6     2 
   10    -2     4    14    -2 
    2   -10     8    -7     5 
   -6    18    18     9    -3 
   -2    10    -8    15     7 
  -18     6     6    14     6 
    0    12     6    14    18 
   -8    -8    -8    -1    -5 
    4     4   -20    -3     7 
  -12    12     0   -12    -6 
   12   -12     0     2    12 
   -4    20   -16    14     2 
   -4    -4     8    20     8 
   16    -8     4   -10    -8 
  -16    -4   -22    11    17 
   16     4    -2   -22    -8 
   -8    16    -8    12     4 
   12   -12     0    12     0 
   -2    -2   -14   -18    -2 
  -18   -18    18     3   -21 
   12     0     6    24    -6 
   20    20   -16    -3     5 
  -26    10    16    14   -26 
   -2    10    16     5    19 
  -10     2   -16     6     2 
  -18     6    -6   -12   -18 
   28   -20   -20   -22     4 
    0     0    12     2   -18 
    0   -24   -24   -10     0 
   -4   -16    26    -4     2 
  -10    14   -10   -18    14 
  -18   -18     6     0     6 
  -24    24    24     0   -24 
   12     0   -30     0     0 
    2     2   -22    12     8 
   -6    -6   -30   -18    -6 
    6   -18    -6    12   -24 
  -10    26     8   -30   -10 
    0     0   -24    17    -3 
    0   -24     0     5    21 
  -10     2     8    17    -7 
   22   -26    -2     2    -8 
   14    26    -4    -4     2 
   12    12    12    17    -9 
    4   -20    16   -10    28 
  -24    24     0    24    12 
  -20    28    16   -24   -14 
   18    18    18    -9   -21 
   22    -2   -14    18    -2 
   -4    -4   -28    32    20 
   -4    20    -4    26   -22 
   24     0    24    18   -12 
   16     4   -26    27   -11 
   26    14   -16   -22   -10 
   -2    -2   -26   -19    -5 
   30    18   -24    18    24 
    6     6   -30    24    12 
  -26    22    -2   -16   -32 
  -22   -22    14   -28   -22 
   22   -38    -8     2     4 
   38    14    14    14   -10 
    2    26   -34    20   -40 
    0    36    18     8     6 
   20    20    -4   -37    41 
  -28    20   -28    12   -28 
   20    20    -4     0   -16 
   14   -10   -22    18    -4 
  -30     6   -36    36    30 
   30    42   -12   -12    42 
   -6   -18     0    -9   -27 
  -16     8    20    32   -10 
   32   -16   -16    32   -34 
    4    -8    34   -25   -23 
  -16     8     8    -4    32 
   20   -28    20    -9   -13 
  -16     8   -40   -12   -10 
  -28    -4     8     2    38 
  -20    -8   -38   -31    13 
  -34   -34     2    39    35 
   -6   -30   -18   -30   -18 
