1 2
100
    1 
  192 
   16 
    1 
    1 0 
  192 
    0 7 
    1 0 
   41 7 
    2 -1 
   12 
    0 
    0 

   -1 
    1 
    1 
    1 

    1 
    1 
    0 
   -1 
   -1 
    2 
    8 
   -2 
   -1 
   -6 
    8 
    0 
   10 
  -10 
   -4 
    0 
    6 
    4 
   -8 
   -8 
   -8 
   10 
   10 
  -10 
   -6 
   -2 
   -8 
   -8 
  -12 
    4 
  -12 
  -12 
   -8 
   20 
    8 
   16 
   12 
   24 
  -18 
    6 
  -20 
  -12 
   14 
  -18 
   14 
  -18 
   24 
   28 
   20 
   24 
    6 
   22 
   20 
    8 
    2 
   18 
  -10 
  -26 
   16 
   16 
  -26 
   14 
  -26 
  -20 
   -4 
  -12 
    0 
    6 
   18 
    4 
   12 
    0 
    0 
   22 
   26 
   -2 
  -26 
   22 
  -10 
  -14 
  -14 
   22 
   36 
    8 
   36 
    4 
    2 
   30 
   -6 
   30 
   16 
    8 
   16 
  -12 
  -40 
   36 
   28 
   -4 
   10 
  -34 
