8 0
100
    1    -1    -1     1     1     1    -1     1 
    0    36    72    40    36    60    60   168 
   30    18    18    20    18    30    30    28 
    1     1     1     1     1     1     1     1 
    0 0     1 0     1 0     1 0     1 0     1 0     1 0     1 0 
    0    36    72    40    36    60    60   168 
   11 -10    11 -10    11 -10    11 -10   -13 30    11 -10    11 -10    11 -10 
    1 0     1 0     1 0     1 0     2 0     1 0     1 0     1 0 
  108 12   108 12   108 12   108 12  -174 2   108 12   108 12   108 12 
   -1 2    -1 2    -1 2    -1 2    -1 2    -1 2    -1 2    -1 2 
    1     1     1     1     1     2     2     2 

    1     1     1     1    -1    -1    -1    -1 
   -1     1    -1     1     1     1     1    -1 
    1     1    -1    -1     1     1    -1    -1 

   -1    -1    -1    -1     1     1     1     1 
    0     0     0     0     0     0     0     0 
    0     0     0     0     0     0     0     0 
    0     0     0     2     0     0     0     2 
   -2     2     4     2    -2     2     4     2 
   -6     6     0    -4     6    -6     0     4 
   -6     6     6     4     6    -6    -6    -4 
   -8     8    -2     4     8    -8     2    -4 
   -6    -6    -6     2    -6    -6    -6     2 
   -2     2     4    -4     2    -2    -4     4 
   -8    -8     4     0     8     8    -4     0 
    2    -2   -10    -8    -2     2    10     8 
   -2    -2    10     2     2     2   -10    -2 
    8    -8   -10    12    -8     8    10   -12 
    0     0   -12    -4     0     0   -12    -4 
    0     0     0    12     0     0     0    12 
   -8     8    -2    10    -8     8    -2    10 
   -8    -8     4   -12    -8    -8     4   -12 
  -12   -12    12   -12    12    12   -12    12 
   -2     2    -2     6    -2     2    -2     6 
    6    -6     6     6     6    -6     6     6 
   -6    -6     6     2     6     6    -6    -2 
   10    10   -14    -2   -10   -10    14     2 
    6    -6   -12    14     6    -6   -12    14 
  -18   -18     6    -2    18    18    -6     2 
  -10   -10   -10    -2    10    10    10     2 
   -8    -8     4    16    -8    -8     4    16 
   22   -22    -2   -14    22   -22    -2   -14 
    8    -8    -4    20    -8     8     4   -20 
  -16    16   -16    18   -16    16   -16    18 
    4    -4    16     8    -4     4   -16    -8 
    0     0   -12     8     0     0   -12     8 
  -16   -16   -16     0    16    16    16     0 
   22   -22    10   -12   -22    22   -10    12 
  -16   -16    -4    -4   -16   -16    -4    -4 
    8    -8    -4   -12    -8     8     4    12 
   18   -18    18    14    18   -18    18    14 
   -2     2    -2    -6    -2     2    -2    -6 
  -14    14    -8   -16    14   -14     8    16 
   10    10   -14     6    10    10   -14     6 
  -20   -20     4     8   -20   -20     4     8 
  -16   -16    20    20    16    16   -20   -20 
    4    -4   -14    10     4    -4   -14    10 
  -12    12    18   -10   -12    12    18   -10 
  -22   -22     2     2    22    22    -2    -2 
   -6     6   -24    -2    -6     6   -24    -2 
   -4     4    -4     6    -4     4    -4     6 
   -4    -4    -4   -20     4     4     4    20 
  -16   -16   -16     0    16    16    16     0 
  -14    14    22    -4    14   -14   -22     4 
   -8     8    -2     6    -8     8    -2     6 
    2     2   -10   -22     2     2   -10   -22 
    6    -6    18   -16    -6     6   -18    16 
   -6     6   -18    28     6    -6    18   -28 
   18    18   -18    18   -18   -18    18   -18 
   -4     4     2   -20     4    -4    -2    20 
   10   -10    16    -6    10   -10    16    -6 
  -30   -30    -6    -6    30    30     6     6 
    0     0   -24    20     0     0   -24    20 
  -14    14    10   -18   -14    14    10   -18 
   -2    -2    -2    -2     2     2     2     2 
    2     2   -22   -10     2     2   -22   -10 
  -32    32    -2     2   -32    32    -2     2 
  -24    24   -12    -8    24   -24    12     8 
  -12   -12    12   -32   -12   -12    12   -32 
  -16   -16    -4    16    16    16     4   -16 
    0     0    12    16     0     0   -12   -16 
   18   -18    24   -12   -18    18   -24    12 
    6     6    30    -6     6     6    30    -6 
   -8     8   -32    10    -8     8   -32    10 
   24    24   -12    12   -24   -24    12   -12 
    8     8    20    20    -8    -8   -20   -20 
   32    32   -28   -32    32    32   -28   -32 
   30   -30    12    30    30   -30    12    30 
   22   -22     4   -20   -22    22    -4    20 
   32   -32    14    26    32   -32    14    26 
    6     6     6     2     6     6     6     2 
    4    -4    34    32    -4     4   -34   -32 
   18    18   -30   -14    18    18   -30   -14 
   18    18    18   -22   -18   -18   -18    22 
   20   -20     2   -14    20   -20     2   -14 
  -20    20    34    30   -20    20    34    30 
   16    16   -20   -28    16    16   -20   -28 
  -10    10   -10    18   -10    10   -10    18 
  -24    24    12    16    24   -24   -12   -16 
  -28    28    -4     6   -28    28    -4     6 
    0     0    30    16     0     0   -30   -16 
   -6    -6   -30   -10     6     6    30    10 
  -26   -26   -26    38    26    26    26   -38 
  -22    22    32    30   -22    22    32    30 
  -24   -24   -12    40   -24   -24   -12    40 
  -34    34    38    14   -34    34    38    14 
   40    40   -44    28    40    40   -44    28 
  -38    38    34     2   -38    38    34     2 
  -28   -28    20    28   -28   -28    20    28 
  -16   -16    -4    36    16    16     4   -36 
  -20   -20   -20    40   -20   -20   -20    40 
  -32    32   -44    20    32   -32    44   -20 
   30    30     6   -34    30    30     6   -34 
   18   -18     0   -24   -18    18     0    24 
