8 0
100
    1    -1     1    -1    -1    -1    -1     1 
  264     0   352     0     0     0     0    72 
   22    18    22    30    26    30    26    18 
    1     1     1     1     1     1     1     1 
    1 0     5 8     1 0     5 8     5 8     5 8     5 8     1 0 
  264   296   352    96   600    56   224    72 
  -19 8   -19 8   -19 8    59 38   -19 8    59 38   -19 8   -19 8 
    1 0     1 0     1 0     2 0     1 0     2 0     1 0     1 0 
  -78 -30   -78 -30   -78 -30  -258 78   -78 -30  -258 78   -78 -30   -78 -30 
   -1 2    -1 2    -1 2    -1 2    -1 2    -1 2    -1 2    -1 2 
    6     1     9     2     9     2     5     1 

    1     1     1     1    -1    -1    -1    -1 
   -1     1     1    -1     1     1    -1     1 
    1     1     1     1    -1    -1    -1    -1 
    1     1    -1    -1     1     1    -1    -1 

   -1    -1    -1    -1     1     1     1     1 
    0     0     0     0     0     0     0     0 
   -1    -1    -1    -1     1     1     1     1 
   -1    -1     1     1    -1    -1     1     1 
   -4     0    -4     4    -4     0    -4     4 
    4    -4     0     4    -4     4     0    -4 
    2     6     2    -6    -2    -6    -2     6 
    6    -2     6    -2    -6     2    -6     2 
   -6   -10     6    -6    -6   -10     6    -6 
   -8     4     8     8     8    -4    -8    -8 
   -4     0     8    -4     4     0    -8     4 
    2     2    -2    -6    -2    -2     2     6 
   -6    10    10    -6     6   -10   -10     6 
   -2    -2    -2     6     2     2     2    -6 
    4     0    -8   -12     4     0    -8   -12 
    8     4   -12    -8     8     4   -12    -8 
   10    -6     2    10    10    -6     2    10 
   -4   -12     4    12    -4   -12     4    12 
    4    -4    12   -12    -4     4   -12    12 
  -10    -2    -6     6   -10    -2    -6     6 
   14    -2    10    -2    14    -2    10    -2 
   14     6   -10    -2   -14    -6    10     2 
   10    10    10    -6   -10   -10   -10     6 
  -20    -4     0     4   -20    -4     0     4 
    6    -2     6   -10    -6     2    -6    10 
  -10    14    14   -10    10   -14   -14    10 
   12   -20     4   -20    12   -20     4   -20 
  -10     2   -18     6   -10     2   -18     6 
   20     4   -12   -12   -20    -4    12    12 
  -20    12     4   -12   -20    12     4   -12 
    8    -8     0     8    -8     8     0    -8 
    4    -4     4   -12     4    -4     4   -12 
   -8    -4    12     8     8     4   -12    -8 
    6    22    10    -2    -6   -22   -10     2 
  -12     4    -4    20   -12     4    -4    20 
    4     4   -12     4    -4    -4    12    -4 
   18     2     6   -14    18     2     6   -14 
   14    -2    -6    14    14    -2    -6    14 
   12    24   -12    -4   -12   -24    12     4 
   -6   -18    -2   -22    -6   -18    -2   -22 
  -20    -4   -12    12   -20    -4   -12    12 
  -20   -12   -20   -20    20    12    20    20 
    6     6     6    22     6     6     6    22 
  -18    22     6    14   -18    22     6    14 
   -6    -6    10    10     6     6   -10   -10 
    8    16    12    16     8    16    12    16 
  -24   -16   -16   -16   -24   -16   -16   -16 
   -4    20    -4   -20     4   -20     4    20 
   24   -20    28     8   -24    20   -28    -8 
   26   -14   -18     2   -26    14    18    -2 
   18   -14    18   -14    18   -14    18   -14 
    6    14   -18   -26     6    14   -18   -26 
  -18     2     6     6    18    -2    -6    -6 
  -22     6   -30     2    22    -6    30    -2 
  -26     6     6    22    26    -6    -6   -22 
    2   -30   -22    -6    -2    30    22     6 
  -24    24    20     0   -24    24    20     0 
   18    -6    -6     2   -18     6     6    -2 
    8     0    32     8     8     0    32     8 
  -14    22    26   -30   -14    22    26   -30 
   22   -30    18   -26   -22    30   -18    26 
   -6   -22   -14    10    -6   -22   -14    10 
   10   -30    26    10    10   -30    26    10 
    4    20   -28   -12    -4   -20    28    12 
    4    -4    -4   -12     4    -4    -4   -12 
   -4   -20    20    12     4    20   -20   -12 
   -4    28     4    12     4   -28    -4   -12 
    4   -16    12   -28    -4    16   -12    28 
  -18    -6     2   -34   -18    -6     2   -34 
   -4    -4    36   -28    -4    -4    36   -28 
   12    20   -28    -4   -12   -20    28     4 
   12   -12    -4   -20   -12    12     4    20 
  -12     4   -12   -12   -12     4   -12   -12 
   -4   -16    -4   -12    -4   -16    -4   -12 
   32   -16    -4    16   -32    16     4   -16 
   -6    18     2    10    -6    18     2    10 
    6    14    30   -26     6    14    30   -26 
   10   -22    26   -30   -10    22   -26    30 
   10   -22    34    10    10   -22    34    10 
  -22    14   -26   -22    22   -14    26    22 
    6    -2   -34    22     6    -2   -34    22 
  -34    14   -18    -2   -34    14   -18    -2 
   20    28   -28    20    20    28   -28    20 
   -2    34    14    14    -2    34    14    14 
   -4    28    12    12     4   -28   -12   -12 
   24   -24     8    32    24   -24     8    32 
   30    22    38   -10   -30   -22   -38    10 
  -22    10   -38    -6    22   -10    38     6 
   -2    30     6    30     2   -30    -6   -30 
   32     0   -20    40    32     0   -20    40 
   -4     4    -4    28    -4     4    -4    28 
    6    -6   -10   -26     6    -6   -10   -26 
   -4    -4   -12    28    -4    -4   -12    28 
    2    38    10     2     2    38    10     2 
   36   -28    12   -12    36   -28    12   -12 
   12     4   -36   -36   -12    -4    36    36 
   20    36    20     4    20    36    20     4 
   -4   -36    -4    28     4    36     4   -28 
  -34   -14    10   -34   -34   -14    10   -34 
   36   -24    36    20   -36    24   -36   -20 
