2 0
100
    1    -1 
  128     0 
   32    24 
    2     2 
    1 0     0 0 
  128     0 
   -1 10  -121 18 
    1 0     2 0 
 -120 8   -48 -112 
   -1 2    -1 2 
    2     6 

   -1    -1 
   -1     1 
   -1    -1 

    0     0 
    0     0 
    0     0 
    1     1 
   -3     5 
   -1    -5 
   -8     0 
   -2    -2 
   -5     3 
   -1     3 
    5     1 
    5     1 
    5     9 
    3    -9 
   -3    -3 
  -13     3 
    2     2 
    4   -12 
   12   -12 
    1     9 
    7    -9 
    1   -11 
    9   -11 
    6     6 
  -10     6 
   10    10 
   13     5 
  -19     5 
    3    15 
   -9    15 
    9    13 
   -5   -13 
   -1    -5 
    7    -5 
   13   -19 
  -17    19 
    0     0 
   16     0 
   10    -6 
   -6    -6 
    9   -15 
  -19   -15 
   21     5 
  -11     5 
   17    -3 
  -19    -3 
  -20    -4 
   12     4 
    4   -20 
    4   -20 
    9     9 
  -17    -9 
   15    27 
    1   -27 
   -7    -3 
  -25     3 
   -3    -3 
    1    -3 
   16   -16 
   16   -16 
    5    25 
  -25   -25 
   10   -22 
  -12   -20 
  -12    20 
  -13    15 
  -27   -15 
   18   -30 
    2   -30 
   -3   -19 
   -1    19 
   24     0 
   32     0 
   17    17 
   35   -17 
    9   -15 
   -9    15 
   26    10 
   39   -25 
   21    25 
   -7    -7 
    1    -7 
    7   -25 
   31   -25 
  -27   -15 
   33   -15 
   34    18 
   30   -18 
  -27   -15 
    9   -15 
  -20    -4 
   12    -4 
  -33   -25 
    7   -25 
  -15     9 
   13     9 
   11   -37 
   17    37 
  -17    15 
  -21    15 
