1 0
100
   -1 
   50 
   25 
    1 
    1 0 
   50 
  -25 8 
    1 0 
  -49 -17 
    0 1 
    2 
    0 
    0 

   -1 
    1 
   -1 

   -1 
    0 
    1 
    0 
   -4 
   -2 
    1 
    1 
    9 
   -2 
   -2 
   -6 
    6 
   -7 
    2 
    1 
    4 
   12 
   -1 
   -6 
   11 
  -10 
    8 
    5 
  -18 
   10 
    6 
    0 
    2 
    0 
    9 
  -13 
   15 
   -1 
    4 
    8 
    8 
    3 
   -6 
  -15 
  -12 
   24 
   -5 
    9 
    3 
   -8 
   12 
   22 
   11 
    4 
  -10 
  -24 
  -14 
    9 
  -28 
  -25 
  -24 
   -9 
    8 
   28 
    4 
    2 
  -13 
    8 
   -2 
    0 
   13 
   -6 
    9 
   12 
   10 
   -6 
   15 
   10 
  -27 
  -22 
  -34 
  -12 
   15 
  -18 
  -27 
  -38 
   -7 
  -41 
   -3 
   26 
   10 
    6 
    1 
  -18 
   29 
  -16 
   29 
  -40 
   -4 
   -8 
   -6 
   16 
  -41 
   44 
