2 0
100
   -1     1 
    0   200 
   27    25 
    1     1 
    1 4     1 0 
   72   200 
  -20 -17   -10 -5 
    1 0     1 0 
 -183 -31   -51 5 
    4 -1     2 -1 
    4     2 

   -1     1 
    1    -1 
   -1     1 

    0     0 
    0     0 
   -1     1 
   -1     3 
    4     0 
    1    -1 
   -3    -1 
    8    -4 
    6    10 
    6    -2 
   -5     5 
    5    -1 
   -3    11 
    9     3 
   -6     6 
   -3   -11 
   -5    -9 
  -12    12 
   -9    -7 
    9    13 
   -6    -2 
   -2    -2 
    7    -7 
    3     7 
  -15    -9 
  -14    -2 
    2     2 
  -11    17 
   -3   -17 
  -12     4 
   14    14 
   14    -2 
   -8    20 
  -10    -6 
  -25    -1 
    2    14 
    0    12 
  -12    -4 
  -18    18 
  -21    11 
  -12    -8 
    3    -3 
   22    10 
   -5    -9 
   -6    22 
   12   -24 
  -14   -22 
   22    14 
  -26    22 
    8    24 
   -6   -14 
  -24    -4 
   24    16 
   12     0 
   24    28 
  -18   -22 
   24     0 
    6    30 
   -7   -15 
    7   -13 
  -17     1 
  -10    18 
   16   -12 
   -7   -29 
  -34    34 
    0     0 
    0     4 
   27    -7 
   18    10 
   -8    16 
   10   -18 
   -6   -26 
   -9     7 
  -26   -10 
  -19    -1 
   18    -6 
  -24   -12 
   20    12 
  -16    12 
   -2    18 
  -14    26 
  -32     8 
    8   -24 
  -35    -7 
  -12   -20 
   24     8 
    6    -2 
   36    12 
   24    12 
   33   -35 
   -4     8 
    4   -20 
   11   -21 
  -20   -12 
  -33    15 
    0   -36 
  -22   -10 
    5    23 
   15    -9 
    6    -6 
