2 0
100
   -1    -1 
   36    36 
   18    18 
    1     1 
    1 0     1 0 
   36    36 
   -1 6    -1 6 
    1 0     1 0 
  -72 4   -72 4 
   -1 2    -1 2 
    2     2 

    1    -1 
   -1    -1 
    1    -1 
   -1    -1 

    0     0 
    0     0 
   -1     1 
    2     0 
    4    -4 
    1     1 
    6     6 
   -4    -2 
   -2     0 
   -6     2 
    4     2 
   -6   -10 
   10     4 
   -8     4 
   -8    -4 
   -8     0 
  -10    -6 
    8     8 
   -4    12 
   -4   -16 
    4   -12 
  -10    -6 
   -2     4 
   12     2 
   -6    18 
    6   -16 
   -8     0 
  -16     8 
  -20     4 
   14    -6 
   -4   -12 
   16   -10 
   12     8 
  -10    -4 
  -24     0 
   -4   -12 
  -16   -12 
    8    -8 
  -14   -22 
   -6    18 
   -4     6 
    4    24 
   -6   -14 
  -18    -2 
   -6    -6 
  -20     8 
   14    10 
  -20     4 
    0   -20 
    2    20 
   18   -10 
  -18   -14 
  -10    -2 
   18     0 
    6   -18 
   12    12 
  -16     0 
   10    14 
    0   -16 
   16    24 
  -30   -18 
   22    -4 
   22   -10 
   32   -20 
   -4    -6 
    8    -8 
  -28    16 
  -10     6 
   18   -12 
   26   -32 
  -12     4 
  -12    36 
   -4     8 
  -28    14 
   10   -14 
  -18   -10 
   14   -34 
    4   -34 
    6     8 
   -2   -14 
   10   -34 
   14   -26 
  -16     0 
   32   -16 
   24    28 
   22    -6 
   24    34 
  -38   -30 
  -10     6 
    0    30 
    8   -12 
  -20   -36 
  -16     0 
   36   -32 
   20   -28 
   20    12 
  -28   -42 
  -28     0 
   38   -14 
   -6   -18 
