7 0
100
   -1     1     1    -1    -1     1     1 
   66     0    50    62    34   162    84 
   33    15    25    31    17    27    21 
    1     1     1     1     1     1     1 
    1 0     0 0     1 0     1 0     1 0     1 0     1 0 
   66     0    50    62    34   162    84 
   29 8    29 8    29 8    29 8   -61 14    29 8    29 8 
    1 0     1 0     1 0     1 0     2 0     1 0     1 0 
 -126 66  -126 66  -126 66  -126 66   -54 -54  -126 66  -126 66 
   -1 2    -1 2    -1 2    -1 2    -1 2    -1 2    -1 2 
    3     2     2     2     1     2     2 
    0     0     0     0     0     0     0 
    0     0     0     0     0     0     0 

    1     1     1     1    -1    -1    -1 
   -1    -1     1     1     1     1    -1 
   -1     1     1    -1    -1     1     1 
    1     1    -1    -1     1     1    -1 

   -1    -1    -1    -1     1     1     1 
    0     0     0     0     0     0     0 
    0     0     0     0     0     0     0 
   -1    -1     1     1    -1    -1     1 
   -2     4     0     6     2     4     0 
    1    -5     1    -5    -1     1     3 
   -9     9    -1    -7     7    -3     3 
   -8     4    -4     8     4     8     8 
    9     3    -5     1    -5    -7     1 
    6     0     4    -2     6    -8     4 
    2    -4    -8    -2   -10     0     4 
    4    10    10    -8     0     2     2 
    9     3     7   -11    -9   -11     9 
   -3     9     3    -9    -7     9     3 
   -6     6     6    -6    -2     2     2 
    0     6     2    -4    -8     2    -2 
   13    -5     5    11    -1     5     3 
   -9    -9    -5    -5     1   -15   -11 
   12    -6     6     0     8    -6   -10 
    0    12     4    16    -4     8    -8 
  -12    -6    10    -8   -12    10     2 
   -4     2    14     8   -12     2     6 
  -16    14    -6    12     0   -10    -6 
    9     9    -9    15   -15   -19    11 
    6   -12    16    10    -6    12     8 
    8    -4    -4     8   -20     8    -8 
   -1    17   -11    -5    11    21   -15 
  -20    16     8    -4     4     8     0 
  -12    18    18     0    16     6   -10 
   -3     3   -15    -9    -7    19     1 
   -5     7   -15    21    -7     9    -9 
  -22    -4    -8    -2   -10    16   -12 
   -4   -16    16   -20     0    20   -12 
   22    -2     2   -22    18     2   -18 
  -16    14    10     4   -24    -2   -14 
   13     1    -1    11   -17    23    17 
  -12    12   -12    12    12   -12    12 
   12     6    -2    16     0    10    18 
   -6   -18   -22    14   -10    -6    14 
   15   -15     9    -9    21    11   -13 
  -12   -12   -12   -12     4   -12    20 
    6   -12    16    10   -10    24     4 
  -26   -14   -18    -6   -14    22    10 
  -14   -14    -2    -2   -10   -18   -14 
  -12    12     4   -20   -24     0   -24 
  -18     6     2   -22     6   -10    18 
    4    22    22    -8    -4     2   -22 
   20     8   -24   -12    -4     8    -8 
   20    14    26   -16     4    -2   -14 
   -8   -20    -4   -16     0    12    -4 
   12    -6    -6     0     0    -2   -18 
    6   -12    16   -14     2    -4   -24 
    0   -12    12     0   -16    12     4 
   15     9   -25    -7    23     5   -13 
    9    -9    19    13    15   -15    13 
   18    18    -2    -2    18   -14    -2 
    3   -21    -3    -3    -5    -1   -15 
  -12    18   -10   -16   -16    18     6 
    5    11   -17     1   -15    15   -21 
    7    31   -11   -11     9   -19    15 
  -19   -19    25    25    25    -7   -19 
   14    14   -10   -10    10   -30    26 
   -5    25     7    13     1     7   -31 
  -17     7   -15   -15   -11    -7     7 
  -10     2    -6   -18    22    18    26 
    3   -21    -5   -29    33   -15    33 
   24   -24     0     0    16    24     0 
  -18    12   -24     6   -22   -24   -12 
   -6   -30     2   -22     6    -2    30 
  -14   -20     0    -6    18    16    28 
   35    17     1    19   -13    25    -7 
   30     0    12    18    26    16    12 
   -3   -27    17    -7   -13    19    15 
  -14    10    14   -10    22   -10   -14 
   -2    34   -26    10   -30     6   -14 
   30     0   -12    30   -26    24     4 
   -6    36     0     6    18    16    28 
   -2    -8   -20    -2    14   -12    16 
  -22    20     0   -18   -22    20   -24 
    5    -7    -3   -39   -23    37   -15 
  -14    10   -10   -34    14    22    10 
   19   -11    19   -35    -7    -5   -11 
   -1    -7    37   -29    19   -35    33 
    1    25    -5    -5    15   -29   -39 
   12   -24    24    36    24    36    28 
   15    -3    -9   -27   -37    13   -25 
  -15   -39    35    35     5   -23    35 
   18    30     6    -6   -10   -14   -22 
  -30   -36    24     6   -22    32    12 
   15    -9    33   -15    15    -5    21 
  -19   -13    31     1     1    -1   -13 
   25   -23   -21     3   -41    19   -23 
    8    32   -24     0    24   -32    -8 
    7   -29   -23   -35    25     1    35 
  -24    36    12     0     8   -12    12 
    6   -18    14   -10    -6   -14    18 
    8    32     8   -16   -28   -20    20 
   -8     4    28    -8   -16   -28    28 
    9     3    19   -23     3   -15   -15 
  -18   -42    42   -30   -38    18   -18 
