1 0
100
   -1 
   32 
   16 
    1 
    1 0 
   32 
   43 32 
   -2 1 
   56 -40 
    3 0 
    3 

    1 
    1 
    1 

   -1 
    0 
    0 
    0 
   -2 
    2 
    8 
    6 
   -2 
   -6 
   -8 
    0 
   -1 
  -10 
    8 
   -8 
    2 
   -4 
    8 
    0 
  -16 
   14 
   14 
   18 
   -2 
  -10 
   -8 
   16 
   12 
    0 
   20 
  -16 
    0 
   -8 
   16 
   20 
   -8 
    8 
   10 
  -14 
   20 
    4 
   -6 
  -14 
  -18 
   14 
  -12 
   -4 
   16 
  -16 
   -6 
   10 
  -24 
  -24 
  -26 
   -2 
   10 
   -6 
    8 
    0 
   26 
  -14 
    2 
   -8 
  -12 
   24 
   32 
  -18 
   34 
    8 
   24 
  -32 
    8 
  -14 
    2 
    2 
    2 
  -10 
   -2 
   10 
  -22 
   10 
  -32 
    0 
  -28 
  -16 
  -34 
  -34 
  -42 
   38 
   -8 
    8 
   -8 
   32 
  -24 
   -4 
   24 
  -32 
    2 
  -26 
