1 0
100
    1 
   44 
   22 
    1 
    1 0 
   44 
  -23 -6 
    1 0 
   35 -29 
    0 1 
    2 
    0 
    0 

   -1 
   -1 
   -1 

    0 
    0 
   -1 
    0 
   -6 
    3 
    2 
   -4 
   -1 
   -4 
   -8 
   -2 
   -5 
   -5 
  -11 
   -8 
   -6 
  -15 
   10 
   -8 
  -12 
    1 
  -16 
   -2 
   18 
    4 
   -6 
  -20 
   -4 
    9 
   -4 
  -10 
    8 
   21 
    1 
  -14 
   -7 
   24 
  -11 
    9 
   10 
    5 
    5 
  -26 
   27 
    0 
    8 
   -6 
  -21 
   21 
  -27 
   -6 
   -5 
   24 
   14 
  -14 
  -14 
    2 
  -19 
   -2 
   10 
   -2 
  -20 
   -7 
   18 
  -20 
   15 
  -10 
  -32 
    9 
   30 
  -12 
    3 
   -2 
   25 
   30 
  -11 
  -23 
  -18 
  -20 
    4 
   21 
    2 
    2 
  -39 
   30 
   10 
  -26 
  -27 
  -23 
  -40 
   -4 
  -37 
   -5 
  -26 
   -4 
   18 
   28 
  -24 
   -4 
