2 0
100
   -1    -1 
   62    48 
   31    24 
    1     1 
    1 0     1 0 
   62    48 
  -21 22   -21 22 
    1 0     1 0 
 -244 -20  -244 -20 
   -1 2    -1 2 
    1     2 
    0     0 
    0     0 

   -1    -1 
   -1    -1 
   -1     1 
   -1     1 

    0     0 
    0     0 
   -1     0 
    1    -1 
    1    -4 
    4     2 
   -7     0 
   -1     4 
   -2    -4 
    1    -1 
    2    -2 
    0    -8 
    0     2 
   -8     6 
   -2     0 
    7    12 
   10   -10 
  -11     0 
    8     4 
  -14     6 
    0   -10 
   -3    10 
   -6     6 
  -12     2 
    3   -12 
  -14    -2 
   -7    -8 
    5    16 
  -16    14 
   -8    10 
   -2    20 
    8     2 
    0   -20 
   18     8 
   -6   -22 
   -4   -20 
   -3    12 
   -3   -24 
   10    -6 
   -6    18 
    4    -4 
    5    16 
    5    -4 
  -14    10 
    6    -8 
   -3    18 
   -8     4 
    5    -8 
   10    14 
   15    24 
   18    30 
  -13   -24 
  -20   -22 
   -8   -18 
   -9   -12 
   -6   -26 
   17    14 
   -4    -6 
   21   -28 
   15    32 
  -26    -6 
  -23    10 
    2     4 
   23     4 
   10    -6 
   -3    12 
   -8    -8 
    1    -2 
   18    -6 
   12    12 
  -10    30 
   26   -20 
  -13   -24 
  -16   -34 
    9    32 
  -28   -14 
  -21    24 
   22   -22 
  -22    -2 
    7   -26 
  -14    20 
  -14   -10 
   28    16 
  -24    -8 
    0     6 
    4     2 
   -8   -30 
  -16     2 
   20   -22 
  -21     2 
  -26   -34 
    8     4 
  -18    38 
   17    16 
    2     4 
    0   -28 
    2    -6 
    4     4 
  -24   -22 
   26   -42 
