4 0
100
    1     1     1     1 
  480    72    96    52 
   20    18    24    26 
    1     1     1     1 
    1 0     1 0     1 0     1 0 
  480    72    96    52 
   11 14    11 14    11 14    11 14 
    1 0     1 0     1 0     1 0 
 -180 36  -180 36  -180 36  -180 36 
   -1 2    -1 2    -1 2    -1 2 
   21     5     3     2 
    0     0     0     0 
    0     0     0     0 

   -1    -1    -1    -1 
    1     1    -1    -1 
   -1     1    -1     1 
   -1    -1    -1    -1 
    1    -1    -1     1 

    0     0     0     0 
   -1    -1     1     1 
    0     0     0     0 
    1     1     1     1 
   -3     2     5     6 
   -1     1     1    -1 
    4     6     0    -2 
    3     2    -7     6 
   -6     6    -6     6 
   -9    -6    -3     6 
    7    -4     5     4 
   -2    -4     2     4 
   -5     6     9    -2 
    4    -6     0    -2 
   10   -12     6     4 
    5     6    -3     2 
   12    -4     8   -12 
   -3    -6    -3     6 
    5    12    -9    -4 
   -8     0   -12    -8 
  -13     0     3     8 
   -8     2    -4   -14 
   -6     8    14     0 
   16     6    12    10 
   10    18     6    10 
    7   -16     5    -8 
    4     2     8    -2 
    8     8   -16     8 
   -6    -6    -6    -6 
   -7     0     9     8 
   -4    14    -4   -10 
   -4   -22    20    14 
   22   -16   -10    -8 
   -5    14    17    -2 
   16     8   -16    -8 
  -11   -22    23   -14 
    9    12     9   -12 
  -20     0    12    -8 
  -14    18     6    -2 
   19    -6   -21   -14 
   12    24    24   -24 
   -4    12    12    -4 
  -23    14    17    10 
   24    -4   -16   -12 
   13   -18    15    22 
    6   -24     6   -24 
  -19    -4     5    20 
    0    20     8    12 
  -10     8    14   -16 
   19    14    -7    -2 
   24    30    12    18 
   -6    -6   -18    -6 
  -22    -6     6     2 
   24     0   -24    24 
   12    12     0   -12 
   -6    18   -30     6 
   -9    24    15    24 
   20    24     0   -16 
    9   -16    17    24 
    2    20     2   -28 
  -17     8   -19    16 
  -14    14   -10   -26 
  -19     2    29   -10 
   34   -16     2    16 
  -26     2   -22   -26 
   -2   -12    18     4 
    0     0   -24    24 
    8   -18   -24     2 
   32    18   -12     2 
   10    20    14     4 
  -10   -28     2    -4 
   12     0     0   -24 
   -3    18   -27    30 
  -30     8    26   -24 
   14    26    26   -10 
  -15    24     9   -24 
  -34   -30   -18     2 
  -26    14   -22    10 
   26     2    14   -22 
   22   -34   -22    -2 
  -14   -28    14   -20 
   14     2    38   -10 
   34   -10   -22    10 
   -6    20   -10    36 
   28   -18   -24    -2 
   21    12    -3    36 
   41    -6    27   -10 
   28   -12     0   -20 
  -42    12   -30    36 
    2    -6   -18    38 
  -34   -22   -22   -10 
   -1    32    -1   -16 
   16     8    32    16 
    4   -16    32    16 
   12    30   -12    18 
   32   -12   -12   -28 
   30   -10   -22    18 
   24   -28    -4   -12 
  -27     6    21   -18 
   -5    30   -39    34 
