3 0
100
   -1     1    -1 
    0   128     0 
   16    32    32 
    1     1     1 
   17 0     1 0     5 0 
   64   128   128 
   35 -10    -4 -7    17 44 
    1 0     1 0     2 0 
   84 60   -51 -3  -273 39 
   -1 2     2 -1    -1 2 
    4     4     7 
    0     0     0 
    0     0     0 

   -1    -1     1 
   -1    -1    -1 
   -1    -1     1 
   -1     1    -1 

   -1     1     1 
    0     0     0 
    1     1     1 
    0     0     0 
    1    -1     1 
   -6     2     4 
    8    -8    -8 
   -6   -10     2 
   -2    -6     6 
   -2    -2   -10 
    4     8    -6 
    4     8     6 
    2    -2   -10 
   10    10    -6 
    8    -8     0 
   -4    -8     2 
  -14    -2     6 
    0    -4    10 
  -12    12     4 
  -12    -8   -10 
    0    -8   -12 
   -2    10     4 
   10    10    -6 
  -14    -2   -12 
    6    10   -10 
  -18    -6     4 
   16     8    -8 
    8     0     0 
   -4   -12    -8 
    0    20    18 
    8    12   -10 
  -12    20   -12 
  -24     8     8 
   16     8    -8 
    4    12     4 
   -4    -4    20 
   -8   -24   -16 
  -12     8     6 
   -2     6     6 
  -22     2    20 
   24   -12    -6 
  -12    20    16 
    2    14    -2 
   -6   -18     6 
   -2     2   -14 
    2   -18    12 
   20     4    -4 
   16    -4   -22 
   -8     0    -4 
  -24    16   -24 
    6    18    16 
   26    14   -30 
   24   -16   -24 
    0    16     0 
  -30     6    18 
    2    26   -30 
   14   -18   -18 
  -18    -6     6 
    8    -8     0 
   16    24     8 
  -30    22   -20 
   -2   -10    18 
   10    14    -2 
   16    20   -10 
   12   -12    32 
  -32     0   -24 
  -24     0    -8 
    6    30     2 
    2    18   -24 
    4    -4    28 
    4    -4     8 
  -20    12   -12 
  -20    -4    16 
   14   -30    30 
    6    34   -14 
   -2    -6   -24 
   14    -2   -24 
   -6   -26    10 
  -18    14     2 
   -6    14     4 
  -30   -10    -2 
  -22   -26   -22 
    8    32   -32 
    0    24     0 
    4    28    24 
  -40   -20   -38 
    2    26     2 
  -30   -18    10 
  -18   -30    18 
  -10    30   -14 
  -40   -16    36 
   32   -16   -36 
   32    32    40 
  -16     0    32 
  -20   -20   -24 
  -28    12    36 
   -4    20   -32 
   32     4    14 
  -10    -6   -30 
   30   -10   -30 
