2 0
100
   -1     1 
   44    80 
   22    20 
    1     1 
    1 0     1 0 
   44    80 
   31 -6    31 -6 
    1 0     1 0 
   40 56    40 56 
   -1 2    -1 2 
    1     2 
    0     0 
    0     0 

   -1    -1 
    1     1 
    1    -1 
   -1    -1 

    1     1 
    0     0 
   -2     0 
   -1     1 
    2     4 
    4     4 
    2     4 
    4     8 
   -2     8 
   -8     2 
   -8     2 
   -2     4 
    0   -12 
   -2    10 
    0     8 
    0     8 
    2     4 
    1     1 
   -4   -12 
    8   -12 
    8    -2 
  -14    -2 
   -4    -6 
  -18   -18 
   20   -12 
  -10   -10 
   12   -10 
    8    16 
  -16   -10 
   -4     0 
  -14    16 
   16   -22 
   22     8 
   -8    16 
  -12   -18 
  -10     0 
  -24   -12 
   24    18 
   -8    14 
   14   -14 
  -12     4 
   10   -12 
  -22    -8 
   -2    20 
   -6   -14 
  -10    -6 
    8   -12 
   -8   -14 
  -16    10 
   -4    16 
  -30   -26 
  -30    18 
    2   -24 
    4     6 
   14   -18 
  -20   -26 
   -6   -14 
   24   -24 
    8   -10 
   28    -8 
  -30    18 
   10   -14 
  -18   -30 
  -12    -4 
    4    -8 
    8     0 
  -30    -8 
  -30    30 
   10   -18 
   28     0 
  -32    18 
   -6   -20 
   12    12 
  -10    26 
   26    22 
    2    14 
   14    32 
   -2    10 
  -34    18 
   18   -22 
  -22     4 
   10   -10 
    0   -28 
    8    36 
   18   -32 
  -12    34 
   40   -30 
   26    10 
  -26   -18 
  -18   -10 
    8   -28 
   24     8 
   16    28 
  -24    20 
    8   -36 
    0   -12 
   16   -14 
  -22    44 
  -38    32 
    6     6 
