1 0
100
    1 
  132 
   33 
    1 
    1 0 
  132 
  -51 16 
    1 0 
 -142 -86 
   -1 2 
    4 

    1 
   -1 
   -1 
   -1 

   -1 
    0 
    1 
    0 
    5 
    2 
   -9 
   -7 
    3 
    0 
    2 
    8 
    1 
   -6 
   -9 
    0 
    8 
   -9 
   -9 
   -3 
  -12 
  -13 
   11 
    0 
    3 
   14 
   -7 
    8 
   18 
   12 
   14 
    8 
   -4 
    8 
   -4 
    8 
   21 
  -12 
    6 
   24 
    9 
   18 
   -4 
  -10 
    6 
    3 
    5 
   14 
  -10 
  -10 
   -3 
   24 
  -15 
   12 
    3 
  -12 
   30 
   12 
    8 
    2 
    8 
    8 
  -10 
  -16 
   -7 
   -6 
   33 
   30 
   -6 
   26 
   17 
   27 
   12 
    2 
   26 
  -36 
  -30 
   20 
   29 
    2 
  -31 
  -37 
  -22 
   29 
   12 
    6 
   27 
    6 
  -21 
  -30 
  -16 
   32 
    2 
   32 
  -24 
   36 
  -10 
   11 
    6 
   -3 
