2 0
100
    1     1 
   24    16 
   24    16 
    1     1 
    1 0     1 0 
   24    16 
   47 2   -37 -10 
    2 0     3 0 
  -36 48    52 -28 
   -1 2    -1 2 
    1     1 

    1    -1 
   -1    -1 
   -1     1 
   -1    -1 

   -1     1 
    0     0 
   -2     2 
    1    -1 
   -4     4 
    2     6 
    0     8 
   -4    -4 
    6    -6 
   -6    -6 
    1     1 
    8     4 
    6     2 
   12     8 
    0     8 
   -6   -10 
   14     2 
  -12    -4 
    6    -6 
    0     0 
   -6    14 
    2    10 
  -16   -12 
   -6   -14 
  -18     6 
   14   -18 
    8     8 
    2     6 
   12     4 
    0     0 
    2     6 
   20     4 
   -4   -12 
    8    -8 
    8     0 
  -22    14 
  -12    12 
  -24    -8 
    6   -18 
   -6    14 
   12    -8 
   18   -18 
  -22   -14 
  -10   -26 
  -18     6 
    0    12 
  -28   -16 
   14    -6 
  -16     0 
    8    -4 
   18    10 
   -6   -18 
  -12    20 
   12    20 
   12    28 
   18    18 
    0    28 
   -6    18 
    2   -10 
   32    -8 
   26   -22 
    2   -30 
    2    14 
   26   -26 
  -16    -8 
  -24    12 
    0     0 
   30   -18 
   24    -8 
    8    12 
   20   -20 
   30    -6 
   12    32 
   20    -4 
  -10   -26 
  -18   -34 
   30    26 
   14    26 
    8     4 
   14     6 
   26   -10 
   14    14 
  -10    10 
  -34    -6 
   18    22 
  -12   -36 
   36     8 
   12    20 
   -6    30 
    6    30 
  -10   -14 
   -4   -36 
   -4    20 
   38    18 
   36    28 
   24   -24 
   32    32 
   32    16 
    0    24 
    6    22 
