3 0
100
    1    -1    -1 
   96    56    64 
   24    28    32 
    1     1     1 
    1 0     1 0     1 0 
   96    56    64 
  -25 2   -25 2   -25 2 
    1 0     1 0     1 0 
    0 -48     0 -48     0 -48 
   -1 2    -1 2    -1 2 
    1     1     1 

    1     1    -1 
   -1     1     1 
    1    -1    -1 
    1    -1     1 

   -1    -1     1 
    0     0     0 
    0     0     0 
   -1     1    -1 
    4    -6     2 
    4    -2     2 
    0    -4    -8 
    4     2    -2 
   -6    -2    -2 
    0    10    -6 
   -4     4     8 
   -8    -8     0 
   -6    -2    -6 
    0     6   -10 
  -12     0    -8 
  -12     8    -8 
    4   -10   -10 
    0     4     4 
   12    12    -4 
   12    -8   -16 
   12    -8     0 
    2     2    -6 
   14    -6    -6 
    0    -6    18 
    6   -14     6 
   14     2    10 
    8    -8   -16 
  -20   -16    -8 
    0     0     4 
   12   -12    -4 
   16    12    -4 
   -4     4    -4 
   20   -20     0 
   16     8    24 
   -4   -20   -12 
   -8    -4     4 
   12     0     0 
  -12    16     0 
    0   -22    26 
   -6   -18   -18 
   24   -12   -20 
  -12     4    20 
    4     6    22 
    4    -2   -10 
   -6    10     6 
   24    26    18 
    4   -20    -4 
    8     0    -4 
   -4    -4    -8 
   16     8     0 
  -24     6     6 
    6    10    26 
   24   -12   -16 
    0    20   -16 
   18    -2    18 
    0    -2   -18 
   24   -30    10 
   18   -22    14 
  -16    -8     0 
    4    16   -24 
  -10    -2    22 
  -22   -10   -26 
  -20   -26    22 
   16    12     4 
   20   -12     4 
   24    -8   -24 
  -24     0    -8 
  -24    18    26 
    6   -10    30 
  -20   -12   -12 
    8    -8    20 
  -36   -12    -4 
    0    -4    20 
   28     2    34 
  -20   -26    18 
    0   -18    -2 
   18    -6   -30 
   28    34    14 
    2   -18   -34 
    2     6    -2 
   28    14    14 
  -20   -26    14 
  -16   -32    -8 
  -20   -32     0 
  -24   -24   -36 
  -12    36    20 
   24   -10    14 
   30   -18     2 
  -18   -30    14 
    0    18    -6 
   32    16    16 
    4     0    -8 
   32    24   -24 
  -20    16   -32 
    0   -12    20 
   36    20    12 
   -4    -4    20 
   40    28    20 
  -42    -2    30 
  -24   -30   -38 
