2 0
100
   -1     1 
   40    56 
   20    28 
    1     1 
    1 0     1 0 
   40    56 
   23 2    23 2 
    2 0     1 0 
  -24 24   -48 48 
   -1 2    -1 2 
    2     3 
    0     0 
    0     0 

   -1    -1 
   -1    -1 
    1    -1 
    1     1 

    0     0 
    0     0 
   -1     1 
    0     0 
    2    -2 
   -6    -2 
    4    -4 
   -2     2 
    8     0 
   -2    -2 
    8     0 
   -8     8 
  -12     4 
   -2     6 
    2    10 
    6    -2 
   10    -2 
   -6     2 
  -14    10 
  -16     0 
    8    -8 
   -6    -6 
  -10     6 
   -2     6 
    0     0 
   14    -2 
   -8     8 
   -8     8 
    0    16 
   12    20 
  -20    -4 
   12   -20 
   -8     0 
    4   -12 
    4    20 
   -8   -24 
   -4   -12 
   12   -12 
    6     6 
   16    -8 
  -14    26 
   18    10 
    2    22 
   -6    14 
  -20   -12 
  -14    -6 
   12    -4 
   20   -20 
   16    24 
  -16    16 
   22   -10 
  -12    12 
   -8    -8 
  -24    -8 
   -4    12 
   22   -18 
    2    26 
   12    20 
  -16     0 
   -8    24 
  -22    10 
  -26    22 
  -10     2 
  -12     4 
   12    -4 
    6    -2 
   10    18 
  -22    -6 
   12    28 
  -32   -16 
   36    12 
  -22     2 
   18    26 
  -10    -6 
   -2    26 
  -30    18 
   24     8 
    2    -2 
  -30   -14 
   -6    26 
  -34    10 
  -26   -14 
  -16     0 
   -8    -8 
   12     4 
  -24   -24 
   18    26 
   -8    16 
  -24   -24 
   30   -10 
  -24   -40 
  -20    28 
    8   -40 
   36   -12 
   38    30 
  -18   -10 
   -4    28 
   32   -16 
  -36    -4 
  -14    18 
