1 0
100
   -1 
   46 
   23 
    1 
    1 0 
   46 
   -9 10 
    1 0 
 -112 -8 
   -1 2 
    1 
    0 
    0 

   -1 
   -1 
    1 

    0 
    0 
    2 
    0 
   -1 
    0 
    1 
    1 
    2 
   -5 
   -7 
   -8 
   -3 
   -8 
    5 
   -9 
   -8 
    6 
   -5 
    2 
  -16 
    6 
   -4 
   10 
   -6 
    8 
   -2 
   -8 
    6 
    3 
   -5 
   -3 
   16 
   -2 
   19 
   13 
    8 
   12 
   18 
  -23 
  -14 
   -9 
    2 
   -6 
  -20 
   22 
    6 
   26 
   16 
   14 
    1 
  -18 
   -8 
   24 
  -19 
   -2 
   20 
   12 
    2 
  -32 
  -19 
   -2 
   14 
  -27 
    0 
   -6 
  -14 
   23 
   -9 
   -2 
    0 
   20 
   18 
   26 
   34 
   -3 
  -18 
  -22 
  -30 
    3 
  -22 
  -20 
  -28 
  -29 
   12 
    9 
    6 
   31 
   30 
    6 
  -12 
   37 
    2 
   27 
  -40 
  -27 
   11 
   -4 
   21 
   22 
