2 0
100
    1    -1 
   16    56 
   16    28 
    1     1 
    1 0     1 0 
   16    56 
   41 -10   -19 2 
    1 1     1 0 
  -33 -9   -27 21 
    2 -1     2 -1 
    1     1 

   -1    -1 
    1    -1 
   -1     1 
   -1     1 

   -1    -1 
    0     0 
   -1     1 
    1    -1 
   -2     2 
    1    -1 
    8    -4 
   -6     6 
    6     2 
  -10    -6 
    8     0 
    8    -8 
   10   -10 
   -6    -6 
    0    12 
    8     8 
   -6    -2 
    4     4 
    4     8 
    8     0 
   -8   -12 
   -6    -6 
    2     2 
  -10    10 
  -10   -14 
   18    -6 
    0   -16 
   16    -8 
    4     0 
  -12    -8 
  -12   -20 
   -4    -4 
   -8    16 
   16   -16 
   20    12 
   -4    -4 
   -8    20 
    8    16 
   14   -10 
   -2     6 
   20     8 
   -4   -24 
  -14   -10 
  -22   -18 
    6     2 
    6     6 
  -20     4 
    4   -12 
   16     0 
   -8   -16 
   -6     6 
  -30     6 
    0     4 
    8   -16 
   18   -14 
    2   -22 
  -18    22 
   14   -10 
   32    -8 
    0   -16 
  -18    -2 
   22    30 
  -14    -2 
  -20    12 
  -28    28 
   32   -16 
    0    24 
  -18   -26 
   22    18 
   28    28 
   12     4 
    4   -12 
    4   -36 
    6   -14 
  -34    10 
   34    26 
   -6     6 
   10   -10 
   14    -2 
   14   -18 
  -30   -10 
  -22   -10 
  -24     8 
   -8    -8 
   12     8 
   -4   -16 
   10    30 
   18    10 
  -18    14 
   -2    42 
   32   -16 
   24   -32 
    8   -16 
   24   -32 
  -28   -20 
  -12    -4 
  -44    20 
  -20     4 
   -2   -26 
    6   -30 
