2 0
100
    1     1 
   60    46 
   30    23 
    1     1 
    1 0     1 0 
   60    46 
   -1 8    -1 8 
    1 0     1 0 
   45 9    45 9 
    2 -1     2 -1 
    3     1 

   -1    -1 
   -1    -1 
   -1    -1 

    0     2 
    0     0 
    0     0 
    0     0 
    2     4 
   -1    -4 
   -6     1 
   -1    -2 
   -6     6 
   -6    -3 
   -7     8 
    5     6 
    6     8 
   12    -5 
   12    -2 
   -6    -6 
    5     6 
   -6    -4 
  -12     2 
    6    11 
    6     8 
    5     7 
    2    13 
  -12     1 
   -6   -12 
   -1    -5 
   17   -17 
   -7    -2 
   12     9 
    0    -4 
   -4   -18 
    5   -15 
    5    19 
   23     2 
   11   -13 
    5    16 
  -12     3 
   18    -3 
   -6    21 
  -24     0 
    0     2 
   -6     0 
   26    -4 
    5    18 
   18    -2 
    6    27 
   23    -6 
   20     7 
   11    -1 
   -1     0 
  -24    30 
  -18    26 
    0    16 
   18    -5 
   18    -2 
    6     6 
    0    -5 
   -6    32 
  -13    -8 
   20    28 
   17    -5 
    5     2 
  -13    10 
  -28     4 
  -28    -1 
  -18    12 
  -12   -18 
   24   -21 
   18   -30 
   -4    -2 
   17     3 
   24     6 
  -18   -12 
  -31    16 
    2    14 
  -12    -7 
   24    26 
   29   -14 
  -22    17 
  -22   -14 
   23   -20 
   35    10 
  -19    27 
   17   -10 
   24    -9 
  -12     5 
    6   -11 
   36    30 
  -12    30 
  -12   -15 
   17   -29 
  -16   -34 
    8    40 
  -25   -24 
   36    16 
  -30    12 
  -19     1 
  -19    20 
    6   -28 
   36    -2 
