4 0
100
   -1     1     1    -1 
    0    36     0    60 
   27    18    33    30 
    1     1     1     1 
    7 0     1 0     5 0     1 0 
   20    36     4    60 
   13 0    -1 26    -1 26    13 0 
    1 0     2 0     2 0     1 0 
  -14 26  -156 12  -156 12   -14 26 
   -1 2    -1 2    -1 2    -1 2 
    2     3     3     2 

    1     1    -1    -1 
   -1    -1     1     1 
   -1     1     1    -1 

   -1    -1     1     1 
    1     1    -1    -1 
    1     1    -2     1 
    0     0     0     0 
   -4     5     2    -1 
    2     2    -1     2 
   -3     6    -9    -6 
   -1    -1     8    -7 
    0     9     9     3 
   -6    -6     6    -6 
    5    -4    -1    -4 
    8    -1    -4     5 
    3    -6    -6     6 
  -12     6     9    -6 
   -3   -12     6     0 
   -3     6     6     6 
   -4    -4    -4    -4 
  -12    15    -3     9 
   -6    12     9     0 
   12   -15     9    -3 
   -6    12   -15   -12 
    2     2    -7   -10 
   -4    -4    -1   -16 
    3    12     6    12 
   -3     6    -9     6 
   -4    14   -10    14 
   20    -7    -7     5 
  -16     2    -4     2 
  -12    -3     6    -3 
    0     0    -6   -12 
   14    14     5   -22 
    2   -16    14    -4 
   11    20    11   -16 
    2    11    20    -7 
  -22    14    14    14 
    2     2   -16     2 
  -18     0   -21     0 
  -24    12    24   -12 
   12    -6     6    -6 
    0    -9   -21    21 
   21   -15   -15    -9 
   12   -24    -3   -24 
   14    -4    20     8 
    2   -16    -4    -4 
  -21   -12    -6   -12 
   -3     6    24   -18 
   11    20   -13    -4 
  -28    -1     2    23 
  -19     8     8    20 
  -16   -25     8   -19 
   21    21     9    -3 
   -6   -24     0    24 
  -15    12     9   -12 
   -3    24     0    12 
   -3     6   -12   -30 
  -12     6     6   -18 
  -21   -12   -24     0 
  -18   -18    -3    -6 
  -16    11    -7    -1 
  -31    -4   -28    20 
  -10   -19    20    17 
  -19     8     8   -16 
  -16     2    -4     2 
    8   -28    17     8 
   26   -10   -10    26 
  -18     9    30     3 
   -6     3    30   -15 
    6   -21    24    15 
  -12    33    -6    27 
   20    -7   -31    -1 
   -4     5   -10   -19 
   24   -12    12   -24 
  -12    24    -9   -24 
  -22     5    -7    23 
   29     2    23    26 
   21    21     6   -27 
   30    12   -24   -24 
  -25     2     2   -34 
   17     8     8     8 
    8    -1    26    35 
   26     8     8     8 
   -4    -4    14    -4 
   38    29   -19    17 
   29   -34   -10    26 
   -3   -39     6     9 
   36    18    18    -6 
  -12   -12    15   -24 
   33    33    42   -33 
    3    -6    30   -42 
   39    30    24   -18 
  -34    -7     8    29 
   41    -4   -34     8 
   -4    -4     8    20 
   17    26    20    38 
   33    15    12   -15 
  -30     6    33    -6 
   -4    14    26    14 
   14   -22    35    14 
  -24     3    15   -15 
    0     9    18    21 
